0
0
0
0
0
0
0
0
0
0
0
0
0
0
0
0
0
0
0
0
0
0
0
0
0
1
0
0
0
0
0
0
0
0
0
0
0
0
0
0
0
0
0
0
0
0
0
0
0
0
0
0
0
0
0
0
0
0
0
0
0
0
0
0
0
0
1
0
0
0
0
0
0
0
0
1
0
0
1
0
0
1
0
2
0
0
0
1
1
0
0
0
1
4
0
3
1
1
0
3
1
1
4
5
1
2
7
3
5
3
2
3
5
2
6
12
7
5
4
9
12
8
10
8
12
16
12
18
14
10
27
30
21
19
30
19
20
24
27
33
40
38
33
33
37
45
34
44
37
60
50
43
72
55
72
71
71
58
67
86
90
93
105
92
127
119
129
119
122
138
152
167
161
171
197
179
188
206
218
249
213
232
257
288
256
268
290
333
286
285
349
347
326
353
395
396
377
370
413
404
436
414
470
425
490
482
436
468
474
470
510
465
492
474
484
453
466
497
510
492
484
521
503
512
532
524
516
506
552
534
501
513
499
507
505
546
529
504
535
570
552
529
533
508
511
551
558
583
554
552
548
570
560
527
562
553
598
576
558
557
558
575
582
559
556
570
587
535
578
526
580
568
590
568
576
557
571
565
618
617
599
560
627
584
568
584
594
626
607
631
629
587
579
586
625
602
595
576
592
592
575
603
613
598
560
596
635
603
608
606
597
558
578
616
633
592
559
607
633
625
593
570
599
595
590
599
619
593
619
624
597
605
607
579
592
620
584
583
627
609
567
552
592
627
556
581
562
594
608
556
609
623
578
584
619
616
609
639
599
577
549
600
635
543
542
580
560
584
568
613
562
573
585
602
619
623
622
577
614
597
641
589
588
613
595
633
632
605
588
629
581
599
600
615
615
615
625
601
613
574
613
644
588
600
605
603
551
582
588
667
628
560
638
582
591
608
597
624
633
640
643
636
575
555
592
585
617
613
603
654
618
673
603
620
629
608
625
607
630
661
653
650
631
659
677
618
594
624
641
644
622
662
646
575
643
677
593
660
685
603
630
693
670
656
679
662
629
642
632
626
667
657
693
685
656
652
690
679
693
641
669
617
734
688
692
645
654
638
699
653
649
673
684
658
704
687
653
715
655
719
706
696
667
750
653
688
709
660
705
707
731
706
706
687
748
713
735
666
686
678
726
681
694
699
700
714
678
715
675
662
680
700
732
708
730
639
722
701
701
666
694
668
690
689
725
711
681
716
681
716
645
687
675
682
666
664
674
658
698
717
678
657
645
695
663
671
666
676
633
617
707
703
662
624
665
664
650
636
629
615
654
627
618
640
658
620
581
640
664
662
663
623
625
662
622
630
616
635
626
614
618
652
637
625
588
584
594
570
569
596
593
581
641
605
601
586
572
595
587
535
589
578
547
577
558
531
594
577
554
518
599
563
569
547
576
541
537
573
512
591
493
528
562
550
542
519
544
526
527
563
537
529
490
507
531
533
545
510
531
495
521
559
516
570
527
521
470
504
497
524
498
535
507
578
467
533
445
474
500
510
463
464
486
510
495
522
493
479
516
506
512
491
492
479
453
491
467
501
468
479
476
512
478
464
489
487
469
461
458
489
468
490
442
456
489
466
471
458
469
434
471
449
467
416
424
451
436
504
441
396
454
485
444
433
442
466
487
484
480
454
404
476
431
398
463
463
404
415
445
444
418
490
438
433
415
429
436
449
430
429
429
418
416
437
405
428
428
394
448
399
388
376
431
439
471
420
370
431
441
444
416
410
412
419
436
454
422
428
395
388
445
416
403
391
395
402
388
427
410
421
386
425
398
408
373
404
411
373
440
421
409
388
397
425
413
379
445
403
387
380
404
373
417
386
379
390
386
426
422
380
380
393
410
344
391
369
382
424
417
409
338
360
381
378
405
362
373
356
383
379
374
335
378
383
405
368
341
350
357
374
375
345
360
347
360
397
388
403
394
380
381
374
359
363
367
361
362
386
358
400
354
406
349
387
365
377
365
332
357
359
379
350
362
372
370
351
355
369
390
394
366
363
407
361
351
393
361
361
362
387
359
370
326
335
386
352
342
361
381
356
336
367
314
367
366
380
358
343
325
330
346
353
374
346
347
379
331
335
342
394
353
335
370
343
310
383
368
316
316
330
360
359
337
353
356
385
341
364
360
324
359
332
368
332
333
327
353
349
324
357
352
331
364
343
360
332
333
329
326
356
354
317
356
345
363
368
357
360
312
353
366
304
318
320
354
334
342
343
338
307
301
366
331
353
331
314
342
347
327
351
317
355
334
326
355
308
286
334
317
308
335
346
308
321
323
322
352
309
311
314
355
331
327
329
356
358
314
352
346
349
328
359
340
350
323
356
339
323
368
318
339
326
360
304
297
335
333
338
348
319
366
336
324
386
321
352
300
334
307
344
291
367
347
314
335
305
297
326
335
312
305
297
349
322
351
366
334
296
319
339
321
357
340
309
322
339
310
345
305
342
302
298
338
320
329
309
285
330
312
305
315
327
299
290
334
321
329
310
315
323
355
331
318
298
346
320
330
336
321
310
316
345
346
290
293
288
325
334
336
312
344
323
307
326
328
308
335
314
329
330
338
310
330
322
316
303
324
296
307
336
300
289
301
268
283
321
272
319
296
300
316
316
304
315
258
284
333
278
316
297
294
295
290
280
295
335
288
277
321
272
293
276
311
272
287
288
271
266
284
321
305
294
323
278
288
283
246
279
265
259
289
266
289
265
288
251
298
280
270
257
263
279
254
271
306
244
292
254
267
245
273
252
253
283
242
259
262
243
254
247
246
256
237
242
242
246
249
248
244
217
230
233
251
252
236
238
209
232
222
225
249
223
233
224
211
186
206
199
215
234
219
230
200
210
213
177
177
216
206
195
183
187
176
230
189
180
191
194
188
174
224
177
168
170
196
168
172
179
152
189
155
175
174
167
162
150
204
173
164
169
165
187
161
193
159
168
157
165
161
144
176
156
154
154
139
177
161
147
149
152
143
160
126
145
149
142
151
150
147
141
165
146
144
127
141
122
152
137
139
142
133
149
127
130
147
146
130
123
128
136
136
123
156
122
151
142
126
126
144
134
139
140
123
126
130
136
116
120
155
118
125
130
131
112
116
111
128
110
117
131
125
131
118
120
106
121
126
104
115
105
118
113
106
106
95
133
129
136
117
107
119
124
128
108
122
121
107
116
105
103
124
109
123
117
93
119
125
108
116
118
107
87
125
116
108
87
124
93
101
89
97
107
113
99
107
112
87
115
98
118
97
107
107
92
115
115
119
88
88
109
104
91
106
107
118
92
98
88
87
82
94
101
94
93
97
88
98
102
104
88
79
95
98
90
125
95
85
99
107
105
93
97
83
106
93
106
86
77
98
107
89
85
95
85
98
101
106
93
87
105
88
84
83
93
102
94
85
93
79
85
81
100
90
95
96
86
84
86
95
90
104
110
90
109
84
107
115
104
99
100
98
107
110
108
94
80
91
88
97
93
92
95
103
75
84
89
111
89
92
104
112
94
108
106
105
110
98
120
99
88
104
107
107
111
102
120
125
122
123
131
120
103
132
111
129
94
122
124
121
128
119
153
108
107
111
122
131
127
130
152
144
115
140
141
152
148
161
161
145
154
163
151
165
173
181
171
213
163
174
212
195
194
197
209
236
233
213
213
233
218
253
239
206
251
242
250
256
266
245
271
318
277
256
294
285
314
343
320
325
306
339
333
367
365
384
380
339
399
386
365
437
446
392
421
432
456
424
443
446
463
478
493
476
507
520
550
508
531
545
578
548
534
563
577
595
615
626
624
627
636
644
656
713
700
712
676
728
759
725
772
810
750
778
822
798
793
797
844
816
830
858
914
896
872
940
869
903
931
948
934
925
929
963
1016
977
988
1004
1035
1011
1048
984
985
1045
1142
1041
1054
1057
1140
1123
1053
1121
1075
1083
1124
1142
1081
1071
1129
1146
1169
1078
1149
1184
1116
1119
1149
1145
1184
1125
1169
1111
1217
1202
1194
1206
1159
1142
1186
1149
1265
1178
1226
1173
1190
1188
1178
1171
1111
1091
1216
1146
1161
1094
1169
1132
1146
1081
1136
1058
1078
1058
1105
1061
1107
1085
1039
1067
1067
1026
1077
1028
986
950
995
1001
924
949
985
999
917
958
961
919
922
836
878
938
875
864
873
850
825
815
800
769
842
793
764
758
750
729
762
742
668
648
644
689
680
611
609
605
637
607
640
545
564
597
558
563
556
548
510
485
495
504
456
447
443
442
430
432
403
398
418
411
384
361
394
369
400
347
346
332
324
312
337
324
332
297
305
281
272
282
252
264
270
229
242
226
247
253
211
186
222
197
201
198
173
175
181
211
160
186
150
154
157
133
139
158
120
137
138
144
124
141
131
143
123
108
109
121
86
111
89
100
93
118
78
79
91
87
84
88
85
63
72
85
79
67
72
59
58
57
64
59
57
49
59
46
38
57
47
58
51
39
43
41
34
54
45
47
46
33
40
41
43
40
36
41
30
50
39
34
34
38
46
34
26
35
29
17
29
36
33
36
39
31
29
27
39
30
19
31
22
37
29
25
22
25
18
34
28
34
21
25
27
25
22
24
23
22
19
27
23
14
16
22
29
32
23
20
15
21
17
21
24
19
21
19
17
17
20
27
17
13
24
25
25
24
22
20
14
21
22
19
24
24
25
14
19
21
19
19
15
32
10
17
20
22
17
15
14
17
14
17
16
20
19
17
23
9
20
11
16
11
17
11
13
17
13
19
17
20
20
13
22
19
18
19
19
19
19
15
10
15
16
21
12
17
17
14
16
20
16
16
15
16
14
18
14
24
21
14
21
13
14
10
11
20
14
19
17
20
22
18
18
17
15
18
25
18
7
16
14
19
17
18
13
11
13
16
12
10
11
12
13
11
17
13
11
16
14
12
19
17
16
9
17
18
13
16
20
18
12
10
8
13
11
11
14
8
11
16
20
16
6
16
17
12
18
15
14
13
18
19
14
14
11
17
20
15
18
17
11
10
15
10
14
14
7
11
14
15
15
13
16
16
14
8
14
10
9
16
11
15
6
12
20
10
8
19
13
16
17
16
16
20
17
13
13
13
9
10
16
17
14
11
14
13
13
17
12
9
17
7
13
17
14
10
17
12
9
14
10
11
14
13
10
18
12
17
24
20
12
8
13
18
14
14
10
12
9
15
16
10
11
14
17
14
10
11
16
15
8
13
9
11
14
10
16
15
21
10
18
7
4
9
11
7
14
18
13
15
8
18
9
9
15
13
11
13
5
19
13
8
8
11
16
11
12
10
8
17
9
14
13
8
9
11
13
22
7
16
12
11
6
13
9
10
9
12
8
7
8
8
11
16
6
9
7
7
7
10
9
10
10
5
13
14
11
14
6
7
15
6
13
11
12
16
6
9
10
7
4
5
14
5
7
14
13
5
12
11
10
9
8
12
9
9
14
8
3
12
6
8
9
8
4
10
9
6
6
7
7
6
7
9
11
9
12
10
9
11
8
11
19
12
6
9
4
15
11
5
7
7
12
5
7
15
13
7
7
10
12
6
9
12
11
7
7
4
10
13
11
7
13
9
10
7
12
11
14
6
5
6
9
9
11
3
11
10
4
11
7
12
4
9
7
8
2
4
7
5
5
8
7
4
12
8
10
6
10
10
10
5
7
4
10
9
5
10
8
6
11
5
5
10
8
9
6
6
5
8
7
8
11
6
6
3
3
2
2
6
11
5
3
7
9
6
2
9
10
12
7
9
13
11
7
10
4
9
5
10
5
11
7
4
12
6
8
5
6
12
7
10
6
9
8
7
7
4
7
6
2
1
10
7
5
8
5
5
8
5
9
5
6
13
4
8
6
4
7
4
10
7
7
3
14
9
5
9
4
8
13
5
7
11
6
4
8
2
2
7
3
8
6
8
4
13
3
9
5
8
6
4
7
3
5
7
4
5
4
7
5
7
4
5
9
7
5
7
10
7
4
4
6
2
5
8
5
7
6
8
2
7
8
3
7
6
10
6
3
4
5
2
3
4
3
3
6
6
8
5
6
5
4
5
9
8
4
5
5
4
8
5
7
8
2
5
3
3
6
4
11
13
10
6
7
8
6
5
6
0
6
17
6
4
4
1
3
9
4
1
5
10
7
7
9
2
6
5
4
7
9
7
1
4
8
3
7
6
3
5
3
9
9
4
6
4
4
5
4
6
4
1
1
4
4
5
6
7
5
4
2
8
6
1
14
9
3
4
3
3
7
8
4
5
5
3
4
7
9
2
4
1
4
5
7
5
4
5
5
2
6
2
2
5
3
11
5
6
3
2
3
2
1
4
4
4
6
4
6
3
6
4
4
5
5
2
7
9
5
6
4
4
7
3
7
6
8
5
4
10
6
6
6
6
6
4
3
2
6
3
2
3
7
5
3
5
5
4
3
0
4
3
8
7
6
4
3
3
3
7
3
2
4
8
5
2
2
1
3
3
2
5
3
4
4
2
7
5
4
3
6
4
7
6
1
5
2
5
4
4
3
8
7
4
5
7
4
5
5
9
5
6
5
3
7
3
1
6
6
4
2
2
4
3
8
4
6
4
2
4
3
6
5
6
1
6
2
1
2
7
3
2
4
2
7
3
5
2
4
2
3
2
3
3
3
6
3
3
5
2
4
1
1
2
2
1
4
3
3
6
3
5
3
4
2
1
5
4
4
4
7
9
9
5
4
5
6
1
3
3
1
3
2
3
2
3
5
1
1
1
3
3
1
5
2
4
3
6
6
4
2
5
3
4
2
4
7
5
6
1
3
3
1
2
6
6
6
4
4
3
2
4
4
4
5
2
4
2
1
5
5
5
4
5
2
2
1
4
4
4
4
2
2
3
6
3
2
5
5
3
0
3
3
3
0
1
3
2
0
1
7
1
1
3
3
1
4
6
1
9
5
3
4
0
1
4
3
4
4
0
1
4
5
2
3
3
4
3
3
7
4
3
4
4
1
3
4
3
2
1
6
7
3
5
3
0
1
6
0
9
1
5
0
3
2
3
4
2
2
3
2
2
7
2
3
1
5
3
3
4
2
6
3
2
1
4
2
3
7
3
1
1
3
2
4
3
3
5
0
4
6
2
4
2
3
1
1
2
2
2
4
2
1
1
1
1
2
0
3
7
4
1
2
3
2
3
2
1
1
1
3
4
0
4
5
1
3
2
0
4
7
7
2
2
3
3
3
1
2
4
0
2
3
5
4
4
0
1
2
2
0
5
1
3
2
3
3
3
3
1
1
2
3
1
2
4
3
2
0
2
1
5
3
3
0
4
1
2
1
4
4
2
1
1
3
2
0
1
2
3
3
2
3
2
3
4
4
1
3
4
3
1
5
4
3
3
2
5
3
2
1
2
2
3
2
1
1
2
1
4
1
2
4
2
4
1
4
5
1
4
3
5
2
2
0
3
1
2
2
4
3
4
2
2
2
1
4
0
2
5
1
2
2
2
0
3
3
3
4
4
2
3
2
2
1
1
4
4
1
2
2
2
4
3
4
6
0
2
2
3
5
2
2
2
4
1
3
2
6
1
4
4
1
3
4
3
1
1
0
3
2
7
2
0
0
0
3
4
3
2
0
1
3
5
6
2
2
2
4
3
1
3
4
5
3
0
7
5
2
6
4
2
1
1
0
1
4
3
2
4
3
5
3
1
2
2
3
0
2
3
2
3
2
4
2
4
5
2
2
2
3
1
1
1
2
3
3
2
5
2
5
1
2
1
5
4
2
6
4
5
3
1
3
3
1
3
3
4
6
1
2
3
1
4
2
4
4
1
2
2
2
3
2
1
2
2
3
2
1
4
2
4
2
6
1
5
0
5
7
4
2
3
2
1
2
6
1
2
2
2
2
2
4
4
3
5
4
1
3
3
3
5
5
6
4
3
3
3
2
0
4
2
2
2
2
2
2
0
1
2
5
2
2
3
4
4
2
2
2
2
5
0
1
1
2
3
2
3
1
3
1
1
1
1
3
0
6
4
4
2
2
1
0
3
3
1
0
1
1
2
2
3
1
1
1
7
0
3
1
1
2
1
1
2
1
2
3
0
2
2
1
2
2
2
0
2
2
3
1
2
5
3
1
2
1
3
1
1
1
2
2
1
2
1
1
3
0
1
1
1
0
2
1
1
0
1
2
4
1
3
1
0
3
2
0
2
3
0
1
1
1
1
1
1
0
1
0
1
0
0
3
2
0
0
0
2
1
0
1
3
1
0
0
1
0
1
3
1
0
1
0
2
1
1
2
0
2
0
1
0
2
2
0
1
1
0
1
1
1
0
0
0
0
1
3
0
0
0
0
2
1
2
1
0
2
0
1
0
0
1
0
2
0
2
1
1
0
2
2
1
0
1
2
0
1
1
0
0
0
1
2
2
1
0
1
3
2
3
0
0
0
3
1
1
2
2
1
1
1
0
2
0
0
0
0
2
1
2
0
0
0
1
0
0
0
1
0
1
1
0
1
0
1
1
3
1
1
0
1
2
0
0
1
2
2
1
0
2
0
1
0
1
1
0
1
1
1
0
1
0
0
0
0
2
2
0
0
1
3
2
2
0
2
0
3
0
0
4
0
3
0
2
1
1
2
0
2
0
1
0
0
0
0
3
4
1
0
0
0
1
1
3
1
1
2
1
0
0
1
1
2
1
0
1
0
0
0
1
2
0
0
0
2
1
2
0
1
3
2
0
1
0
0
1
0
1
0
3
0
1
0
0
0
1
0
1
2
0
1
1
0
0
1
1
0
0
0
0
2
1
0
2
0
1
0
1
1
1
1
1
0
1
1
1
1
0
0
1
0
0
0
0
2
1
1
0
0
0
0
1
1
0
0
0
0
2
0
0
1
1
2
0
0
0
0
0
2
0
0
0
1
1
0
0
0
0
1
0
0
0
0
0
1
0
1
1
1
0
2
0
0
1
1
0
0
0
0
0
0
0
0
1
2
0
0
0
0
0
0
0
1
0
0
0
1
1
1
0
1
0
0
0
0
1
0
0
1
0
1
0
3
0
0
0
0
0
0
0
2
0
0
0
0
1
0
0
0
0
1
1
0
0
0
0
0
1
0
0
0
0
0
0
0
0
0
0
0
1
0
0
0
2
0
0
0
0
0
0
0
0
1
0
2
0
0
0
0
0
0
0
0
0
0
0
2
0
0
0
0
0
0
1
0
1
1
0
1
0
0
0
0
0
0
0
0
0
0
0
0
0
0
0
0
0
1
1
0
0
0
0
0
0
0
0
1
0
0
1
1
1
1
0
2
0
0
1
0
0
0
0
1
0
0
