0
0
0
0
0
0
0
0
0
0
0
0
0
0
0
0
0
0
0
0
0
0
0
0
0
0
0
0
0
0
0
0
0
0
0
0
0
0
0
0
0
0
0
0
0
0
0
0
0
0
0
0
0
0
0
0
0
0
0
0
0
0
0
0
0
0
0
0
0
0
0
0
0
0
0
0
0
0
0
0
0
0
0
0
0
0
0
0
0
0
0
0
0
0
0
0
0
0
0
0
0
0
0
0
0
0
0
0
0
0
0
0
0
0
0
0
0
0
0
0
0
0
0
0
0
0
1
1
1
1
2
0
0
1
1
1
1
1
2
0
1
1
1
2
2
3
2
4
3
3
3
2
5
5
5
6
3
9
11
6
8
8
6
9
12
12
19
13
16
14
12
13
15
26
35
36
21
33
36
36
52
45
69
58
65
59
73
66
83
68
76
95
94
99
103
110
108
108
103
109
102
105
113
103
112
127
146
134
118
124
135
132
86
133
107
114
112
119
119
122
115
122
91
139
99
132
116
118
123
122
109
123
88
104
108
111
112
124
132
100
117
117
115
100
132
114
110
116
109
93
93
107
110
115
107
126
130
138
144
120
97
130
115
108
124
116
115
129
105
132
114
126
129
103
125
120
120
137
136
122
128
131
138
136
130
129
143
147
142
147
143
148
129
148
161
138
151
137
144
138
135
150
157
152
124
133
135
143
148
136
133
126
140
148
154
150
147
139
129
143
139
133
148
113
126
124
136
159
141
144
126
135
134
127
151
143
140
126
128
129
119
135
128
123
143
125
168
119
124
137
129
125
148
124
136
134
112
122
120
140
103
161
139
120
146
129
102
105
141
133
116
134
119
131
134
133
131
127
106
126
109
124
118
123
111
136
130
126
127
111
121
119
122
126
115
117
104
115
107
128
119
112
132
133
114
100
127
127
139
116
119
107
121
112
112
106
119
107
119
115
133
125
143
115
108
112
115
123
107
95
116
127
114
91
94
119
141
106
114
121
123
123
110
118
115
111
115
110
117
128
117
92
132
134
129
96
102
102
112
138
115
136
112
107
116
117
117
119
123
104
119
112
118
114
118
115
96
104
132
115
117
118
106
118
123
114
97
99
106
117
114
120
122
131
109
136
117
131
111
109
100
120
132
142
124
116
123
116
111
107
115
104
120
130
124
121
108
126
144
118
112
106
105
109
135
130
106
128
96
119
124
110
102
128
101
87
113
111
115
106
112
103
103
102
106
106
113
117
119
98
124
118
104
114
112
112
112
85
120
117
112
120
109
120
126
109
111
114
107
109
114
110
108
118
112
119
104
105
113
102
110
107
99
99
110
103
115
99
104
107
111
100
108
108
101
109
105
97
110
100
90
87
95
102
88
101
102
101
88
81
103
77
92
85
94
96
77
96
107
98
90
91
95
118
98
94
94
99
104
76
89
99
87
92
84
88
91
100
100
104
99
100
95
89
89
81
89
83
85
101
81
85
75
99
90
91
87
77
88
72
88
80
81
83
83
100
96
75
83
80
85
81
75
75
74
93
90
80
78
91
79
98
74
80
76
66
84
89
68
74
82
78
80
82
72
65
82
66
62
65
80
74
76
82
67
73
76
85
62
64
80
83
71
74
92
73
66
80
65
76
57
61
72
72
50
70
56
67
65
70
80
74
68
80
69
72
85
70
54
72
67
67
64
79
78
72
68
61
67
59
60
77
57
63
61
73
72
75
60
70
51
83
62
75
55
62
64
65
58
80
65
55
60
64
55
62
63
66
70
72
69
72
50
66
73
73
71
60
61
55
62
51
51
67
62
61
72
62
67
72
60
55
63
48
51
65
66
52
53
68
66
57
73
62
61
72
61
72
61
72
64
64
55
49
60
74
67
55
49
60
65
60
62
52
49
49
67
78
63
50
74
59
66
47
59
62
54
65
75
58
45
51
72
61
68
55
65
52
65
54
55
56
51
66
64
54
56
68
53
54
68
55
46
62
58
55
62
52
67
56
59
57
62
48
63
48
45
46
56
45
54
62
57
58
42
65
51
54
58
58
48
58
61
46
54
60
49
56
54
63
55
52
55
60
63
50
43
52
65
52
46
51
54
69
52
41
42
53
41
40
52
63
65
56
42
57
70
52
74
48
58
63
43
55
41
52
61
56
60
62
51
53
52
48
55
59
49
56
45
46
60
52
50
52
57
46
43
54
52
43
66
59
75
60
60
60
52
45
55
52
54
43
48
55
55
55
53
48
55
49
46
45
44
51
57
48
47
55
55
61
54
45
46
50
46
59
62
58
43
62
61
43
47
41
48
62
48
57
52
49
46
62
59
45
41
47
55
59
66
66
52
56
42
44
51
39
41
38
50
66
57
55
58
39
49
40
43
43
37
49
46
48
27
60
43
58
40
45
45
48
48
36
37
42
43
52
35
43
54
52
33
49
43
50
65
61
62
55
64
62
42
55
58
49
45
43
46
36
49
45
42
44
48
57
51
47
33
52
55
45
33
39
48
54
55
46
56
58
49
40
33
43
48
54
52
50
48
43
49
41
40
46
47
45
41
45
48
45
57
37
53
57
46
57
41
48
46
40
38
38
41
46
40
45
51
43
39
39
41
56
44
47
43
40
45
40
47
58
52
51
44
55
43
51
32
52
50
49
41
40
53
41
50
36
36
35
59
46
42
47
32
47
42
57
38
51
46
27
53
37
46
39
54
37
51
53
38
41
40
47
39
45
44
52
51
54
39
35
38
42
62
56
36
39
48
43
53
52
43
44
41
38
40
43
47
43
34
45
46
44
38
38
35
36
43
41
38
46
30
35
33
35
40
43
42
39
52
32
46
36
40
48
36
32
38
44
38
34
37
42
32
38
31
35
39
37
31
43
37
31
32
40
37
21
41
34
36
27
38
44
38
40
42
31
26
29
29
25
34
34
34
40
31
32
31
36
27
25
34
34
30
32
29
33
29
24
24
28
29
37
20
30
31
27
27
28
23
26
18
33
30
27
26
28
25
30
35
23
31
25
22
32
31
35
31
28
34
16
23
25
24
27
23
29
22
25
23
17
28
24
24
21
27
29
20
15
22
28
20
22
14
27
24
27
21
26
16
18
20
33
16
22
28
27
27
26
20
23
17
20
22
19
15
21
32
22
17
20
27
22
20
22
15
15
15
24
23
15
13
18
18
18
28
16
24
16
20
25
21
17
27
17
24
20
17
27
18
12
18
19
18
18
14
17
16
18
25
17
16
20
21
17
17
15
14
28
19
15
15
19
24
16
14
20
12
18
17
17
12
21
16
19
16
16
14
15
14
10
20
16
21
21
16
17
12
20
12
13
20
16
16
11
16
16
18
12
16
20
17
23
9
10
12
20
21
13
22
20
17
11
17
9
12
13
19
16
13
17
10
17
17
16
14
11
17
18
10
22
14
14
17
16
19
17
8
13
20
20
14
11
13
17
14
17
19
11
18
16
23
17
20
15
15
17
19
20
10
17
12
17
22
28
22
16
15
17
17
16
16
20
12
17
17
18
17
15
16
10
22
24
17
18
12
15
22
14
18
16
18
9
17
19
15
14
15
17
17
22
21
19
24
11
15
22
8
19
11
14
18
17
20
18
17
21
19
15
15
13
15
15
15
19
10
19
12
14
14
15
11
17
21
17
17
15
14
16
13
21
22
15
14
13
14
19
13
22
16
18
15
26
22
28
28
6
24
18
21
23
20
16
26
22
16
14
21
29
20
34
24
28
22
19
16
16
22
25
23
23
28
32
30
26
20
21
26
33
24
39
35
40
26
35
27
39
35
33
34
38
37
33
46
29
51
44
32
44
38
52
32
39
46
38
43
59
51
68
49
48
59
63
57
64
66
46
50
59
64
76
63
60
79
71
80
69
68
92
63
72
79
80
64
73
73
80
88
92
78
84
103
102
87
97
99
106
110
104
108
120
89
96
115
114
107
131
112
109
125
126
118
131
124
141
126
117
133
134
146
132
154
134
125
151
124
164
135
131
154
154
138
140
148
149
174
171
151
182
154
180
169
146
182
170
173
198
157
157
163
175
174
173
158
163
188
176
193
196
196
152
184
182
180
194
185
156
187
167
138
176
179
175
164
157
163
172
169
177
189
154
155
175
179
161
154
134
170
204
163
158
155
147
175
161
162
183
155
164
143
167
133
156
143
150
152
131
150
131
148
144
130
130
134
133
146
131
119
145
112
107
108
114
120
122
127
115
118
113
107
95
107
83
97
100
111
92
78
97
71
94
91
89
97
72
82
69
66
74
59
72
61
62
64
69
66
53
53
62
52
62
61
67
53
64
37
34
49
53
70
45
36
44
44
24
43
42
33
41
32
38
27
35
31
29
24
37
29
33
23
30
17
22
33
26
15
22
25
20
16
20
26
13
15
12
17
20
11
13
14
20
15
11
5
10
12
10
17
16
7
5
11
10
8
9
3
5
9
7
10
5
12
10
6
7
8
8
7
9
8
7
6
3
6
7
3
5
3
5
7
2
3
6
5
5
3
2
4
4
2
3
3
0
5
5
5
3
3
6
4
2
2
2
2
4
1
3
3
5
4
1
4
1
7
0
1
1
3
3
3
3
3
2
2
1
1
3
0
3
4
4
4
0
0
1
4
2
1
1
4
2
2
2
2
2
2
1
6
3
3
0
1
1
1
4
2
2
5
4
2
1
1
2
5
6
1
1
2
1
2
0
0
0
0
1
2
2
4
1
2
2
2
4
5
4
3
0
2
4
6
2
1
2
1
0
4
1
3
3
2
2
0
1
3
2
3
7
3
2
0
3
5
1
3
2
0
5
2
2
0
2
1
1
1
0
0
3
2
3
2
0
0
2
2
1
2
0
1
3
1
0
2
2
1
5
3
0
0
0
1
3
3
1
3
1
1
1
0
1
1
2
2
1
2
0
0
0
1
2
3
0
4
2
2
2
2
0
1
3
2
5
2
1
2
2
2
3
4
3
0
2
1
2
1
1
1
1
1
1
1
1
4
2
0
0
2
1
1
0
0
1
1
0
1
0
0
2
1
0
0
0
0
2
3
2
0
0
0
1
1
2
3
0
3
0
2
1
0
2
2
0
0
1
1
1
2
2
0
4
3
0
3
2
1
1
0
0
0
1
0
0
2
0
0
0
2
1
0
1
2
0
1
0
1
1
1
1
1
0
2
2
0
0
5
0
0
3
2
1
1
1
5
1
0
3
0
1
0
3
1
1
1
1
0
1
1
2
1
2
2
1
1
0
0
4
5
2
0
1
4
1
0
0
1
0
3
1
3
1
2
2
0
0
1
1
1
0
2
2
1
2
1
1
0
2
0
0
1
1
0
0
4
0
3
0
0
3
1
4
1
0
1
4
1
2
1
1
3
1
1
0
2
2
1
1
2
5
0
0
0
1
0
2
0
1
1
0
1
1
2
2
4
0
3
1
3
0
0
2
1
1
1
5
2
2
3
2
1
2
0
1
2
6
3
1
2
1
1
0
2
2
1
0
1
0
0
2
1
1
0
3
1
2
2
1
1
0
0
0
2
0
5
0
1
2
1
3
1
1
0
4
2
4
1
1
1
1
1
1
4
0
1
1
1
1
2
0
2
1
2
2
2
1
1
0
2
3
1
1
0
1
2
2
1
0
1
3
2
2
0
0
2
1
0
2
1
4
0
1
0
1
0
2
1
3
2
1
3
2
0
0
3
0
2
1
2
2
1
2
1
2
0
0
0
2
1
0
0
0
1
2
1
1
0
0
1
1
0
3
0
1
1
0
2
0
5
0
1
1
0
1
1
3
1
1
2
1
2
1
2
0
1
2
0
1
3
1
0
0
1
0
1
1
2
1
0
0
1
3
0
1
2
0
1
0
1
1
2
1
2
1
0
1
2
0
0
1
1
1
4
0
2
1
1
2
2
0
2
0
1
1
1
2
0
2
1
1
1
0
1
2
0
0
2
2
0
1
2
0
1
1
1
0
2
2
2
0
0
0
1
0
0
0
2
1
2
2
1
1
3
1
3
0
1
1
0
0
0
0
1
1
0
0
0
2
1
0
0
0
1
1
1
0
0
0
0
0
2
0
0
2
1
3
0
2
0
0
2
3
0
0
2
1
1
0
0
2
1
1
0
0
1
1
0
1
3
1
1
0
2
0
1
1
0
2
1
1
0
1
0
0
1
1
0
2
2
0
0
0
3
3
3
0
0
1
1
1
1
1
0
1
1
0
1
1
1
2
0
3
0
0
1
2
0
1
0
0
1
1
0
1
0
1
1
0
1
3
1
0
2
1
1
1
1
1
1
1
1
1
1
0
0
1
1
0
0
0
2
0
0
1
0
1
0
0
2
1
2
1
1
0
2
1
0
0
0
0
0
1
0
0
0
0
0
0
0
1
0
0
0
1
1
1
1
0
1
0
0
3
1
1
0
2
0
0
0
0
1
0
1
0
0
2
3
0
0
0
1
0
4
1
0
0
1
1
1
1
1
0
0
1
1
2
0
2
1
0
0
1
0
1
1
1
1
4
2
0
2
2
1
0
0
1
1
2
2
0
0
0
0
0
1
1
0
0
1
1
2
0
0
1
0
0
1
1
2
0
3
2
0
1
1
0
0
1
0
1
0
2
0
2
1
0
1
1
0
0
1
2
1
2
1
0
0
3
2
3
0
0
0
1
1
0
1
2
3
1
1
0
0
3
0
1
0
0
1
0
2
2
0
3
0
0
2
1
1
1
0
0
0
1
0
1
1
0
1
0
1
2
0
1
2
0
1
2
0
0
0
0
0
2
1
0
1
1
0
2
0
0
1
0
1
0
0
0
0
1
3
1
1
1
0
4
0
2
1
0
0
1
1
0
0
0
0
1
0
1
0
1
1
0
0
0
1
0
0
1
0
0
1
0
0
0
1
1
0
0
1
1
0
1
1
1
1
0
1
1
3
0
1
1
0
1
0
1
1
0
0
0
2
1
0
1
2
0
0
0
2
1
1
0
2
0
0
1
1
0
0
0
0
2
1
2
0
0
0
0
0
0
0
0
1
0
2
0
0
1
1
1
0
1
3
2
0
0
0
1
0
1
1
3
1
1
1
0
0
1
0
0
1
0
0
1
2
1
2
0
0
0
1
0
3
1
1
0
0
0
0
1
0
0
0
0
1
0
0
0
1
2
0
3
1
0
0
0
1
2
0
1
0
1
0
1
1
1
0
1
0
1
1
0
0
0
0
1
0
3
2
2
0
0
1
1
1
1
1
1
1
0
1
0
0
0
0
2
2
1
0
0
1
1
1
3
1
2
1
1
0
0
0
0
0
0
1
1
1
1
1
0
0
0
0
0
1
0
0
0
0
1
1
1
0
0
0
0
1
2
0
0
0
1
0
0
0
0
2
0
0
0
0
0
1
0
1
2
2
2
0
1
0
1
0
0
1
0
0
2
0
2
1
0
0
1
2
0
1
0
1
1
1
1
0
3
1
0
0
0
0
0
1
0
2
0
1
1
1
1
0
1
0
2
1
1
0
0
0
0
0
0
0
2
2
0
0
0
1
1
1
0
1
0
0
0
0
0
0
0
0
0
0
2
0
0
0
1
1
1
2
1
0
1
0
1
1
1
0
1
2
1
1
0
1
0
0
1
0
0
0
0
0
0
0
1
0
0
1
0
0
0
0
0
0
1
0
0
0
0
0
1
0
0
2
0
1
0
0
0
1
0
1
0
0
1
1
0
0
0
0
3
1
2
2
1
1
0
0
1
0
0
0
0
0
0
0
2
0
1
1
0
0
0
0
1
0
0
0
2
1
0
1
0
0
0
0
0
0
0
0
0
1
1
2
0
0
0
0
1
1
0
1
0
0
0
0
0
1
1
1
1
0
0
0
0
0
0
2
0
0
0
1
2
0
0
0
0
0
1
0
0
0
0
2
0
0
1
0
1
0
0
0
0
0
0
1
0
0
1
0
0
0
0
0
0
0
0
0
0
1
0
0
0
0
0
0
0
2
1
1
0
2
0
0
0
0
1
0
0
1
1
0
1
0
1
0
0
0
1
0
0
0
0
1
0
0
0
2
0
0
1
1
0
0
0
0
0
1
1
0
0
1
0
1
0
2
0
0
0
1
0
0
0
0
0
0
0
0
0
0
0
0
0
0
1
0
1
1
0
0
0
1
1
0
0
0
0
1
0
0
0
1
0
0
1
0
0
1
0
0
1
0
0
1
0
1
0
2
1
0
0
0
0
0
0
0
0
0
2
1
1
0
1
0
0
0
1
1
1
0
0
1
0
1
1
0
0
1
1
0
1
1
0
0
1
0
0
0
0
0
0
2
0
1
2
0
0
0
1
1
0
1
2
0
1
0
1
1
3
0
1
0
2
2
1
0
2
0
2
1
0
0
0
1
1
1
0
1
1
0
0
1
0
2
0
0
1
1
0
0
1
2
1
0
0
1
0
2
1
2
0
0
1
2
0
0
3
0
0
0
0
0
0
1
1
0
0
0
0
2
2
0
0
0
2
0
0
0
1
1
0
0
0
1
3
1
2
1
2
1
3
1
2
1
1
0
1
1
1
1
2
0
1
0
0
0
1
1
0
0
1
0
0
0
0
1
2
3
0
1
0
0
1
0
1
0
0
2
1
0
3
1
2
1
0
0
2
1
0
0
1
0
0
1
1
1
1
2
1
2
1
0
1
0
1
3
1
0
1
0
1
0
1
1
1
1
1
0
0
0
1
0
0
0
0
1
1
1
1
1
0
1
2
0
0
0
0
1
1
0
0
2
2
0
0
0
0
0
0
0
1
0
0
0
1
1
2
1
0
1
0
0
1
1
0
0
0
1
0
1
0
0
0
0
2
0
0
0
0
0
1
1
0
0
0
1
1
1
0
0
2
1
0
1
0
1
2
0
1
0
1
0
0
0
0
0
0
0
0
1
0
1
0
0
0
0
1
1
0
1
0
0
1
1
0
0
0
0
0
0
0
0
0
0
0
0
0
0
0
0
2
1
0
0
0
0
0
0
1
1
0
1
0
0
0
0
0
0
1
0
0
0
1
0
0
1
0
1
0
0
0
0
0
0
0
0
0
0
0
0
0
0
0
0
0
0
0
0
0
0
1
0
0
1
1
0
0
1
0
0
1
0
0
0
1
1
0
0
0
0
0
1
0
0
1
0
0
0
1
0
1
0
0
1
0
0
1
0
0
1
1
1
0
0
0
0
0
0
1
1
1
0
1
1
1
0
0
0
0
0
1
0
1
0
1
0
1
0
0
0
0
