0
0
0
0
0
0
0
0
0
0
0
0
0
0
0
0
0
0
0
0
0
0
0
0
0
0
0
0
0
0
0
0
0
0
0
0
0
0
0
0
0
0
0
0
0
0
0
0
0
0
0
0
0
0
0
0
0
0
0
0
0
0
0
0
0
0
0
0
0
0
0
0
0
0
0
0
0
0
0
0
0
0
0
0
0
0
0
0
0
0
0
0
0
0
0
0
0
0
0
0
0
0
0
0
0
0
0
0
0
0
0
0
0
0
0
0
0
0
0
0
0
0
0
0
0
0
0
0
0
0
1
0
0
1
1
0
1
1
0
0
2
0
0
0
0
0
1
0
1
2
2
2
4
1
4
4
5
4
3
6
5
3
1
5
9
13
12
14
6
11
16
18
15
21
20
26
25
24
35
37
42
39
46
49
62
75
57
68
65
67
76
71
84
88
79
89
84
81
110
77
112
103
103
98
97
91
70
101
94
81
75
93
84
106
108
97
112
86
90
82
87
93
85
102
89
73
78
92
105
97
92
91
77
102
86
85
92
99
95
87
95
108
88
78
90
98
89
89
104
112
88
101
97
94
84
99
104
94
103
100
103
96
100
104
86
90
83
117
88
103
98
92
130
95
114
97
112
118
133
93
111
116
107
104
106
105
110
112
135
105
123
106
124
132
106
114
134
126
112
114
123
127
106
116
136
117
132
136
131
127
122
121
123
99
103
117
127
112
107
140
120
119
143
135
118
124
104
115
129
121
137
111
105
127
105
119
115
111
113
121
94
108
109
106
104
103
113
104
118
98
92
112
104
91
107
94
86
99
107
95
106
104
97
102
109
101
93
97
106
102
117
98
90
109
91
90
97
83
86
98
98
99
107
91
87
83
90
91
106
102
84
79
83
106
75
107
95
108
97
86
82
85
87
93
113
107
96
95
86
82
110
87
84
82
104
95
96
91
85
94
111
94
88
83
100
97
103
90
87
96
76
93
110
98
82
84
90
81
97
83
84
90
95
93
98
104
71
87
93
114
93
97
86
94
91
101
83
97
106
87
95
76
93
85
88
106
78
78
99
94
88
88
85
76
87
80
71
76
91
87
84
76
90
77
80
94
84
95
76
94
87
107
90
75
84
80
77
76
83
77
85
82
100
96
79
87
89
86
75
87
98
94
83
80
70
97
67
75
89
78
90
90
91
74
85
86
85
109
85
110
82
88
86
76
68
80
86
84
75
82
80
92
80
70
92
98
101
85
84
77
90
84
95
101
72
72
62
77
85
83
81
85
87
77
89
77
83
86
79
80
70
70
79
94
58
62
73
91
62
74
71
88
83
81
65
72
68
71
65
64
59
67
67
76
55
74
67
70
57
78
61
72
74
58
66
74
66
76
61
75
60
61
61
73
66
54
73
70
57
79
83
68
70
71
85
67
59
75
46
55
59
74
63
63
50
57
48
65
64
70
50
56
59
54
64
58
68
66
61
61
57
58
56
47
40
50
55
55
51
66
44
60
65
61
59
56
61
45
48
51
52
53
63
54
53
55
61
68
42
58
67
45
46
50
45
53
61
71
46
44
50
55
44
54
42
46
65
64
54
59
47
35
40
47
52
46
44
51
49
57
42
37
56
43
46
57
49
41
52
54
46
40
51
60
37
35
47
37
44
38
39
42
36
46
43
43
42
40
41
47
35
39
44
45
33
33
50
42
41
41
40
40
46
37
50
40
35
51
49
41
47
38
46
44
45
39
45
35
40
45
31
53
40
38
39
36
36
53
35
33
42
39
41
39
51
39
33
27
36
34
37
38
40
43
33
43
36
45
44
40
52
36
35
36
42
36
34
35
31
30
51
30
46
40
42
31
44
40
42
43
37
44
32
29
31
35
34
31
36
35
46
39
45
29
39
32
33
44
40
36
34
36
41
46
31
38
43
36
33
31
31
43
35
45
30
30
41
35
40
34
36
34
41
39
39
49
37
31
49
43
37
41
40
35
36
28
42
30
34
38
33
53
34
43
31
31
35
29
34
36
48
33
35
32
38
38
34
43
31
33
31
28
38
31
25
38
27
37
30
45
37
29
28
25
40
34
27
29
38
40
32
25
50
32
29
28
33
29
37
38
40
43
21
37
41
30
38
37
32
37
33
33
35
28
41
32
46
25
26
34
33
37
29
26
27
28
37
34
28
27
34
24
48
39
27
35
34
26
24
19
32
31
31
28
41
25
24
43
39
23
32
30
36
20
28
31
21
27
38
28
30
45
32
33
24
28
48
38
35
40
30
38
31
32
27
36
37
44
40
27
37
33
37
35
30
36
25
32
30
29
36
29
22
36
27
31
28
34
28
24
30
43
36
23
27
30
30
38
32
22
26
27
33
38
29
30
31
35
32
28
37
37
35
28
33
34
28
44
26
34
31
40
31
26
26
26
32
28
22
31
39
33
30
27
27
29
18
26
25
32
31
28
32
23
30
29
35
31
21
30
29
29
36
28
22
21
26
33
29
30
28
35
31
37
27
22
25
29
34
22
28
28
28
25
20
29
34
20
38
33
33
28
21
32
19
28
24
28
26
30
26
35
31
37
28
23
20
34
27
29
19
28
20
28
26
28
31
28
32
38
27
27
34
34
25
27
28
26
30
29
28
32
22
26
29
37
25
20
26
19
21
30
29
33
35
23
26
18
28
31
28
21
18
31
21
25
26
19
24
30
11
37
23
25
22
26
28
29
24
29
27
29
23
30
21
21
28
26
17
30
25
21
26
20
27
31
21
29
28
21
25
22
25
19
26
26
29
35
18
22
33
33
25
26
19
23
26
16
23
23
21
21
27
29
27
25
17
17
19
24
13
11
17
25
26
21
18
27
25
21
29
22
21
19
27
25
15
21
23
24
23
23
18
21
29
17
18
24
21
20
22
17
15
32
20
16
9
33
15
22
18
27
15
17
23
17
15
18
19
20
21
23
21
22
18
17
19
22
11
21
10
16
19
15
19
16
17
12
16
17
17
16
20
4
17
10
13
15
19
13
8
22
7
18
17
15
17
15
16
12
4
14
12
15
14
15
14
13
15
11
9
16
25
14
21
13
16
9
21
29
6
15
14
11
11
14
15
17
13
16
14
19
8
17
7
13
16
16
9
14
13
6
8
13
15
11
12
10
6
17
22
9
12
12
9
20
7
13
9
4
11
12
13
9
15
10
6
14
11
18
10
10
12
9
11
14
7
9
10
11
11
6
8
10
18
9
14
14
12
9
12
8
7
16
11
8
11
13
9
12
8
8
8
8
5
5
9
14
12
11
13
11
13
11
19
4
9
9
10
13
7
11
2
9
13
13
11
15
9
6
7
8
5
10
15
8
8
14
7
16
11
10
9
17
9
9
11
10
13
8
13
11
8
11
9
10
12
8
10
11
7
9
15
7
12
8
5
8
10
13
12
9
13
19
3
11
10
8
9
8
8
11
11
6
10
10
8
8
10
13
11
7
13
9
9
13
7
10
9
7
9
11
4
7
5
6
8
9
9
10
6
9
7
6
12
8
6
7
8
11
8
7
10
7
8
6
14
11
11
8
7
13
8
12
7
8
6
11
10
10
5
9
6
19
3
7
8
6
8
5
4
13
9
9
13
5
11
7
6
6
19
15
10
16
9
9
7
6
6
8
13
15
14
18
8
7
6
7
10
10
10
11
12
12
8
12
10
14
11
11
10
19
9
11
19
17
14
19
24
17
14
14
13
18
15
19
14
18
10
19
20
16
18
17
24
14
15
18
20
9
31
16
22
17
17
19
19
19
21
19
21
22
23
17
27
25
30
37
33
41
35
27
25
28
34
29
21
31
33
33
23
33
35
22
31
43
43
38
33
25
34
36
42
33
36
32
48
37
41
41
49
51
45
45
39
48
40
47
44
59
50
40
62
56
53
55
63
58
57
71
58
52
58
68
62
64
67
67
81
59
91
63
70
75
70
65
75
85
81
68
72
89
82
75
79
106
86
96
73
85
95
94
84
81
91
87
89
74
91
98
108
114
96
90
90
101
96
115
97
123
87
105
99
115
108
98
91
118
100
107
99
100
94
105
98
97
86
91
96
94
93
103
101
97
102
95
121
90
96
101
99
91
105
113
98
111
96
107
95
88
96
100
99
99
86
88
73
99
90
84
103
79
100
91
90
86
93
77
103
84
86
88
72
79
59
69
97
76
75
74
93
67
62
62
57
65
65
60
55
63
55
54
63
65
44
65
53
54
44
46
45
66
38
46
42
50
43
42
41
28
52
42
36
31
42
47
37
32
39
31
36
28
35
35
38
34
32
24
31
21
33
29
23
18
21
31
16
22
24
15
20
13
28
19
20
16
19
10
12
26
12
14
17
12
16
19
10
14
12
14
17
11
11
15
4
13
11
15
9
13
7
8
9
7
3
9
6
8
3
6
5
7
5
12
8
5
5
4
7
10
3
7
6
2
4
3
4
4
4
6
7
4
4
3
2
4
4
2
5
4
3
1
4
4
6
3
4
5
1
3
4
5
1
4
6
1
6
0
4
1
2
4
1
2
1
3
3
2
3
3
5
1
0
1
5
1
3
3
0
1
0
0
1
0
2
4
0
0
3
0
1
1
0
0
1
1
2
2
2
4
2
2
2
4
2
0
1
0
0
0
0
2
3
3
2
2
1
3
1
1
0
0
0
2
3
1
0
4
2
3
2
2
1
2
0
4
0
1
2
1
1
1
3
3
3
0
2
1
2
0
2
0
4
0
2
1
3
2
0
1
4
2
0
3
1
2
1
1
0
0
1
0
3
0
3
2
2
1
0
1
1
1
1
1
2
1
1
2
2
4
2
2
3
2
1
1
2
1
1
1
1
1
2
1
2
1
0
2
2
1
2
2
1
1
0
4
0
5
3
5
1
1
1
3
0
2
2
2
3
3
2
0
2
1
3
0
1
1
3
0
3
0
2
0
2
3
0
0
2
1
0
3
1
2
0
0
0
1
4
1
1
1
6
2
2
3
2
1
1
1
5
1
1
2
0
4
2
1
3
0
1
0
2
0
2
2
2
1
3
1
2
1
1
1
1
2
0
2
2
3
0
1
2
2
1
1
1
1
0
0
3
1
2
0
2
2
2
2
0
1
4
3
4
2
0
1
3
1
2
1
0
2
1
0
2
2
3
1
0
0
0
2
0
3
0
3
1
0
0
0
1
2
2
2
1
2
1
0
1
3
1
0
0
1
0
3
2
1
0
1
3
2
1
2
1
2
2
0
4
1
1
1
2
2
1
2
0
1
1
0
0
0
0
0
0
1
0
2
0
2
2
4
1
0
1
0
0
2
1
1
1
1
1
3
2
1
2
2
0
0
1
1
1
2
1
2
2
1
1
0
0
1
3
3
0
3
3
0
1
2
2
3
0
2
2
2
4
0
1
2
0
1
4
1
0
2
0
4
2
0
1
0
0
0
1
3
2
1
0
0
1
2
2
3
1
1
1
1
0
1
0
1
1
1
1
2
1
1
3
2
0
5
1
3
1
0
1
0
1
1
0
2
4
1
0
1
1
2
1
2
1
0
1
1
1
1
0
0
1
2
1
1
2
1
0
1
1
0
1
1
3
1
2
1
2
1
0
1
2
1
0
1
0
1
0
5
1
0
1
0
2
3
3
2
1
1
2
0
0
0
2
2
1
1
0
1
0
1
0
2
0
1
2
1
1
0
0
1
3
2
3
0
1
0
0
1
0
1
2
1
2
1
0
1
1
2
0
2
1
1
1
2
3
1
2
2
0
0
1
0
0
3
0
1
0
0
0
0
0
1
0
0
1
1
0
1
0
1
0
4
3
1
1
1
0
3
0
1
1
0
2
1
0
0
1
3
1
3
1
3
0
1
0
0
0
3
2
1
2
1
0
1
3
2
2
1
2
2
2
1
0
1
1
1
2
1
0
0
1
0
0
1
1
1
1
0
1
0
2
0
2
0
2
0
3
0
1
0
1
2
4
0
0
0
3
0
0
1
1
3
0
1
0
3
2
1
0
0
1
0
0
0
1
3
0
0
1
0
1
1
0
1
0
0
2
0
0
0
1
1
3
1
0
0
1
1
1
0
0
2
0
0
0
1
0
1
1
0
0
1
0
1
2
0
0
1
0
0
0
1
0
3
1
0
1
2
0
0
0
2
0
1
2
0
2
0
0
3
1
2
1
1
1
2
4
0
1
0
1
2
1
2
0
1
2
1
1
0
1
1
2
0
0
1
1
4
0
2
0
0
0
0
0
1
1
0
1
2
0
2
0
0
1
1
0
1
1
0
1
1
1
1
2
0
0
0
0
1
0
1
1
1
0
1
1
1
0
1
3
0
1
0
1
1
0
0
0
1
0
0
0
0
0
0
0
0
1
0
1
1
1
0
1
1
0
0
0
2
1
0
2
1
1
0
0
0
1
0
1
0
0
0
1
0
0
0
0
2
0
0
1
0
0
1
2
0
0
1
0
1
1
0
1
0
1
1
1
2
0
1
1
1
1
1
1
2
0
0
1
0
1
0
0
1
1
2
0
0
1
0
1
0
1
0
1
0
1
1
1
2
1
0
0
1
0
0
1
0
0
1
3
0
1
0
0
0
1
0
3
0
0
4
1
0
1
4
0
1
1
0
2
3
0
0
1
0
1
2
3
0
1
0
1
0
1
0
0
0
1
2
0
2
1
1
1
1
1
0
2
0
3
0
0
0
0
0
1
0
2
0
0
1
1
1
1
0
1
1
3
0
2
0
0
1
0
2
0
0
0
1
0
0
2
2
0
2
0
1
1
3
2
0
1
0
2
1
1
1
0
1
1
1
0
2
1
1
0
0
2
3
0
0
2
2
0
0
0
0
1
0
0
1
0
0
0
0
1
0
0
1
2
1
2
1
0
0
1
0
1
0
1
1
0
0
2
0
1
0
0
2
1
0
1
0
1
2
0
0
0
0
0
0
0
2
0
1
0
0
3
3
0
0
1
1
2
1
1
0
1
1
1
1
1
0
1
0
2
0
0
0
0
0
1
1
0
1
0
1
0
0
1
1
0
1
0
0
0
0
0
0
0
1
1
0
0
0
1
1
2
1
0
1
0
0
0
0
1
1
0
0
1
1
0
0
0
0
3
1
0
0
2
1
1
1
0
0
0
0
0
0
0
1
2
0
0
1
0
2
0
1
0
0
0
0
1
1
1
0
2
1
2
1
0
1
0
0
1
0
1
1
1
2
0
4
0
1
0
0
0
1
0
2
0
0
2
1
1
0
0
0
0
1
2
1
0
0
0
0
0
1
1
0
0
0
0
1
0
0
0
1
1
1
1
0
1
0
0
0
0
0
1
1
0
1
2
0
0
0
0
0
0
1
0
0
1
1
0
1
0
1
1
0
0
0
0
0
0
0
1
1
0
0
1
0
2
0
0
0
0
0
2
1
1
1
1
0
0
1
0
2
0
0
0
0
0
0
0
5
0
0
0
0
0
0
2
0
1
1
0
1
1
0
0
1
1
0
0
0
0
0
0
1
1
0
0
0
0
0
0
0
2
0
1
0
1
1
1
0
0
0
1
0
0
0
0
1
1
0
0
0
0
0
3
2
1
1
0
1
1
1
1
1
1
0
0
0
0
0
0
0
0
0
0
0
1
0
0
0
0
1
0
0
3
0
0
1
0
0
1
0
0
0
0
2
1
0
0
2
0
0
0
1
1
0
0
0
0
1
0
0
1
1
0
1
0
0
0
0
3
1
1
1
0
0
0
1
0
0
0
0
0
1
0
0
0
0
0
1
1
0
1
0
0
0
0
0
0
1
0
0
1
1
1
0
0
0
0
0
1
0
0
2
0
2
0
0
0
0
1
1
1
0
0
0
0
1
0
0
2
0
1
1
1
0
0
0
0
0
1
0
0
1
1
0
0
0
0
0
0
0
0
0
0
1
0
0
0
0
0
0
0
0
0
0
0
0
0
0
0
0
0
0
0
0
2
0
0
0
0
0
0
0
1
0
1
0
0
1
0
0
1
0
1
0
0
1
0
0
1
0
0
1
0
0
1
0
1
0
1
0
0
0
0
1
0
1
0
1
1
0
0
0
0
0
1
0
0
2
1
0
0
1
2
0
0
0
1
0
0
0
1
0
0
1
0
1
1
1
0
0
1
0
0
2
2
0
0
0
0
1
0
0
1
1
2
0
0
1
0
1
0
0
0
1
1
0
0
0
0
0
0
0
1
0
2
1
0
1
0
0
0
0
0
0
0
0
0
0
1
1
2
2
1
0
0
1
1
0
0
0
2
0
1
1
0
1
0
0
0
1
1
0
0
0
0
1
0
1
1
0
1
0
0
0
1
1
1
1
0
0
0
1
1
0
1
1
1
0
0
0
0
2
0
0
0
1
0
1
2
0
1
1
0
1
1
1
0
0
0
1
0
0
0
1
0
1
0
2
0
1
1
1
3
2
1
1
1
1
1
1
1
0
0
1
1
0
2
1
2
1
1
1
1
0
1
1
4
1
0
0
1
0
1
3
2
2
1
2
0
1
2
1
1
1
2
1
1
1
2
2
0
0
0
0
1
2
0
2
2
0
1
1
1
2
1
0
4
1
1
1
1
2
1
3
0
3
2
0
2
0
0
0
3
0
1
0
0
1
0
0
0
1
0
1
0
0
3
1
1
0
4
2
0
0
0
0
0
0
3
0
0
1
0
1
2
1
1
0
0
1
1
1
0
0
1
1
2
0
1
0
1
1
0
1
1
0
0
0
3
2
0
2
1
1
1
0
2
2
1
1
0
0
0
1
2
0
0
0
0
0
1
0
0
2
0
0
0
0
0
0
2
0
0
0
0
1
0
0
0
0
0
1
0
0
1
0
0
2
0
0
0
0
0
0
0
0
0
1
0
0
0
0
0
1
0
0
0
0
1
1
1
0
1
1
0
1
0
0
0
0
1
0
0
0
0
0
1
0
1
1
2
0
0
0
0
0
0
0
1
0
0
0
2
1
0
0
0
0
1
1
0
0
0
0
1
0
0
0
0
0
2
0
0
0
1
1
1
0
0
1
1
1
0
0
0
0
1
2
1
0
0
0
0
0
0
0
0
0
0
0
0
0
0
0
0
0
0
1
0
0
0
0
0
0
0
0
0
0
0
0
0
0
0
0
0
0
0
0
0
0
1
0
0
0
0
0
1
0
0
0
0
0
0
0
0
0
1
0
0
0
0
1
0
0
0
0
0
0
0
1
0
0
0
0
2
0
1
0
0
0
1
0
0
0
0
0
