0
0
0
0
0
0
0
0
0
0
0
0
0
0
0
0
0
0
0
0
0
0
0
0
0
0
0
0
0
0
0
0
0
0
0
0
0
0
0
0
0
0
0
0
0
0
0
0
0
0
0
0
0
0
0
0
0
0
0
0
0
0
0
0
0
0
0
0
0
0
0
0
0
0
0
0
0
0
0
0
0
0
0
0
0
0
0
0
0
0
0
0
0
0
0
0
0
0
0
0
0
0
0
0
0
0
1
0
0
0
0
0
0
0
0
0
0
0
0
0
0
0
0
0
0
0
0
0
0
0
1
0
3
0
0
0
0
0
0
2
2
0
0
0
1
1
0
0
7
1
4
2
4
1
4
3
0
6
2
7
5
4
4
7
9
14
12
6
14
9
10
9
15
28
20
26
25
28
34
32
40
53
38
58
37
49
61
75
61
73
83
74
73
84
101
87
92
83
95
94
84
90
101
106
103
108
106
114
86
98
105
87
97
93
84
109
88
84
122
93
104
82
111
91
83
95
99
104
102
95
90
112
89
92
99
103
115
98
91
83
84
80
81
97
74
104
85
106
95
100
85
104
101
102
107
95
107
87
98
107
87
98
99
98
106
119
103
113
119
114
120
116
121
113
94
120
142
104
100
131
86
124
107
106
128
114
111
96
130
120
115
98
100
105
122
109
121
87
105
119
120
104
120
114
128
107
112
142
140
118
151
130
121
105
106
107
119
112
150
108
140
148
126
128
132
121
134
109
110
108
125
117
101
107
115
119
116
113
116
122
101
101
94
105
105
114
115
109
93
108
120
116
125
82
108
100
100
94
96
104
102
91
106
94
102
104
83
100
104
106
101
94
92
101
101
83
117
93
102
93
86
112
85
95
86
94
92
100
109
90
103
98
115
89
78
89
90
96
101
101
112
123
91
96
82
99
114
97
73
97
89
97
91
91
105
109
78
85
88
85
90
86
98
103
94
94
92
90
111
110
94
89
86
89
106
81
89
83
95
96
105
125
104
94
95
87
81
91
96
87
82
83
99
88
83
89
96
95
94
78
91
92
81
95
78
85
109
90
89
93
76
72
92
98
83
97
84
70
104
87
102
68
93
94
85
87
100
83
81
91
75
83
88
92
98
89
102
75
83
82
87
86
97
93
92
80
83
96
91
76
92
72
89
96
91
95
98
81
90
91
88
80
93
85
85
87
88
80
85
75
91
84
68
91
88
73
91
85
91
100
87
95
79
100
91
95
90
89
85
76
82
87
94
73
91
89
94
107
85
83
73
77
79
80
68
86
96
95
77
81
79
83
58
93
74
74
78
82
85
96
86
64
81
79
93
76
66
73
89
73
82
71
94
89
79
65
58
60
63
76
73
80
62
64
71
64
58
78
60
80
78
71
72
71
63
73
73
65
74
59
69
72
61
71
68
69
64
70
52
79
60
68
63
71
64
61
63
55
75
66
66
66
67
71
67
61
64
65
63
69
46
55
71
68
56
54
67
60
45
70
63
48
67
66
57
69
66
45
62
61
60
53
62
54
64
76
62
50
54
61
51
81
58
53
51
57
59
58
43
53
68
55
50
52
54
54
55
40
72
45
61
56
47
50
44
54
52
66
66
51
61
63
54
55
55
63
49
51
62
53
58
55
51
54
65
65
44
54
53
48
44
51
53
41
46
59
37
49
60
48
40
39
51
48
33
58
48
51
48
56
51
37
39
53
45
42
52
45
46
54
38
44
45
43
42
35
50
42
51
50
49
42
59
46
50
47
45
45
49
39
48
39
45
42
42
32
56
32
41
42
42
34
48
38
56
42
48
45
37
44
36
52
47
40
38
48
44
54
32
35
58
30
42
46
47
50
38
56
46
45
49
40
39
42
43
40
42
36
67
32
43
34
40
31
53
52
40
41
45
43
40
48
42
37
36
38
40
41
41
58
50
33
43
44
39
50
40
44
32
41
48
40
27
33
41
29
45
33
37
44
25
40
33
39
32
39
35
33
30
42
39
36
29
29
29
32
60
46
23
39
31
29
52
40
40
39
42
39
28
38
29
24
36
46
35
37
34
25
32
33
42
39
42
43
36
42
33
42
46
32
47
34
36
48
31
35
35
26
34
31
43
36
42
35
52
40
39
33
37
26
27
38
35
27
31
44
30
39
46
30
36
26
44
35
29
42
26
33
39
30
47
22
36
35
29
29
29
46
52
34
38
25
35
31
36
31
31
38
36
32
23
37
37
29
42
23
21
38
35
40
30
29
39
33
33
44
33
35
37
26
36
31
41
39
28
37
27
34
28
28
27
40
37
31
33
39
34
33
30
36
33
23
43
33
45
34
25
33
40
31
41
22
36
28
26
47
39
36
31
28
29
40
36
24
36
42
19
35
34
30
29
27
24
42
25
29
30
36
31
41
38
34
34
36
32
26
45
28
36
47
31
26
32
35
34
26
26
33
35
35
26
35
32
25
26
28
32
38
32
27
31
40
31
38
29
24
25
34
34
39
35
29
32
36
26
30
31
34
29
43
30
30
36
31
28
38
36
34
25
35
30
23
35
31
23
27
28
35
30
36
31
32
19
24
26
33
31
31
32
30
38
35
27
31
39
37
34
30
31
19
39
30
21
21
34
30
46
38
38
38
28
31
33
31
27
34
25
31
28
20
29
36
28
29
35
28
21
29
25
24
21
30
27
31
30
31
23
32
37
33
21
29
27
21
32
31
35
18
26
26
26
25
23
27
39
34
29
28
30
41
27
30
29
31
27
32
33
27
33
30
27
29
22
23
33
30
29
32
39
30
23
36
36
26
21
23
28
26
21
29
14
33
19
25
14
22
21
29
25
22
27
31
25
26
26
21
24
26
22
22
25
29
23
29
27
21
23
25
31
25
29
18
17
25
23
16
33
30
24
16
25
28
16
18
23
13
19
21
28
23
25
24
16
18
31
20
21
27
18
19
25
18
27
24
15
24
19
24
17
19
24
20
17
20
15
18
19
18
20
21
18
21
20
27
19
20
17
24
21
29
20
24
15
22
15
18
14
18
16
21
19
10
13
14
20
12
25
15
12
11
19
16
18
16
9
18
22
14
20
21
8
11
23
15
19
13
11
6
18
10
12
15
17
14
10
15
10
16
18
11
9
8
10
8
14
5
20
12
11
11
17
21
15
20
13
9
15
19
16
6
17
11
8
13
18
12
12
10
14
14
14
19
15
18
17
11
14
13
10
10
16
13
13
9
19
13
13
6
13
7
12
11
12
14
18
15
8
11
9
8
12
9
14
11
15
9
10
9
12
13
20
18
11
13
9
13
15
11
17
11
12
14
8
17
10
9
8
10
4
7
11
17
10
11
12
13
8
14
3
12
8
17
14
7
9
14
7
15
10
5
17
14
15
10
15
10
5
10
6
11
16
7
10
9
12
16
5
7
7
8
12
5
10
13
6
8
7
9
8
15
13
8
11
9
12
6
13
13
9
7
12
9
9
11
13
12
10
15
12
9
11
10
13
15
6
10
11
3
12
19
10
11
14
6
8
12
10
16
6
4
20
10
9
13
5
7
8
11
10
9
11
8
12
11
14
7
9
11
14
17
16
13
10
9
6
9
11
9
12
9
14
8
13
9
12
12
12
8
20
7
13
4
15
13
12
9
9
14
7
17
13
13
14
16
18
13
16
13
11
16
14
13
8
15
9
10
9
9
10
18
11
22
9
16
22
16
17
10
14
10
15
16
11
18
18
19
17
12
17
14
19
11
13
15
10
25
14
20
17
13
11
18
14
20
15
21
13
15
21
21
19
19
22
19
20
22
21
29
12
26
31
25
29
30
27
21
26
31
30
29
23
30
36
33
24
23
36
45
38
38
43
27
38
29
36
42
36
38
53
44
53
52
36
40
50
47
44
43
45
38
53
40
50
55
51
60
62
47
64
58
77
67
62
70
67
66
73
64
69
71
79
70
73
64
94
71
79
72
92
72
80
96
64
87
95
94
103
97
87
80
102
99
83
110
91
86
100
104
106
99
111
98
107
97
99
122
100
118
118
112
119
91
90
116
102
98
111
117
107
111
106
113
124
120
124
113
112
118
120
118
101
109
124
101
112
111
108
116
116
126
117
120
131
120
110
118
103
103
101
98
108
100
108
115
110
106
108
107
92
97
117
118
119
97
106
101
114
91
121
86
85
85
81
105
101
79
93
79
93
87
91
102
81
89
85
77
83
71
80
87
81
66
87
71
72
56
80
66
66
67
61
57
60
77
71
48
57
57
58
50
65
47
43
50
45
37
41
49
42
44
52
47
39
36
37
32
37
34
29
33
20
27
32
30
32
27
35
27
31
21
23
23
13
27
25
33
12
26
17
16
14
19
13
14
11
21
12
25
12
15
15
12
17
13
12
11
10
13
6
9
8
1
12
11
6
6
8
6
13
7
12
14
8
13
4
5
6
15
7
3
14
7
6
12
6
2
3
3
12
5
2
5
5
5
6
3
3
4
2
4
5
2
1
3
5
6
1
0
7
2
3
4
4
7
3
3
4
7
0
4
0
4
2
4
3
6
1
5
1
2
4
5
2
2
1
1
2
1
0
1
1
2
2
2
2
5
1
0
3
0
2
3
0
2
2
2
2
1
3
1
1
3
2
0
4
3
0
3
4
5
5
1
2
0
2
1
3
1
1
1
0
1
2
3
4
2
0
1
1
1
2
0
1
1
1
2
2
0
5
1
2
1
1
1
3
1
0
1
1
1
4
1
1
1
0
2
3
0
0
1
1
3
2
2
2
1
0
0
2
5
1
1
3
2
2
1
2
0
4
2
1
2
0
1
3
2
1
1
2
4
0
3
0
0
2
2
2
4
0
2
0
1
1
4
1
3
1
0
0
0
2
3
2
0
2
0
2
3
2
0
1
0
4
0
1
2
2
1
1
3
1
2
1
1
0
0
2
1
0
2
1
2
1
0
2
3
2
2
1
2
1
1
1
1
3
1
1
1
1
0
0
1
1
2
2
3
1
1
1
2
1
2
2
2
4
0
4
0
0
1
3
1
0
0
2
1
1
3
1
0
1
1
1
1
0
2
2
2
0
2
2
0
3
1
2
2
0
0
3
0
1
2
0
2
1
0
1
0
2
0
2
0
3
1
1
1
1
3
0
1
0
1
0
1
2
0
1
1
2
0
1
2
1
0
3
1
0
2
2
0
1
1
0
2
1
1
1
2
1
1
1
2
3
1
1
1
0
2
0
0
1
1
2
2
1
1
2
2
0
2
0
2
0
1
1
1
0
0
2
2
1
2
0
0
0
2
1
2
1
0
3
2
1
1
3
2
0
3
1
2
0
0
2
0
2
0
1
3
1
1
0
0
1
0
2
0
0
1
0
0
1
4
0
0
1
4
3
2
1
0
5
0
0
2
0
3
3
2
0
0
1
1
0
1
2
3
2
0
1
2
0
0
0
1
1
0
0
0
0
2
3
2
1
1
1
3
0
0
1
2
1
2
0
1
1
1
1
0
1
1
0
1
1
0
2
2
1
1
2
2
1
1
1
2
1
1
0
1
2
0
1
4
1
2
0
2
1
0
4
2
0
0
0
2
3
1
0
3
0
4
0
5
2
2
0
1
0
2
0
0
2
3
0
2
0
2
1
0
0
3
3
3
0
1
3
0
0
1
2
0
1
2
0
0
1
0
0
0
0
0
0
1
1
1
1
1
3
0
1
1
0
0
3
0
1
2
0
2
1
2
0
3
1
0
0
0
0
1
0
1
1
3
1
1
2
2
1
1
1
0
0
1
0
2
1
3
1
0
0
0
2
0
0
1
1
2
1
2
1
1
1
0
1
4
1
2
1
0
0
2
1
1
0
1
1
0
1
0
3
0
2
0
3
0
0
1
1
1
1
1
0
0
1
3
2
0
1
4
1
2
0
1
0
1
0
3
4
0
0
2
1
0
1
1
2
0
2
0
0
1
0
0
0
1
0
0
1
0
2
4
2
3
2
1
1
2
0
1
1
0
0
0
3
1
3
0
0
0
1
0
0
2
1
2
1
2
2
1
1
2
0
0
1
0
1
2
0
1
1
0
2
0
0
0
1
2
0
1
2
0
1
0
0
1
1
1
0
1
2
0
0
0
3
0
0
3
3
0
1
0
3
1
1
0
0
1
1
0
1
3
0
1
1
0
0
1
1
0
0
0
0
0
0
1
0
0
0
1
1
1
0
1
0
1
1
0
1
1
0
0
4
1
1
0
1
0
0
0
0
0
0
0
0
0
0
0
0
1
0
2
0
0
0
0
1
0
0
0
0
0
0
0
1
1
0
3
1
0
1
0
1
1
0
2
0
0
1
1
1
1
1
0
0
3
0
0
2
1
3
0
0
1
1
1
1
0
1
2
2
1
0
2
0
0
0
0
1
1
2
0
0
0
0
2
0
0
1
0
0
1
0
0
0
1
1
1
1
1
0
0
1
2
0
3
1
0
1
1
4
1
0
1
0
1
0
0
0
0
1
2
0
1
0
0
1
0
1
1
1
2
1
1
0
0
3
0
1
0
1
1
0
0
2
1
1
2
1
0
0
0
0
1
1
3
0
1
5
0
2
2
1
0
0
0
1
2
0
0
0
2
0
0
0
1
1
0
0
1
2
0
1
1
1
1
0
0
1
1
2
1
1
2
0
0
0
0
1
0
1
1
1
2
1
0
1
1
0
0
2
2
0
1
2
1
0
1
0
0
0
2
2
1
1
1
0
3
2
1
2
1
1
1
2
0
2
1
1
1
2
1
1
1
1
0
0
0
1
0
3
0
1
0
2
1
1
1
1
1
1
2
0
0
1
0
0
1
0
0
1
0
3
1
1
3
0
0
0
0
0
0
0
0
0
0
2
1
2
1
1
0
2
0
4
0
2
2
0
0
1
1
2
0
1
0
1
1
0
0
0
0
1
0
0
3
0
0
0
0
2
2
1
0
2
0
0
0
1
1
0
2
1
2
0
1
0
1
0
0
1
0
1
2
1
0
1
0
0
0
1
3
1
0
0
0
0
0
2
0
1
1
2
1
0
0
1
1
0
0
1
2
1
3
0
1
1
0
1
0
0
0
0
3
3
1
3
0
1
0
2
1
0
1
1
2
1
1
1
2
2
3
1
1
0
0
0
0
1
0
0
4
1
0
0
0
2
0
0
1
0
0
0
0
1
0
1
0
4
1
0
1
1
2
0
1
0
1
0
0
0
0
0
0
1
1
1
2
1
0
0
0
0
0
0
0
0
0
0
1
0
0
1
1
1
0
1
0
0
1
0
1
0
0
1
0
1
0
0
2
1
1
0
1
0
0
2
0
0
2
0
1
0
1
0
2
0
1
2
0
1
1
0
0
0
1
0
1
0
0
0
0
1
1
0
0
1
0
0
1
1
0
1
0
0
0
0
0
0
1
0
2
0
0
1
0
1
0
1
1
0
2
0
0
0
2
0
1
0
1
0
1
1
1
0
0
0
0
0
1
1
1
1
0
0
0
0
0
0
1
0
2
1
0
0
1
0
1
0
0
1
1
0
1
1
0
2
0
0
0
0
0
0
1
0
0
0
0
0
0
0
3
1
0
0
0
1
0
1
0
0
0
1
0
0
0
0
0
0
0
0
0
2
1
0
0
0
1
0
0
0
0
0
0
0
0
0
0
0
0
0
0
0
0
1
1
0
0
0
2
1
1
0
0
0
0
0
0
0
1
0
0
0
1
1
1
0
0
0
1
0
0
0
0
0
0
1
0
0
0
0
0
0
0
0
1
0
0
0
1
0
1
0
1
0
0
1
0
0
0
0
0
1
0
0
0
0
0
0
1
1
0
2
1
0
2
0
0
1
0
0
1
0
0
0
0
1
2
0
1
1
0
0
1
0
0
0
1
1
1
0
0
0
0
1
1
1
1
0
0
0
0
0
0
1
0
0
1
0
1
0
0
3
0
0
2
0
0
1
0
1
0
1
0
0
2
0
1
1
0
1
0
1
1
0
0
0
1
1
0
0
1
0
0
0
0
0
2
2
0
0
0
0
0
0
0
0
0
0
0
1
0
2
1
0
1
1
0
0
3
0
0
1
1
0
0
2
1
0
0
1
1
1
0
0
1
0
0
1
1
0
2
3
0
0
0
1
1
0
0
0
1
0
1
1
2
0
0
0
0
0
0
0
0
0
0
0
0
0
1
1
0
1
2
0
0
0
0
1
0
0
0
0
1
1
0
1
2
1
1
0
0
0
2
1
0
1
0
1
0
0
0
1
1
1
0
1
0
0
1
2
1
1
2
1
0
1
0
0
0
0
1
0
1
1
0
0
0
1
0
0
1
1
0
1
0
1
1
0
0
3
1
0
0
0
0
1
0
2
1
0
0
1
0
3
1
0
1
2
0
1
0
0
0
0
0
0
0
2
0
0
0
2
0
1
1
0
2
0
1
1
0
0
0
1
1
0
1
0
0
0
1
1
1
0
0
1
1
1
1
1
0
1
1
1
0
1
1
2
0
2
1
0
0
2
0
0
1
0
1
3
0
0
3
0
0
3
0
2
1
1
0
1
1
0
0
2
1
1
0
0
2
0
0
0
3
1
0
0
1
0
1
2
0
1
0
0
1
1
2
0
0
0
0
1
0
0
2
0
1
1
2
0
0
0
2
0
2
1
1
0
0
0
0
0
2
0
0
0
1
0
0
2
1
0
0
1
0
0
0
1
1
0
0
2
0
0
1
0
1
0
1
0
1
2
1
0
0
1
0
2
1
1
0
0
1
2
0
0
1
0
1
2
1
0
0
0
1
0
0
0
0
0
1
1
0
0
1
0
0
0
0
0
0
0
0
0
0
0
0
0
0
2
0
0
1
1
0
1
0
1
0
0
0
2
0
0
0
0
1
1
0
0
0
0
0
1
1
0
1
1
1
0
1
0
0
0
1
2
0
0
1
0
0
0
0
1
0
0
1
1
0
0
0
0
2
0
1
0
0
1
0
0
1
0
0
2
1
0
1
1
0
0
0
0
2
0
0
0
0
1
0
0
0
2
0
0
0
0
0
0
1
0
0
0
0
0
1
1
1
0
0
0
0
1
0
0
1
1
1
0
1
0
0
0
0
1
0
0
3
0
0
0
1
0
0
0
0
0
0
0
0
2
0
0
0
0
0
0
0
0
0
1
0
0
0
0
0
0
0
2
0
0
0
0
0
0
0
1
0
1
0
0
0
0
0
1
0
0
0
0
1
0
0
0
0
0
0
0
1
1
0
0
0
0
1
0
0
