0
0
0
0
0
0
0
0
0
0
0
0
0
0
0
0
0
0
0
0
0
0
0
0
0
0
0
0
0
0
0
0
0
0
0
0
0
0
0
0
0
0
0
0
0
0
0
0
0
0
0
0
0
0
0
0
0
0
0
0
0
0
0
0
0
0
0
0
0
0
0
0
0
0
0
0
0
1
0
0
0
0
0
0
0
0
0
0
0
0
0
0
0
0
0
0
0
0
0
0
0
0
0
0
0
0
0
0
0
0
0
0
0
0
0
0
0
0
0
0
0
0
0
0
0
1
2
0
0
0
0
0
0
0
0
0
0
0
1
0
0
2
0
1
0
0
1
1
0
0
3
2
0
2
4
1
3
0
5
8
3
2
9
6
5
6
5
1
7
8
9
15
8
6
10
16
24
17
26
25
26
28
38
37
36
36
42
47
48
55
45
41
44
78
87
74
86
75
88
88
89
89
93
64
84
74
99
91
64
64
93
74
95
75
96
73
78
79
87
76
65
97
74
83
94
75
68
84
87
82
78
93
79
93
85
81
80
80
88
75
98
80
90
59
79
86
84
86
83
91
91
71
84
83
95
69
83
79
70
81
107
81
79
91
80
74
89
83
87
83
67
84
74
83
80
89
77
80
80
92
107
89
96
75
81
94
75
91
112
94
62
86
97
93
107
113
86
104
93
118
110
86
97
90
92
112
102
94
124
104
107
87
90
102
101
120
84
91
100
110
98
97
99
98
94
104
91
99
84
86
97
80
85
114
102
91
97
70
97
93
87
90
75
84
96
86
98
94
89
73
78
105
74
73
95
89
79
100
91
89
75
79
76
87
83
90
81
73
84
84
81
84
81
91
82
72
82
83
88
80
78
73
82
96
82
73
75
101
84
83
76
70
78
70
76
75
83
83
73
71
78
77
85
84
98
80
83
74
83
81
65
76
83
73
76
65
80
82
76
81
102
63
72
69
83
72
82
84
78
96
84
78
78
65
71
64
54
82
72
82
74
79
84
69
79
81
62
83
75
70
83
64
65
76
66
77
79
88
72
77
77
57
67
46
68
69
76
59
82
73
78
61
72
61
71
67
73
76
53
63
82
60
68
71
57
71
62
69
80
79
64
70
82
50
89
89
61
76
86
63
71
60
65
75
83
64
83
58
60
98
54
59
72
61
58
70
70
59
74
67
78
68
72
69
63
76
87
66
64
81
58
67
75
80
71
75
66
65
79
71
72
57
77
56
63
68
67
70
78
62
69
68
64
62
65
65
67
67
70
74
65
67
62
66
69
54
56
66
64
70
70
53
64
58
57
62
67
75
57
70
71
66
71
54
66
69
73
52
62
55
65
56
38
64
60
61
70
58
56
55
60
59
57
56
55
55
47
71
63
57
50
58
53
40
52
43
60
55
48
63
55
33
59
52
47
56
48
36
57
45
44
39
43
33
32
56
44
50
45
50
52
37
47
42
48
48
53
52
42
35
36
40
49
48
44
57
53
36
56
56
54
40
40
47
33
39
40
34
41
35
40
38
44
39
41
42
40
38
26
49
54
50
26
38
33
40
31
40
30
46
39
36
38
40
42
41
32
35
44
43
39
44
25
34
34
26
35
24
35
19
25
40
32
36
26
36
34
28
41
34
25
35
31
30
41
24
28
40
17
31
34
41
33
29
40
29
25
36
23
30
33
34
29
34
27
34
25
43
34
30
34
31
23
30
25
24
31
35
26
29
34
39
22
23
20
22
22
33
31
23
31
20
31
28
35
22
22
36
34
17
17
29
26
28
25
27
22
23
28
27
23
28
18
24
24
37
27
21
24
18
25
22
33
27
19
28
32
29
23
30
29
18
21
22
26
29
23
30
18
31
28
14
26
21
21
20
23
33
29
24
30
23
28
22
25
31
26
26
25
26
18
30
20
18
22
18
16
26
28
25
29
20
20
24
20
21
21
23
20
23
19
26
29
20
28
22
18
24
21
17
23
15
24
21
14
24
22
27
14
19
15
20
24
28
19
23
16
34
17
12
20
27
28
24
22
13
23
12
29
25
12
17
13
28
18
16
17
20
26
17
26
21
20
22
19
19
21
24
17
16
20
19
25
14
16
16
14
22
18
23
19
23
22
14
12
21
19
19
20
17
26
18
21
13
27
15
26
26
24
19
16
24
16
18
18
27
10
17
14
18
20
24
17
25
18
18
20
11
22
22
16
21
13
24
15
24
16
21
18
20
23
21
22
23
16
18
22
18
21
25
17
22
17
18
18
10
13
11
19
16
25
12
18
22
22
15
21
25
14
13
24
16
20
26
21
14
11
21
21
16
22
23
18
15
17
20
16
7
15
21
15
16
24
13
18
16
22
21
24
20
10
15
18
20
14
19
26
14
27
14
18
12
14
14
10
13
13
17
15
10
22
23
19
14
18
12
15
14
18
13
22
19
17
19
15
15
11
14
18
16
15
26
19
21
18
16
14
10
14
18
12
13
14
22
9
17
14
8
12
16
12
16
16
7
20
14
14
12
16
9
19
17
4
13
16
18
21
21
14
14
15
12
9
8
9
14
14
14
20
20
13
14
20
14
14
13
18
12
20
12
9
11
23
12
14
13
9
13
25
13
17
7
10
19
15
12
6
16
13
21
16
17
18
19
8
17
17
14
17
13
15
14
11
12
12
16
8
13
11
20
14
20
12
11
15
14
18
13
9
13
17
21
18
20
10
15
13
14
15
18
11
13
10
13
25
15
15
14
8
13
12
14
23
13
11
15
10
12
12
11
23
13
18
19
16
15
6
17
12
18
15
15
15
13
9
15
13
10
18
12
21
12
16
14
12
8
10
13
17
14
11
8
18
16
11
10
8
8
15
17
13
10
16
9
11
14
10
11
14
5
10
12
10
15
8
13
10
5
5
14
10
15
13
15
10
16
16
5
14
7
11
11
12
7
10
8
4
14
10
10
5
8
13
12
7
17
13
12
14
10
8
6
9
6
10
6
10
10
12
7
12
10
8
8
5
8
8
11
6
9
8
2
6
12
8
6
7
13
2
7
6
12
7
8
14
7
6
3
9
6
8
11
4
13
11
9
5
10
2
5
6
5
13
10
7
5
9
6
1
6
10
14
11
10
8
4
6
9
11
5
12
8
8
6
5
6
6
2
5
2
4
11
14
10
2
9
6
4
6
4
9
9
7
7
8
8
12
10
9
9
10
9
4
8
3
10
5
8
5
7
4
10
12
9
5
7
13
5
5
5
7
5
5
5
7
2
9
6
7
8
12
4
2
5
8
1
1
7
6
3
4
6
6
6
1
3
10
4
4
4
5
1
3
8
6
6
6
7
4
7
6
10
4
4
5
8
4
1
5
7
5
5
8
5
3
6
7
3
4
4
7
8
9
8
4
4
8
4
6
1
8
7
6
2
7
5
5
5
11
10
8
5
3
5
5
6
3
7
7
4
3
5
9
7
9
2
4
6
5
5
5
3
6
8
5
9
7
6
3
4
3
2
4
3
7
9
1
8
7
5
10
4
3
3
5
2
8
5
4
3
7
4
6
9
5
4
5
4
7
2
3
5
8
5
5
3
9
2
7
8
6
4
8
5
8
8
8
6
2
8
6
5
10
6
3
5
6
7
4
8
8
4
9
4
8
4
8
4
6
8
5
6
7
4
9
13
5
3
5
9
6
9
6
7
6
6
5
5
3
11
8
5
3
7
2
10
6
10
5
6
10
6
13
6
5
7
9
12
6
14
3
12
8
10
10
4
8
14
5
10
9
14
16
9
15
13
10
14
12
16
14
14
11
9
13
11
8
12
12
12
12
15
13
19
8
12
12
13
18
15
26
13
19
19
15
13
17
12
18
20
20
19
18
24
17
26
15
19
22
13
17
22
26
20
28
23
14
22
28
34
31
30
29
32
28
28
25
30
32
24
36
25
29
29
30
20
34
32
20
37
32
27
42
37
33
42
35
31
39
34
26
26
36
40
34
38
47
48
50
50
39
38
42
45
57
40
46
47
46
56
46
38
52
48
49
48
48
55
37
61
52
60
44
55
43
44
45
56
53
37
63
41
52
45
63
57
39
42
48
40
50
55
38
47
48
48
47
44
55
53
54
50
47
53
55
40
53
36
55
44
43
53
47
50
41
54
53
51
53
50
48
39
37
35
46
37
40
41
37
35
29
39
31
39
46
38
33
43
37
38
37
42
37
36
39
30
46
28
29
37
26
31
27
31
31
28
35
35
22
23
38
24
22
34
32
24
18
25
23
23
23
17
20
22
15
20
18
15
20
14
7
21
21
11
20
14
17
9
13
18
13
14
9
14
12
10
9
20
18
14
14
7
10
10
8
9
19
12
10
9
15
9
10
6
14
10
3
7
7
11
8
5
4
15
6
7
6
9
3
4
6
4
5
4
5
9
3
5
3
5
1
8
4
6
5
5
3
5
2
3
5
3
1
1
4
1
2
6
1
2
3
4
3
4
3
2
3
1
2
3
2
3
1
1
2
1
2
3
1
2
1
4
0
2
0
3
3
2
1
7
3
3
4
0
4
2
1
3
3
2
1
1
3
3
0
1
0
1
1
0
3
3
1
3
2
5
3
1
3
2
0
1
3
3
4
4
2
1
2
5
1
0
1
1
2
3
1
1
3
3
1
0
2
4
3
1
2
2
0
2
0
0
0
4
2
3
0
3
3
1
2
2
1
3
2
2
2
0
2
0
1
2
1
3
1
3
0
2
2
1
3
3
3
2
1
1
4
1
4
1
3
1
0
1
1
0
1
0
1
1
5
2
2
0
2
1
2
1
0
2
2
2
0
2
2
2
0
1
2
4
1
1
2
1
0
2
4
4
0
2
1
0
1
2
3
0
3
1
3
3
3
0
1
1
2
3
2
1
1
0
2
1
1
1
2
0
2
0
2
2
1
1
1
0
2
1
1
2
2
3
3
3
0
2
1
2
0
2
0
1
0
2
4
0
0
3
1
2
0
1
0
0
1
2
1
1
1
1
2
2
1
0
1
2
0
0
3
2
1
0
0
0
2
0
1
0
2
2
0
0
0
0
1
2
4
1
0
1
1
1
1
0
0
1
0
0
1
0
0
1
0
0
0
1
2
3
0
0
0
1
1
1
2
2
0
0
0
0
0
2
2
0
1
0
2
1
1
0
0
1
0
2
2
2
2
1
2
1
2
1
2
1
0
2
0
1
1
3
3
0
1
3
0
1
3
0
0
1
5
0
0
0
0
1
0
1
3
0
0
1
2
1
0
2
1
2
0
2
3
1
1
1
1
2
0
2
1
0
0
1
1
0
2
2
1
0
2
3
2
2
1
1
0
0
0
2
0
3
2
2
0
0
0
4
2
1
0
0
2
0
0
0
2
1
1
0
3
1
1
1
0
0
0
3
2
3
1
2
1
1
1
0
0
1
1
1
1
0
1
3
1
3
3
2
3
1
0
1
2
1
2
0
2
2
2
2
1
0
0
3
0
0
1
0
3
0
4
2
2
0
1
0
2
1
0
0
1
1
0
2
1
0
3
1
1
0
0
3
2
1
2
0
2
0
1
1
0
2
0
0
3
1
0
2
2
2
3
0
1
1
0
3
1
2
1
0
0
1
1
1
0
1
0
2
0
1
1
1
4
1
0
0
2
0
0
1
3
2
1
0
1
1
1
0
0
0
0
2
3
0
3
0
1
2
0
1
2
1
1
2
1
0
0
1
0
2
0
0
0
1
3
2
2
0
1
3
0
1
0
1
0
0
0
3
1
0
2
0
3
0
2
2
2
0
0
0
1
2
0
3
1
1
2
0
2
0
0
0
1
4
0
1
3
0
1
0
1
1
0
1
4
2
0
0
2
0
0
0
2
2
3
0
3
2
3
0
0
2
1
3
1
0
2
1
1
0
1
1
0
0
1
0
0
1
1
1
0
1
0
2
0
1
1
1
0
0
0
1
2
0
2
1
0
3
0
1
1
2
1
2
2
2
0
2
1
1
0
2
1
2
0
2
0
1
3
0
1
1
0
0
0
2
0
1
1
0
1
0
0
0
3
0
1
3
1
1
0
2
2
0
0
4
0
2
0
0
2
0
1
2
1
4
1
2
1
2
0
1
0
2
0
1
1
0
0
0
1
3
0
0
0
1
2
1
0
3
0
0
1
2
1
0
0
0
1
0
0
0
0
2
1
0
0
1
0
1
0
3
0
0
2
1
0
1
0
1
0
0
0
2
2
1
0
1
0
0
1
0
2
0
0
0
0
0
0
1
2
0
1
0
0
2
2
0
2
2
0
0
0
1
0
1
1
0
3
1
0
1
3
0
1
1
2
3
2
0
1
1
0
0
1
3
0
0
1
0
0
0
1
1
0
0
2
1
0
1
2
0
2
4
1
0
0
2
2
0
1
1
1
0
1
2
0
1
1
2
0
0
1
1
0
0
1
1
1
0
1
3
0
0
3
0
1
2
0
1
1
0
1
1
0
0
2
0
3
1
1
0
1
0
2
1
2
1
0
1
1
0
2
0
0
0
1
3
0
0
0
1
0
1
1
0
1
0
0
0
0
1
1
0
1
6
2
0
0
2
1
0
0
0
0
2
2
2
1
0
1
1
1
1
0
0
0
3
3
1
1
0
0
0
1
0
1
0
2
0
0
0
0
1
1
1
0
0
1
1
1
1
0
2
1
2
0
0
1
0
0
0
1
1
0
0
1
0
1
0
0
1
1
0
0
1
0
1
0
1
1
0
1
2
2
2
2
1
0
1
3
1
1
0
0
0
3
0
0
0
0
1
0
0
1
1
0
0
2
0
2
1
0
1
0
1
1
0
1
0
1
2
1
1
1
2
2
0
1
0
0
0
1
1
3
3
0
0
0
1
0
0
0
0
1
0
1
1
0
0
2
1
0
1
1
0
0
2
0
1
1
0
2
0
0
1
1
1
1
0
1
1
2
0
0
1
0
0
2
0
1
1
2
1
2
0
2
0
0
0
0
0
1
4
1
1
1
1
0
0
0
1
0
0
0
1
1
0
2
1
1
1
0
1
0
2
0
0
0
1
2
0
0
1
1
0
0
0
0
1
0
1
0
0
1
0
0
0
1
0
1
1
0
1
0
1
0
1
0
0
1
0
0
1
0
0
0
0
1
2
0
1
0
1
1
1
1
0
0
0
0
0
0
1
0
0
0
0
1
0
1
0
0
1
1
3
1
0
1
0
0
1
0
0
0
1
0
0
0
2
1
1
2
1
1
0
1
0
1
0
0
0
1
0
1
0
0
0
0
2
0
0
0
0
1
1
1
0
1
0
0
1
2
3
3
2
0
0
0
0
2
3
0
0
0
0
0
0
0
0
0
0
0
0
1
0
1
0
0
1
1
0
0
1
1
0
0
0
0
0
0
0
0
1
0
1
0
0
1
0
1
1
1
0
0
1
0
4
0
2
1
0
0
0
1
2
1
1
0
0
1
0
2
0
0
1
1
3
2
0
0
0
0
0
0
0
0
0
0
0
1
1
1
1
1
0
0
1
0
2
0
0
0
2
1
1
0
1
1
0
1
1
1
3
1
0
0
0
0
0
1
2
1
1
0
0
0
0
0
0
0
1
0
3
0
2
0
0
2
0
0
1
0
0
1
0
0
0
1
0
0
1
0
0
3
0
0
1
1
0
1
1
1
1
0
1
1
0
0
0
1
0
0
0
1
0
0
1
1
1
0
2
0
0
1
0
0
2
0
1
0
0
0
0
0
2
1
0
0
0
0
1
1
0
0
0
0
0
0
0
0
1
0
0
0
1
0
0
0
2
1
0
0
1
1
0
0
0
1
0
1
1
0
0
1
0
0
2
2
0
0
0
0
2
0
0
0
0
0
1
2
0
2
0
2
1
0
0
0
0
1
0
0
1
0
1
1
1
0
1
1
2
0
1
1
0
0
0
0
0
0
1
1
0
0
0
0
0
1
2
0
0
0
1
0
0
1
1
0
0
1
1
2
0
0
0
0
1
0
0
0
0
1
0
0
0
0
0
0
0
0
1
0
0
0
0
1
0
2
0
0
0
0
0
2
0
1
0
0
2
2
1
0
0
0
0
0
2
0
1
1
0
1
1
0
2
2
0
1
1
0
0
1
0
0
0
0
0
0
0
0
1
0
1
1
2
0
2
1
0
0
0
1
1
1
0
1
0
3
1
0
0
0
1
0
1
1
0
1
1
1
0
0
0
0
1
0
1
0
1
0
1
0
1
0
0
0
0
0
1
1
1
0
3
0
0
0
0
1
1
1
0
0
0
0
1
0
1
1
1
1
0
1
1
0
0
0
0
0
0
1
2
1
0
0
0
1
0
1
0
0
0
1
1
0
1
1
0
0
1
0
0
3
1
0
1
3
0
1
0
0
3
0
1
0
1
0
0
0
0
1
0
0
0
2
0
0
1
1
0
4
0
2
0
0
1
1
0
1
1
0
0
1
0
1
2
2
2
1
1
1
1
2
0
3
0
0
1
0
0
0
1
2
0
1
0
2
2
1
0
0
0
0
2
0
0
2
0
1
0
2
0
0
0
0
2
1
2
0
0
2
0
0
0
0
0
2
0
0
1
0
2
0
1
0
1
1
0
0
0
0
1
0
1
1
1
0
0
0
1
1
2
0
1
0
0
0
0
0
0
0
1
0
1
0
0
1
0
0
0
0
1
0
1
1
0
3
0
0
1
1
0
0
1
1
0
0
1
1
0
2
0
1
1
2
0
1
0
1
1
0
1
3
0
0
0
2
2
1
1
1
0
0
0
0
0
1
1
3
1
1
0
0
1
0
0
2
1
0
0
0
0
1
0
0
0
0
0
0
0
0
1
1
0
0
2
0
0
0
1
0
1
0
1
2
0
4
0
0
0
1
0
0
0
1
0
0
0
0
0
0
0
0
0
1
1
1
0
0
2
1
0
0
0
0
1
0
0
0
0
0
1
0
1
0
0
0
0
2
0
0
0
0
0
1
0
0
1
0
0
1
0
1
0
0
0
0
0
0
0
1
0
0
1
0
0
0
0
1
0
0
0
0
0
0
0
1
1
0
1
0
0
0
0
0
1
0
1
0
0
1
0
0
1
0
1
0
0
0
1
1
0
0
0
0
0
1
0
0
1
1
0
0
0
2
0
2
0
0
0
0
2
1
0
2
1
0
0
0
1
1
0
1
0
1
1
2
0
1
1
0
0
0
1
0
1
0
1
0
0
0
0
0
0
0
0
0
0
0
1
1
0
1
1
2
1
0
0
0
0
