0
0
0
0
0
0
0
0
0
0
0
0
0
0
0
0
0
0
0
0
0
0
0
0
0
0
0
0
0
0
0
0
0
0
0
0
0
0
0
0
0
0
0
0
0
0
0
0
0
0
0
0
0
0
0
0
0
0
0
0
0
0
0
0
0
0
0
0
0
0
0
0
0
0
0
0
0
0
0
0
0
0
0
0
0
0
0
0
0
0
0
0
0
0
0
0
0
0
0
0
0
0
0
0
0
0
0
0
0
0
0
0
0
0
0
0
0
0
0
0
0
0
0
0
0
0
0
0
0
1
1
0
0
0
0
1
0
0
1
0
0
2
1
2
0
0
0
1
1
0
1
2
0
1
1
5
1
1
1
4
2
2
7
6
2
2
1
3
4
4
3
11
12
13
14
13
18
18
12
27
26
28
26
36
40
35
43
39
34
50
52
67
70
50
69
66
80
82
73
89
85
89
88
78
69
87
93
76
71
75
69
71
70
70
98
100
82
77
85
89
79
80
89
72
103
76
94
80
85
84
73
75
75
80
89
73
86
85
79
75
66
86
87
80
76
68
67
78
97
85
71
76
87
88
71
83
66
80
89
58
74
85
88
81
73
75
74
78
80
60
94
85
74
78
78
95
85
86
81
69
71
93
108
101
82
86
111
85
90
103
80
102
73
88
105
90
100
94
90
92
92
90
120
85
89
85
86
114
83
108
96
103
87
104
84
99
89
92
102
103
88
109
91
88
76
103
88
83
93
93
93
99
91
84
103
97
77
77
76
101
78
98
87
76
97
93
82
89
80
97
104
82
77
84
93
89
77
89
84
84
78
80
81
63
69
77
95
73
87
85
83
81
73
74
80
79
68
64
86
71
80
80
77
58
65
76
70
77
73
82
73
81
68
66
75
56
74
75
69
64
63
59
83
81
82
73
66
73
68
83
79
69
76
69
61
82
77
64
65
63
59
69
71
76
69
53
72
86
89
63
78
77
54
66
70
58
81
60
71
70
74
74
75
52
50
54
85
79
76
79
72
74
80
91
54
63
66
81
66
68
77
67
60
66
66
62
77
84
78
71
69
80
63
64
65
52
68
61
66
69
70
72
92
63
50
73
57
55
60
83
59
65
55
68
77
72
72
71
65
76
46
69
78
69
52
70
58
60
70
71
58
73
75
75
84
49
48
45
61
68
60
71
70
84
68
61
89
63
55
72
71
70
69
64
70
70
75
50
55
58
67
54
76
42
65
66
65
68
62
60
64
61
56
74
72
63
67
69
59
58
58
55
74
58
55
73
54
49
55
53
71
60
67
60
54
57
51
62
66
57
75
49
50
47
61
54
51
54
50
52
61
58
46
47
51
55
52
45
39
52
70
60
58
42
51
57
51
61
55
64
51
45
49
46
58
48
51
60
41
41
52
47
39
40
43
47
44
44
47
47
43
50
44
62
65
37
46
45
40
40
42
51
40
34
37
46
49
43
43
48
45
43
34
55
31
49
47
37
44
38
34
39
30
41
35
38
38
39
42
32
39
51
36
31
38
41
32
42
41
34
33
34
35
34
38
39
40
35
34
38
41
26
29
33
42
35
41
30
26
31
25
33
31
32
22
26
25
34
24
30
36
27
31
30
35
35
35
26
28
33
36
28
25
33
34
35
29
25
35
34
31
33
24
26
32
35
23
31
31
26
21
25
20
25
22
27
25
30
25
30
32
28
31
26
30
21
34
41
27
25
29
24
29
26
24
38
33
32
20
19
31
28
21
19
23
28
27
34
21
26
24
19
31
23
34
20
32
16
29
22
28
33
23
21
25
27
23
26
30
22
20
25
25
23
22
25
21
22
22
22
19
11
24
24
23
28
23
16
21
17
21
18
32
21
26
31
32
23
20
14
29
29
40
31
22
26
26
27
20
17
24
21
21
17
23
27
28
20
19
20
26
18
17
19
24
24
23
33
21
15
24
27
22
18
19
22
20
21
23
24
20
20
23
26
22
16
29
16
18
22
22
15
20
25
25
18
16
16
17
22
24
19
27
13
26
27
21
23
25
11
17
20
33
21
31
18
12
23
28
18
23
12
19
22
24
24
11
13
22
19
16
13
21
20
18
17
22
19
17
18
15
18
19
20
21
15
24
18
26
22
17
19
18
19
14
20
17
22
23
18
21
17
20
23
21
19
14
18
16
23
21
21
22
23
20
26
22
20
12
12
16
16
19
15
21
16
22
21
14
16
18
22
15
25
19
16
21
19
20
22
16
25
26
20
19
14
14
18
14
16
13
10
20
19
22
13
14
24
9
24
21
8
16
20
19
17
10
20
15
16
21
17
21
17
18
20
13
19
8
14
18
12
16
12
8
24
7
10
18
11
19
10
16
14
15
17
15
17
11
17
14
19
23
7
20
14
18
27
21
13
12
14
12
16
15
14
26
13
14
18
23
14
10
9
19
19
8
11
18
15
11
16
21
14
16
13
10
19
13
8
10
14
18
16
13
12
16
8
10
12
12
12
12
16
12
18
17
19
9
11
18
23
12
17
18
15
12
19
14
10
15
12
10
11
15
12
7
16
11
14
9
20
12
17
9
11
10
17
13
17
19
7
10
16
15
11
15
15
13
11
15
13
16
12
13
14
16
21
16
8
13
12
19
15
14
11
15
15
7
14
12
21
12
14
18
19
8
23
9
21
15
9
15
14
20
19
18
16
12
18
18
12
17
21
13
10
13
12
12
11
9
15
12
15
18
15
15
14
8
13
13
16
11
17
16
12
14
14
16
15
12
12
17
14
16
11
14
12
10
10
12
14
17
10
12
8
15
10
13
9
15
10
10
11
9
12
12
5
12
15
18
15
14
11
10
16
9
18
11
10
8
10
14
18
12
10
11
8
10
11
12
8
13
8
13
9
9
13
13
5
18
9
17
7
5
12
14
5
16
16
7
12
14
9
12
8
7
11
10
12
21
15
10
7
7
7
14
12
13
15
12
4
2
10
9
9
3
5
4
9
5
6
5
13
6
9
5
11
5
6
9
5
5
9
12
4
11
12
6
6
5
8
6
13
8
9
5
4
3
9
10
9
8
9
5
4
8
7
6
6
10
5
7
6
3
5
5
4
10
4
8
7
4
4
8
11
10
10
8
5
7
5
4
9
12
4
10
3
4
2
2
16
8
12
8
2
6
6
9
4
8
7
9
5
5
6
4
12
5
7
6
1
8
5
9
9
6
6
9
7
3
10
6
4
5
5
2
4
5
8
7
7
7
7
2
2
6
7
7
5
7
5
4
4
8
5
8
2
6
2
2
8
5
3
8
8
4
5
5
6
7
4
6
9
6
10
4
6
5
5
7
4
5
5
5
7
8
5
7
6
1
4
2
6
6
3
3
5
7
4
6
5
5
5
10
3
6
5
3
1
6
6
4
6
6
4
3
7
9
6
5
2
4
4
5
4
3
6
6
4
7
7
6
7
0
2
8
3
6
4
4
5
2
6
4
7
7
4
4
9
7
6
2
4
2
9
3
14
10
4
3
2
4
5
4
3
2
6
2
8
6
3
9
8
5
4
4
4
4
4
4
3
6
6
4
5
7
8
5
3
5
3
6
3
4
8
2
5
10
12
6
4
5
6
6
4
7
4
9
4
5
6
5
3
5
2
7
7
8
6
4
8
6
4
8
13
11
6
6
8
8
7
8
5
4
5
4
4
5
4
9
4
6
4
7
10
5
6
6
10
5
10
6
8
9
4
7
9
3
7
6
10
7
11
8
6
7
10
7
8
6
7
10
8
15
8
11
11
8
7
12
12
12
10
10
12
14
13
16
10
10
15
5
16
13
18
13
15
17
13
19
13
13
9
21
13
21
6
13
17
12
20
20
15
18
19
19
13
21
17
14
14
10
22
23
19
26
27
34
28
22
26
22
31
20
30
25
18
24
30
30
34
25
29
27
30
32
40
40
33
24
31
24
33
34
32
35
38
27
29
42
30
36
30
32
40
31
39
32
38
33
55
39
37
48
41
49
44
37
38
39
39
39
46
33
46
42
26
46
45
41
70
48
55
36
59
52
53
30
41
47
46
30
61
37
46
43
50
41
40
57
40
46
45
41
44
41
44
49
58
37
34
48
33
52
36
47
41
36
49
51
40
44
44
51
49
49
42
47
32
54
45
43
32
42
45
39
39
44
29
34
37
31
32
32
45
34
29
32
34
30
32
37
38
36
40
34
27
35
22
31
30
26
28
32
22
27
34
18
19
21
21
25
30
22
31
25
28
23
18
23
16
21
19
11
18
23
27
8
13
18
15
21
13
10
8
16
19
10
13
10
15
10
17
18
13
14
8
5
9
10
12
9
12
9
8
11
11
4
10
11
10
8
12
10
6
10
3
6
6
5
2
6
7
7
9
5
2
4
7
4
2
7
7
4
5
4
4
5
10
5
2
5
2
0
5
4
5
5
6
1
4
2
2
7
2
4
3
4
5
6
4
3
2
5
3
5
2
5
4
1
0
4
1
2
1
4
2
2
4
3
0
2
2
1
2
0
2
2
2
2
1
2
2
3
3
1
1
3
2
3
0
2
2
4
1
2
2
4
2
1
2
1
3
2
1
0
1
2
1
0
1
3
2
2
0
5
2
5
2
4
1
2
2
1
0
0
2
0
1
1
1
3
1
7
2
2
3
2
6
0
0
1
2
3
3
2
1
6
1
2
3
2
2
2
0
0
0
0
4
2
5
3
0
2
1
0
0
3
1
3
1
1
1
0
0
0
0
0
4
0
3
1
1
2
2
0
0
1
1
2
0
4
2
2
1
2
1
3
2
0
1
3
2
0
1
1
4
1
2
1
1
1
1
3
2
1
4
0
0
1
1
3
3
4
2
2
2
2
0
2
3
0
3
3
0
2
0
2
2
0
1
1
0
2
0
2
1
1
0
1
3
1
3
0
1
0
1
0
1
3
1
2
3
0
1
2
0
1
2
1
4
0
1
2
4
0
0
2
2
1
2
2
0
1
0
1
2
2
4
1
2
0
1
2
0
1
2
1
3
2
1
1
1
0
0
0
2
1
2
2
1
1
1
0
0
0
1
0
0
2
1
0
1
0
1
4
2
1
0
0
1
2
1
1
1
1
0
0
2
2
1
1
1
2
0
0
1
0
0
2
2
3
0
1
2
1
0
2
0
1
1
1
0
1
0
3
1
1
0
2
1
0
3
2
1
1
0
0
0
0
0
2
1
0
1
1
1
1
1
0
2
0
1
3
1
1
1
1
2
2
1
4
1
2
1
1
1
1
0
0
1
0
1
2
0
0
2
0
2
1
0
2
0
2
2
0
0
1
0
1
1
0
1
0
0
1
3
3
0
2
1
1
3
3
1
0
1
0
1
1
1
1
1
2
1
3
1
2
1
0
0
3
0
1
0
1
1
2
3
1
6
0
1
2
2
0
1
4
0
4
2
1
1
1
0
1
3
0
0
0
0
1
2
2
2
2
0
1
1
3
0
1
0
1
2
3
0
1
2
0
1
0
3
0
2
1
2
0
0
1
0
3
2
1
0
1
0
0
1
1
1
1
2
1
4
3
1
1
2
0
3
1
4
0
1
1
1
0
0
1
0
1
0
0
3
0
2
2
0
2
0
1
2
3
2
1
2
3
3
2
3
3
2
0
2
0
1
1
3
1
1
3
2
1
1
1
0
1
1
1
2
1
1
0
1
0
3
1
3
0
1
1
1
1
2
1
1
1
0
1
0
1
1
3
2
0
1
0
0
3
3
1
0
1
3
1
0
1
2
2
2
3
2
2
1
3
3
0
2
0
3
0
1
1
1
0
0
1
1
2
1
0
1
1
1
2
2
0
3
1
2
0
1
0
1
3
0
0
1
1
2
3
2
1
1
0
1
3
2
2
1
1
1
3
1
2
1
0
2
2
0
1
0
2
3
1
2
0
2
2
0
0
0
0
2
0
4
3
1
1
2
2
0
2
0
3
2
1
0
2
2
0
2
2
1
3
2
2
4
0
0
2
1
1
2
0
1
3
1
2
1
0
0
2
0
2
0
0
1
0
0
0
0
2
0
1
1
0
1
0
0
0
1
1
1
1
2
2
2
1
1
1
0
0
1
0
2
0
0
0
2
2
0
0
1
1
0
0
0
2
1
1
2
0
2
0
0
1
0
0
1
0
1
3
1
3
0
2
0
0
2
0
1
0
1
1
1
1
1
0
1
0
0
1
1
1
0
1
0
1
1
1
2
1
1
0
0
0
0
0
0
1
0
0
0
0
2
1
1
1
0
0
1
0
1
0
0
0
0
3
1
0
1
0
3
1
0
2
0
0
1
0
0
0
1
0
1
0
1
2
3
1
0
1
1
1
0
3
1
0
2
1
0
1
0
0
0
3
1
1
1
0
1
1
1
0
1
0
0
0
0
0
0
3
1
0
3
1
0
1
1
1
1
0
1
1
1
1
2
0
0
4
1
0
1
0
0
0
0
2
0
0
0
2
0
3
1
0
1
2
1
0
1
0
1
0
1
1
1
1
1
1
0
1
2
0
0
1
2
0
0
1
1
0
0
0
1
1
2
0
2
1
2
1
2
1
1
1
0
0
3
3
1
0
1
1
0
1
0
0
0
0
1
1
0
1
2
1
1
1
1
1
2
0
1
2
1
0
0
0
0
1
2
0
0
0
0
1
0
2
1
0
2
0
1
1
1
0
1
1
0
0
0
1
1
1
1
0
1
0
1
1
1
2
1
0
1
1
1
0
0
0
0
0
0
0
0
0
1
0
0
1
0
1
1
0
0
0
0
1
1
0
1
0
1
0
0
1
0
0
0
1
0
1
1
0
0
0
0
2
1
0
0
2
0
0
1
1
1
2
0
0
1
1
0
2
0
2
2
0
5
1
0
0
1
0
0
1
1
1
1
2
0
1
0
1
2
0
0
0
1
0
1
1
1
2
1
0
0
0
1
0
0
0
0
0
0
0
0
0
2
3
1
1
0
0
0
1
0
1
1
0
0
2
1
0
1
0
0
0
0
2
0
1
0
0
0
0
1
0
0
3
0
0
0
1
0
2
0
2
2
0
0
0
1
0
0
0
0
3
1
1
0
1
0
1
0
1
0
0
1
0
0
4
0
2
1
1
0
4
1
1
0
1
0
0
1
1
0
0
1
0
1
1
0
0
0
2
1
0
1
0
0
1
2
2
0
1
0
0
0
1
1
0
1
2
4
0
1
0
2
2
0
2
1
0
1
0
0
0
1
0
1
1
1
0
0
0
1
0
0
0
1
0
0
0
2
0
0
2
0
1
0
2
0
2
2
2
3
1
0
0
1
0
0
0
0
0
0
1
0
1
1
0
1
1
1
3
2
0
0
1
0
3
1
0
0
0
0
0
0
0
0
1
0
0
0
3
1
1
2
0
0
0
0
1
0
0
1
1
0
2
0
0
1
0
1
2
1
1
0
1
0
1
0
1
0
1
1
1
1
2
2
0
0
1
2
0
1
1
1
0
0
1
0
0
0
3
1
1
0
0
5
0
1
1
2
2
0
0
0
0
0
0
2
1
0
0
3
0
1
0
1
1
1
2
1
1
1
0
0
1
0
0
0
0
1
1
0
0
0
1
0
1
0
0
1
1
2
0
0
1
2
0
1
0
0
0
0
0
0
1
2
0
2
0
0
0
1
0
1
1
2
0
1
0
0
0
0
1
0
0
2
0
0
1
0
0
2
1
0
0
0
1
0
1
0
0
0
1
0
1
0
0
0
2
1
0
0
0
1
0
1
0
0
0
3
0
0
0
0
1
0
0
0
0
0
0
0
0
0
1
0
0
0
0
0
1
0
1
0
0
2
0
0
1
0
1
0
0
0
1
0
1
0
1
0
0
0
1
0
0
0
0
1
0
1
0
0
0
1
1
0
1
0
0
1
0
1
0
2
0
0
0
1
1
0
2
2
0
1
1
0
0
0
0
0
0
1
0
1
0
0
0
0
0
0
0
1
2
0
0
1
0
1
0
0
0
0
1
0
0
0
0
0
0
1
0
0
0
0
0
1
0
1
0
0
0
0
0
0
1
0
1
1
1
0
0
1
0
0
0
0
1
1
1
0
0
1
0
1
1
1
0
1
0
1
0
0
0
0
1
2
1
0
0
1
0
2
0
0
0
2
1
1
1
0
0
0
0
0
1
1
4
1
2
0
1
0
1
1
0
0
0
2
0
0
1
2
1
0
0
0
1
0
0
1
1
0
1
2
0
0
1
1
1
2
1
0
0
0
0
1
0
0
0
1
0
0
2
1
1
0
2
0
0
0
2
1
1
3
0
1
1
1
0
0
0
1
1
0
2
3
0
0
1
1
2
0
0
0
0
0
1
0
1
0
0
0
0
1
0
0
0
0
0
1
1
1
0
0
0
0
0
0
1
0
1
1
2
1
1
0
0
1
2
1
0
0
1
0
3
0
0
0
2
0
1
1
1
1
0
0
0
0
2
1
2
1
1
0
0
0
0
0
0
0
0
1
1
0
1
1
0
1
2
1
0
1
1
1
2
2
1
0
0
1
0
0
3
1
1
1
0
0
1
1
1
4
0
0
2
2
0
2
1
2
1
0
0
2
1
0
1
1
0
1
0
1
1
1
2
0
0
0
0
0
2
1
2
0
1
0
1
2
0
2
0
0
0
1
2
4
1
0
2
1
0
2
0
0
1
1
2
0
1
0
2
1
1
1
0
0
0
1
2
0
1
0
0
1
1
1
1
1
2
0
0
1
0
1
0
0
0
0
1
1
0
0
0
0
1
0
2
2
0
0
2
3
2
0
0
0
0
0
0
0
0
1
0
0
1
0
1
0
1
2
0
1
0
0
1
0
1
0
0
0
0
1
0
0
0
0
0
2
1
0
1
0
1
0
0
0
0
1
0
0
0
2
0
1
0
0
0
0
0
0
0
0
0
0
0
1
0
0
2
2
0
2
0
0
0
1
0
1
0
0
0
0
0
0
0
0
2
1
0
0
0
1
0
0
0
0
0
0
0
0
0
0
1
1
1
1
2
1
0
1
0
0
0
0
0
0
0
0
0
0
1
0
0
0
0
0
0
0
2
0
0
2
1
0
0
0
0
0
0
1
0
0
0
0
1
0
0
0
0
0
0
0
2
2
1
1
0
2
0
0
1
0
0
0
0
0
0
1
0
0
0
0
0
1
2
0
1
0
1
0
1
0
2
0
0
0
0
0
0
1
0
0
0
0
0
0
1
0
0
0
0
1
0
0
0
1
0
0
