0
0
0
0
0
0
0
0
0
0
0
0
0
0
0
0
0
0
0
0
0
0
0
0
0
0
0
0
0
0
0
0
0
0
0
0
0
0
0
0
0
0
0
0
0
0
0
0
0
0
0
0
0
0
0
0
0
0
0
0
0
0
0
0
0
0
0
0
0
0
0
0
0
0
0
0
0
0
0
0
0
0
0
0
0
0
0
0
0
0
0
0
0
0
0
0
0
0
0
0
0
1
0
0
0
0
0
0
0
0
0
0
0
0
0
0
0
0
0
0
1
0
0
0
1
0
0
0
0
1
0
0
0
0
1
0
0
0
1
0
2
0
1
0
1
1
0
1
1
1
5
1
1
0
1
1
4
3
4
1
4
4
1
4
4
6
11
6
3
8
9
8
13
10
10
12
13
12
21
24
29
24
29
25
37
41
35
45
50
53
57
59
48
60
76
70
77
68
69
88
74
77
93
79
75
82
75
83
78
74
72
77
76
90
53
62
81
84
91
85
78
88
86
82
85
93
84
96
66
83
82
62
79
85
80
93
83
80
73
67
91
69
73
69
71
77
75
61
73
71
64
74
90
73
78
64
71
84
79
86
67
67
65
81
81
67
68
85
87
70
60
81
78
88
66
79
78
94
84
71
72
87
77
100
80
98
105
90
78
86
89
98
98
109
86
99
85
80
94
98
93
93
106
96
82
94
101
83
94
94
108
89
82
89
113
91
86
104
104
95
98
106
94
89
85
89
82
75
99
85
94
94
83
85
72
94
87
93
85
74
75
85
73
93
75
88
92
100
97
88
88
74
63
73
82
78
61
72
73
93
85
72
79
89
71
82
63
78
84
82
74
78
73
81
67
83
98
77
69
89
71
82
68
68
77
72
64
58
58
82
73
56
53
74
49
74
62
63
69
60
67
56
78
74
62
68
87
67
56
72
56
70
79
66
58
76
75
77
75
65
65
61
65
63
66
63
74
69
87
77
71
83
70
56
69
63
63
62
68
76
76
71
71
69
77
62
63
73
70
60
72
69
61
73
64
69
68
76
65
62
68
63
68
62
72
68
71
61
53
59
82
67
60
77
58
74
69
76
69
44
76
57
74
61
70
61
61
55
62
85
63
72
71
84
67
62
68
61
64
64
71
63
67
73
65
72
56
61
61
70
59
68
67
59
67
65
74
70
57
86
54
63
60
61
80
73
63
69
63
69
68
57
54
60
62
65
56
64
59
76
57
69
62
50
65
64
65
62
67
49
47
62
69
69
76
53
60
74
58
63
49
79
63
73
47
70
56
63
52
51
55
58
52
60
66
63
59
53
52
52
59
53
59
66
58
61
60
46
57
43
56
35
57
51
48
49
55
50
68
59
45
57
56
40
58
50
39
45
63
38
46
47
50
58
53
54
53
39
41
48
40
57
46
45
43
46
36
54
50
39
55
43
52
47
46
34
39
46
36
44
39
52
36
34
41
57
32
54
39
39
39
41
29
40
42
35
40
39
46
49
40
52
44
37
50
45
35
36
38
42
40
28
28
45
50
24
31
39
48
25
43
34
47
37
32
32
36
35
40
32
41
43
31
43
42
41
36
35
42
35
40
42
34
34
29
31
32
34
29
25
36
30
26
26
39
22
34
28
25
28
30
34
30
31
23
31
34
22
23
33
34
31
35
34
38
42
30
28
23
37
32
28
23
42
24
36
30
27
20
26
35
23
28
22
36
30
31
25
31
23
27
29
27
29
27
28
25
34
21
13
18
20
25
23
20
31
34
27
29
27
23
24
24
32
17
21
29
25
35
22
27
33
23
17
25
28
27
32
34
28
29
16
14
24
21
38
25
28
23
26
22
29
29
27
22
19
19
26
16
31
27
19
22
23
24
29
18
18
30
31
23
26
18
16
23
25
21
27
21
25
20
25
21
26
25
19
17
23
22
20
14
23
15
22
21
19
23
18
29
30
23
17
27
13
22
30
26
35
32
27
23
23
21
16
19
17
24
23
20
23
18
23
16
17
17
23
15
22
17
20
19
23
26
21
23
16
27
18
23
16
23
12
11
17
29
17
19
17
17
17
16
15
20
21
24
15
12
20
26
28
19
19
17
23
30
17
24
25
12
27
21
23
30
22
17
23
17
18
14
14
19
25
13
26
23
30
21
20
20
15
21
18
25
12
15
17
25
21
23
27
25
13
24
23
11
26
13
18
13
22
25
10
14
18
19
17
17
19
22
17
18
23
29
18
20
18
14
28
22
18
22
20
18
17
30
22
16
22
18
19
17
18
16
12
18
11
27
13
17
17
21
22
22
11
16
21
22
12
21
15
15
18
18
11
13
16
22
17
32
15
30
16
19
18
16
18
22
16
27
21
22
18
15
24
14
18
15
18
19
21
16
10
15
16
17
10
9
14
23
16
16
13
16
14
18
23
17
19
17
15
10
22
21
14
21
19
17
19
20
23
20
9
12
16
23
19
14
10
10
12
19
11
9
21
14
12
19
23
17
12
16
14
17
9
18
15
19
8
15
13
15
15
17
15
15
14
12
11
9
14
13
14
13
10
15
18
15
14
12
20
11
9
17
17
17
14
18
17
13
13
24
18
11
9
17
18
16
11
14
13
20
6
17
14
11
15
13
19
19
17
18
7
15
12
9
14
19
16
14
16
20
16
10
14
14
18
21
17
16
15
12
12
12
18
11
15
15
16
15
16
9
16
14
10
7
10
19
14
10
13
13
9
13
19
17
14
9
21
11
7
14
12
15
9
14
12
11
18
16
16
14
15
17
8
11
12
10
9
12
15
10
14
15
9
13
15
11
13
19
9
18
15
13
10
15
14
13
15
9
9
17
10
18
10
18
11
14
12
12
10
16
8
10
9
22
9
15
6
11
14
11
18
8
8
12
13
13
12
16
8
10
14
14
8
11
9
12
14
4
10
11
9
11
11
11
12
13
8
13
12
12
11
6
10
13
7
9
16
7
12
7
6
12
6
8
12
6
4
9
10
10
11
6
11
11
14
16
8
5
15
7
10
6
5
5
6
7
7
6
12
6
11
10
5
7
11
3
8
6
5
10
3
8
11
7
8
9
6
11
3
8
8
7
9
7
7
7
4
2
12
4
9
3
13
3
5
7
12
7
6
7
7
11
11
5
3
6
4
7
6
2
3
7
7
2
3
6
5
8
8
4
6
5
8
9
8
8
3
10
8
5
4
8
6
8
6
9
8
2
3
8
11
5
2
3
6
7
9
11
6
3
8
3
5
7
6
11
9
4
5
6
6
5
3
3
6
5
4
8
7
3
7
5
5
6
6
9
5
7
8
5
2
7
2
10
6
7
2
8
5
5
2
5
5
6
6
6
5
5
6
6
6
4
7
8
1
6
4
3
5
7
6
7
6
2
2
6
5
8
4
8
5
7
2
5
7
6
5
5
5
10
11
3
4
6
5
7
3
2
1
4
6
5
3
8
7
4
4
5
3
5
7
6
6
4
10
6
8
2
7
0
7
8
3
8
7
1
7
2
8
3
6
8
3
5
2
4
0
4
8
4
6
4
12
6
3
5
10
5
3
7
9
6
2
6
5
2
8
5
6
7
4
2
9
6
9
5
4
4
3
7
6
8
4
6
4
9
7
5
6
3
9
4
5
4
7
4
6
6
6
6
4
2
10
10
1
7
4
8
3
6
8
9
6
10
8
12
6
9
12
3
10
7
7
3
5
7
11
9
2
12
12
8
10
9
7
14
6
15
7
8
5
11
10
7
8
12
7
6
8
14
14
11
14
13
8
10
8
8
14
7
19
6
10
13
11
21
11
12
11
14
9
7
12
13
17
16
11
11
18
8
16
16
10
13
20
13
16
20
10
17
21
15
13
16
17
19
22
27
19
26
21
24
19
23
20
21
29
21
21
32
16
35
36
33
34
24
30
35
28
32
31
34
34
28
35
27
32
37
35
32
43
33
34
29
37
29
44
29
36
31
34
45
43
32
51
45
35
33
37
43
50
59
38
38
51
44
59
53
54
37
55
54
52
47
55
37
49
50
46
39
39
64
52
45
58
51
42
44
49
54
54
50
52
56
53
50
50
63
58
53
51
54
55
56
47
55
47
53
57
54
45
57
46
50
52
48
51
39
45
52
63
43
43
43
49
42
49
53
48
47
47
58
50
59
53
38
45
42
39
43
50
35
21
45
35
29
29
27
35
43
33
38
29
37
30
32
28
36
34
32
25
26
28
29
35
24
20
31
25
29
19
21
27
26
30
26
25
20
26
23
35
20
13
19
16
25
20
23
20
10
20
20
20
10
9
14
12
12
11
16
10
15
14
16
10
10
7
11
10
8
13
12
8
11
15
8
10
10
10
6
7
13
17
2
9
5
11
9
6
11
4
8
5
8
8
3
8
7
3
2
9
7
5
4
9
7
5
4
3
1
2
2
2
6
1
3
7
2
2
2
1
4
3
5
5
4
2
2
2
5
1
2
2
2
2
2
2
3
2
2
4
4
3
0
0
4
4
0
0
2
2
2
2
1
3
6
0
1
2
2
2
3
1
1
2
3
0
4
1
2
2
2
1
2
2
3
4
3
2
3
3
1
2
2
0
1
1
2
3
1
0
2
2
1
1
1
1
1
1
0
1
1
1
0
2
2
2
0
1
0
0
2
2
1
2
3
1
1
0
1
1
3
1
1
2
2
5
3
0
0
3
1
1
2
2
1
4
1
2
1
0
3
2
1
4
3
1
2
1
0
2
2
1
1
3
1
1
2
2
2
2
3
2
1
1
1
2
1
0
2
3
1
1
1
0
3
0
2
1
1
1
1
1
3
1
3
1
1
2
1
0
3
2
0
1
5
0
4
1
2
1
1
1
0
2
1
1
2
2
0
1
1
2
1
1
5
3
2
0
3
2
2
2
0
0
0
2
1
1
2
1
1
1
0
1
1
0
3
1
2
1
0
0
0
1
1
1
1
1
0
2
2
3
2
1
4
3
1
1
1
1
5
3
2
0
0
0
2
0
2
2
1
3
2
1
2
1
1
2
2
2
2
1
0
2
1
0
0
0
2
1
2
3
1
3
1
1
2
0
1
2
4
3
1
0
0
1
0
3
3
2
1
3
2
2
0
1
1
2
1
1
2
2
2
1
1
1
1
2
4
2
3
4
3
1
0
0
2
1
1
2
0
0
2
1
0
1
1
1
0
4
2
2
2
0
2
2
1
2
1
3
0
1
3
1
2
0
3
0
0
0
0
1
1
3
1
1
2
2
2
2
2
1
1
1
0
2
1
0
1
0
1
1
0
2
2
1
1
0
1
5
2
0
2
3
2
2
1
1
1
2
1
2
0
2
4
2
1
3
3
1
3
1
1
4
2
1
3
0
1
2
0
1
1
2
0
0
2
4
1
0
5
1
1
2
1
2
1
1
1
3
1
3
2
2
3
3
1
0
0
3
1
1
0
0
3
1
2
1
3
1
0
1
1
2
0
1
2
1
1
2
3
2
2
1
2
4
1
3
0
2
1
3
1
1
3
2
1
3
2
0
0
0
2
1
0
1
2
1
2
0
1
0
0
2
0
3
2
0
2
3
2
3
2
0
0
0
0
2
1
2
0
1
2
0
1
0
1
2
4
0
1
1
0
0
3
1
2
3
2
0
2
1
1
1
2
3
3
2
4
2
2
1
0
1
0
1
1
1
0
1
1
2
3
1
0
2
2
0
2
2
0
0
1
1
0
2
1
1
0
1
0
0
1
0
1
1
2
2
3
2
0
1
2
2
0
0
0
0
1
1
2
0
1
1
1
0
1
3
3
0
0
0
0
1
0
0
0
2
2
1
3
1
0
0
4
0
1
1
2
2
0
0
2
1
1
0
2
1
3
1
0
1
0
1
1
0
1
1
4
1
0
0
2
0
1
1
0
0
0
1
0
2
0
3
1
1
0
1
2
2
0
2
2
0
0
1
0
3
1
1
2
0
1
1
0
2
0
3
0
1
0
1
1
0
2
1
0
2
0
3
0
0
1
2
1
0
1
2
2
1
0
0
0
0
0
0
1
1
0
2
0
2
2
2
1
3
0
0
1
2
3
1
0
1
0
0
0
1
2
0
0
1
4
2
1
3
0
0
0
1
0
0
0
1
0
2
0
0
0
0
1
1
1
0
3
1
1
0
1
0
1
0
0
1
2
1
1
2
0
1
0
1
1
0
0
1
0
0
0
1
0
1
0
1
3
2
1
1
0
0
0
0
0
0
2
1
0
1
1
0
2
1
2
1
1
0
2
0
0
1
1
1
3
1
0
1
1
1
0
1
2
0
0
1
1
1
1
2
0
1
0
0
1
0
2
0
0
1
0
0
2
0
1
1
1
1
0
0
1
2
0
1
1
2
1
0
3
0
1
1
3
0
1
1
0
1
0
0
1
1
0
2
2
2
0
0
1
0
0
0
2
0
0
0
0
0
0
3
3
2
0
0
0
1
0
0
0
0
1
2
0
0
0
0
0
1
0
1
0
0
1
0
0
1
1
4
0
1
3
2
1
2
1
1
0
0
3
1
0
1
1
0
0
0
0
1
1
0
1
2
1
0
0
1
2
0
0
1
4
0
0
0
0
1
0
0
0
0
1
0
3
0
2
0
0
0
0
0
2
1
1
0
1
1
0
1
1
0
0
1
1
3
1
0
2
1
2
0
1
1
2
1
0
3
0
0
1
1
0
0
1
0
0
1
0
2
0
1
1
1
1
1
0
0
0
2
0
1
0
1
0
0
2
0
1
2
0
1
1
2
1
0
0
2
0
0
0
1
1
0
1
1
1
2
0
0
0
0
1
0
0
1
3
1
1
1
0
1
0
0
0
1
0
0
3
1
0
2
3
3
2
1
0
2
2
0
0
2
1
0
0
1
1
1
1
3
0
0
1
0
1
0
0
2
0
1
0
1
2
1
0
1
2
0
1
0
0
0
0
1
1
0
2
0
0
2
0
2
0
1
0
0
2
1
0
1
2
0
0
1
0
0
0
1
0
0
0
1
0
1
1
0
0
0
0
0
0
0
0
0
0
0
0
1
0
1
0
0
2
2
1
1
0
1
2
1
1
1
0
0
0
1
0
1
0
0
0
1
0
0
1
2
0
0
1
0
1
1
0
1
0
0
0
1
1
1
2
2
2
0
0
0
0
0
0
1
0
1
1
2
0
2
1
1
2
0
0
1
0
1
2
1
0
0
0
2
0
1
0
0
1
1
0
1
0
0
1
1
1
0
0
1
0
0
1
0
0
1
1
0
0
0
1
0
1
0
1
0
1
0
1
0
3
0
0
0
1
0
0
1
1
1
1
2
2
1
1
1
2
0
2
0
0
0
0
1
1
0
1
1
0
1
0
0
1
0
1
0
0
0
1
0
0
3
0
2
0
1
0
0
1
1
0
0
0
1
0
0
0
1
1
1
2
0
3
0
1
0
0
0
0
0
0
0
1
0
0
1
0
0
1
1
3
1
0
0
0
0
0
0
0
1
0
0
0
0
0
1
0
0
1
3
0
0
0
1
0
2
0
2
1
1
0
0
1
1
0
0
1
1
0
2
0
1
2
0
1
0
1
0
1
1
0
1
0
1
0
2
1
0
0
0
1
0
0
0
0
1
0
0
0
2
0
0
1
0
0
0
1
0
0
1
0
2
0
0
0
2
0
0
1
0
0
1
0
1
0
1
1
0
0
0
1
1
0
1
0
1
1
0
0
1
2
1
0
2
0
0
0
1
1
0
0
1
0
0
0
0
1
1
0
0
0
0
1
0
0
1
0
1
1
0
0
1
1
0
0
0
1
0
1
0
0
0
0
1
0
0
0
0
0
0
0
0
0
1
2
0
0
0
1
0
0
0
0
0
0
0
2
1
0
0
0
2
0
0
1
0
0
3
0
0
0
0
1
0
0
1
0
0
0
0
0
0
0
0
2
0
2
0
0
1
0
1
0
2
0
2
1
0
1
0
0
0
0
2
0
0
1
1
0
0
1
0
1
0
0
1
0
1
1
0
0
1
0
0
0
0
0
0
0
0
0
0
0
0
0
1
0
0
0
0
0
0
0
0
0
0
0
0
1
0
0
0
0
1
0
0
1
0
0
0
0
0
0
2
0
0
0
1
0
0
0
0
0
3
0
0
0
0
0
0
1
1
0
0
2
1
0
0
0
0
0
0
1
0
1
1
0
0
0
0
1
1
0
0
1
0
1
0
0
0
0
0
0
0
0
0
0
1
0
1
0
1
0
0
1
0
0
1
0
1
0
0
0
0
2
0
0
0
1
2
0
1
0
0
0
0
0
0
0
0
0
0
0
2
1
0
0
0
1
0
2
0
1
0
2
1
0
0
0
0
0
1
0
0
0
0
1
1
3
0
1
2
0
0
0
3
0
0
0
1
0
0
2
0
0
0
0
0
2
0
0
1
1
1
2
0
0
0
1
1
0
0
2
1
1
0
1
1
0
0
1
2
0
1
1
0
0
1
1
0
0
0
0
1
0
2
0
2
0
1
2
1
1
3
2
0
1
1
0
0
0
3
1
0
0
0
1
0
1
1
1
0
0
1
0
1
1
0
1
1
0
2
0
1
1
0
1
0
0
1
0
2
3
1
1
1
0
0
2
1
3
2
0
1
0
2
0
1
2
0
0
0
1
2
0
1
2
2
0
1
2
4
1
2
0
1
0
0
1
1
0
0
1
0
1
1
2
2
1
1
0
0
0
0
0
0
0
0
1
0
2
0
2
2
0
0
0
1
0
0
0
0
2
0
1
0
1
1
0
0
1
0
0
0
1
1
0
0
1
0
0
0
1
0
0
1
2
1
1
0
0
0
1
0
1
1
0
0
1
0
0
0
0
0
0
1
0
0
1
0
0
2
0
0
0
2
0
0
0
0
0
1
0
0
1
0
0
0
1
0
0
1
0
1
0
0
0
0
1
2
0
0
1
1
0
2
0
0
0
2
0
0
0
3
0
0
0
1
1
0
0
0
0
1
0
0
0
1
0
1
0
0
0
0
0
0
1
0
0
0
1
0
0
0
0
0
0
0
0
0
0
0
0
0
0
1
1
0
0
0
0
0
0
0
0
0
0
1
0
2
0
0
2
0
1
0
1
0
1
0
1
0
0
0
0
0
0
0
0
1
0
0
0
1
0
0
1
0
1
1
0
0
1
1
1
0
0
1
0
0
0
0
0
0
0
0
0
0
0
0
1
0
1
0
1
1
2
0
0
0
0
0
0
0
0
1
0
0
0
0
0
0
