0
0
0
0
0
0
0
0
0
0
0
0
0
0
0
0
0
0
0
0
0
0
0
0
0
0
0
0
0
0
0
0
0
0
0
0
0
0
0
0
0
0
0
0
0
0
0
0
0
0
0
0
0
0
0
0
0
0
0
0
0
0
0
0
0
0
0
0
0
0
0
0
0
0
0
0
0
0
0
0
0
0
0
0
0
0
0
0
0
0
0
0
0
0
0
0
0
0
0
0
0
0
0
0
0
0
0
0
0
0
0
0
0
0
0
0
0
0
0
0
0
0
0
0
0
0
0
0
0
1
0
0
0
0
1
0
0
0
0
0
1
1
0
0
1
0
0
0
0
0
0
3
4
2
2
3
2
3
1
5
4
2
5
2
6
3
1
10
7
8
5
6
17
9
11
13
21
17
22
24
28
26
28
26
36
53
34
51
48
61
58
66
51
75
68
84
79
71
75
81
70
87
82
68
88
88
83
89
94
91
71
103
85
89
76
74
107
88
78
65
84
79
93
82
65
84
78
76
77
62
69
79
88
74
84
77
86
64
72
79
85
64
83
47
80
56
81
94
83
66
75
85
69
84
87
76
92
76
74
79
69
90
85
83
70
67
57
75
88
70
85
88
87
80
96
85
78
87
85
76
81
92
90
80
85
93
80
85
84
86
111
89
83
88
75
69
94
102
105
86
78
104
94
91
83
90
81
102
88
89
98
84
92
99
105
101
90
87
86
99
100
81
87
109
104
99
98
89
96
97
104
89
90
84
78
96
82
98
90
96
85
85
92
72
79
105
83
78
76
77
77
84
88
88
76
85
81
76
93
79
77
66
95
80
81
82
83
75
74
85
75
94
84
89
73
73
54
79
85
64
73
76
72
79
74
84
70
85
60
74
79
73
68
83
82
70
57
69
82
73
77
60
72
81
70
63
66
73
66
72
78
69
58
81
90
64
61
73
68
81
75
81
72
77
58
63
70
89
67
67
80
67
67
83
65
54
66
66
70
65
73
73
54
61
76
62
81
76
66
76
84
75
57
70
71
69
70
63
67
65
49
77
73
56
66
70
64
74
68
78
66
61
77
71
74
64
60
65
75
64
63
60
58
56
68
76
68
64
60
70
77
69
59
62
70
74
64
65
36
75
86
80
64
68
64
70
63
67
69
66
64
58
47
72
68
74
59
63
69
63
57
69
61
60
49
67
68
57
60
81
71
63
73
57
70
62
61
53
58
73
73
71
66
66
54
61
61
57
57
69
58
58
52
73
66
54
59
75
58
67
62
56
46
66
47
62
54
67
62
63
57
64
62
68
58
51
56
63
48
51
55
52
59
56
57
58
59
49
46
67
54
61
53
50
55
51
73
43
42
57
49
37
62
50
40
45
66
58
38
48
46
60
51
51
38
54
49
57
56
45
57
47
41
39
36
54
40
47
31
39
44
50
46
39
45
43
37
47
42
46
49
47
35
51
44
44
43
39
43
63
28
36
38
39
59
51
41
44
47
43
35
40
41
47
35
52
37
53
51
49
53
43
41
34
43
30
25
40
42
48
49
39
34
41
36
34
28
33
41
45
41
27
33
38
37
41
38
37
47
31
32
31
26
34
25
37
27
29
32
34
35
34
38
35
33
43
33
39
30
32
26
27
46
30
34
27
30
33
29
26
36
31
39
30
32
23
23
37
36
34
35
37
25
35
23
26
25
43
31
33
35
31
32
32
22
29
31
37
28
40
24
24
21
33
29
28
28
29
28
26
26
31
30
28
35
33
22
25
26
30
37
24
16
16
30
33
21
30
22
38
25
32
26
27
26
26
32
30
25
23
26
24
32
19
22
24
26
22
19
29
29
20
29
31
18
24
27
27
16
24
15
31
18
17
23
18
26
37
24
26
22
27
22
26
18
20
25
18
23
20
26
23
31
23
28
21
18
30
26
17
29
21
24
24
24
33
18
23
39
22
28
19
17
21
21
35
24
25
19
23
23
22
20
19
16
26
23
23
20
34
23
27
21
21
20
29
20
14
28
20
16
17
20
18
24
23
23
15
14
23
24
27
22
25
23
30
24
25
14
16
18
27
21
14
20
24
22
26
20
26
20
15
27
26
20
25
20
18
27
21
25
23
12
20
22
21
21
17
21
20
23
24
26
32
15
19
24
18
24
16
20
28
23
27
12
22
20
26
25
21
20
25
27
21
30
19
23
22
23
23
15
18
25
17
24
19
15
10
24
12
13
33
34
16
26
18
19
21
28
21
24
24
16
12
25
22
32
28
20
25
13
18
22
19
18
18
13
14
23
17
22
18
20
19
15
20
23
27
30
22
20
23
15
17
14
25
31
28
17
15
18
20
22
21
18
31
18
21
17
21
14
15
13
22
26
18
17
18
18
13
17
17
14
21
23
21
11
18
18
14
16
28
27
28
9
18
18
23
17
14
20
18
10
18
17
17
11
8
18
14
18
22
11
15
17
16
17
19
13
20
13
19
22
16
23
18
16
11
18
13
17
16
19
13
17
12
15
20
21
18
14
20
11
22
19
18
15
17
19
16
22
20
13
19
19
18
13
9
19
20
21
18
12
12
17
19
20
16
22
17
15
12
19
13
14
24
21
23
22
14
18
9
19
20
16
15
17
16
17
20
16
19
15
15
18
22
14
21
12
10
18
20
17
20
13
20
22
9
19
16
12
9
10
13
22
6
15
14
12
15
10
16
11
11
15
18
18
7
15
15
15
11
16
18
17
24
12
17
7
16
16
12
17
18
10
15
19
4
16
21
10
22
12
9
22
8
15
20
11
14
11
10
22
12
17
16
18
15
20
14
12
9
16
15
18
21
18
12
15
15
16
13
10
18
21
13
23
13
12
12
7
14
10
11
7
11
11
14
16
17
15
6
18
12
10
7
11
10
18
15
13
16
13
12
7
12
13
10
14
8
9
13
12
12
8
14
11
10
6
9
10
7
13
6
17
11
16
9
11
13
13
8
16
14
12
7
10
8
15
8
10
16
7
9
2
8
7
10
7
12
13
12
9
11
11
14
9
10
8
8
6
11
2
6
9
11
15
11
6
12
10
8
4
9
8
8
8
7
3
7
4
7
14
7
9
4
6
9
3
10
10
6
14
9
11
6
5
11
8
5
10
5
6
8
11
9
5
9
10
8
4
14
7
10
9
6
8
8
5
10
7
8
7
8
12
8
7
11
8
6
7
8
6
6
7
8
5
6
7
9
15
8
5
7
7
9
9
5
7
2
3
6
9
8
7
5
6
4
5
11
9
8
5
7
9
9
1
4
6
8
9
3
4
7
11
5
7
5
5
4
8
6
10
6
7
3
2
6
4
1
6
3
5
9
10
9
3
10
3
12
3
3
4
9
8
9
2
3
11
5
4
5
3
9
5
10
4
11
5
3
5
6
5
7
6
2
8
7
6
4
5
8
4
7
4
2
3
7
4
7
4
8
5
8
7
6
5
9
6
11
8
2
6
2
7
3
2
8
8
6
4
4
4
2
2
10
5
5
8
7
4
4
3
5
10
5
9
7
8
11
6
5
5
6
9
5
9
5
7
4
6
2
5
10
2
6
9
11
6
8
10
5
6
5
5
7
8
6
7
4
4
6
5
8
8
5
8
5
0
1
5
4
8
12
7
3
9
10
10
4
8
7
7
4
4
7
8
5
5
8
7
6
9
5
6
3
6
9
7
8
11
4
6
8
6
11
9
9
4
8
14
11
7
13
5
11
10
4
13
13
11
11
8
10
6
10
7
9
16
10
15
7
6
8
17
9
18
13
14
8
15
12
12
13
12
12
9
11
12
15
10
10
14
14
18
6
14
15
16
11
17
14
13
20
19
20
18
11
20
27
18
19
24
15
18
17
19
22
23
27
26
28
13
22
22
22
24
30
29
26
25
38
37
31
37
33
26
41
35
24
36
41
25
37
39
40
41
37
36
41
29
43
32
35
38
47
39
37
38
48
51
42
42
45
48
58
37
50
48
57
55
49
39
58
52
48
52
57
61
54
50
52
44
57
47
59
63
44
54
60
56
58
48
54
64
65
65
64
56
71
60
58
61
66
79
72
60
59
70
75
77
70
64
52
65
58
59
62
65
66
65
71
56
61
62
61
57
64
50
59
66
46
56
66
48
56
57
53
51
55
45
41
54
62
53
47
45
44
62
56
54
32
34
53
40
47
43
38
40
50
50
51
37
32
34
41
32
44
30
38
37
44
26
39
39
32
36
28
29
34
41
20
37
34
27
25
26
31
27
26
26
14
26
25
29
35
19
17
22
21
16
20
23
21
20
18
19
22
16
13
9
15
24
16
6
13
12
13
14
15
13
9
7
12
15
12
9
8
12
6
13
6
6
7
5
6
8
10
8
9
6
7
9
4
10
8
10
11
6
4
5
10
8
9
7
8
2
4
6
6
7
4
2
3
2
3
1
2
2
4
6
3
5
5
0
5
1
2
1
2
3
2
2
2
1
1
4
2
3
3
4
1
4
2
2
1
0
1
5
1
3
2
2
3
1
3
0
2
1
2
3
3
2
1
3
1
0
6
1
2
2
1
4
1
2
2
2
2
2
2
2
3
0
3
0
2
0
2
0
1
2
2
1
2
1
1
3
0
0
0
0
1
3
2
2
0
2
1
1
0
1
4
0
2
2
0
1
0
0
1
1
1
1
4
4
2
0
1
1
2
0
0
1
0
2
3
1
1
1
1
1
1
0
2
1
2
1
0
2
1
0
0
2
2
2
1
1
1
1
2
2
0
1
0
1
1
2
2
1
1
1
1
0
1
3
0
1
1
0
0
2
0
1
2
2
1
2
2
0
2
1
2
0
1
1
2
4
0
1
2
0
0
1
2
1
2
0
2
2
0
1
0
3
0
1
3
1
1
1
0
1
0
1
2
0
1
0
2
0
3
1
1
3
0
1
0
0
0
0
1
2
0
2
2
0
3
1
0
1
0
1
1
2
1
2
3
3
0
1
0
0
2
0
2
0
2
1
1
1
1
2
3
2
0
3
2
3
1
2
1
0
0
1
2
0
1
0
1
2
0
2
2
1
0
0
2
0
2
1
1
1
0
2
1
3
0
2
5
1
0
1
0
1
3
0
0
0
1
3
1
0
1
1
2
2
2
0
1
0
2
1
5
0
2
1
1
1
1
0
1
0
0
2
3
4
0
2
0
1
0
1
1
1
3
2
3
1
0
2
0
0
2
0
0
4
1
0
2
1
0
1
0
1
1
0
2
0
2
0
1
0
1
0
2
2
1
0
0
1
0
1
0
1
2
5
0
1
4
0
0
1
0
0
1
2
0
1
1
1
1
0
1
2
1
1
3
0
1
1
0
0
0
1
0
0
0
1
1
1
2
1
1
1
3
1
1
1
0
0
1
2
3
0
1
0
3
1
2
3
1
3
1
1
3
1
0
1
1
1
1
2
0
3
2
2
2
0
0
1
1
3
1
0
1
3
2
0
2
1
4
1
2
1
1
1
0
1
0
0
2
3
4
1
0
0
0
0
1
0
2
3
2
1
1
0
0
1
1
1
1
1
1
1
0
1
0
0
3
2
1
0
2
0
0
0
0
2
1
1
2
1
1
0
0
2
1
0
1
0
1
3
2
2
0
1
0
1
0
0
1
0
1
0
0
2
1
1
1
4
1
0
1
0
1
0
1
2
1
0
0
2
1
3
1
3
4
0
1
1
0
0
0
1
1
1
0
1
1
0
1
0
1
2
0
2
2
2
1
1
1
1
1
0
1
0
0
2
1
3
1
0
0
1
4
1
1
1
1
0
3
1
1
4
1
0
1
0
2
3
0
1
0
0
1
4
0
0
1
0
1
0
1
0
1
1
2
0
0
1
0
1
2
1
0
2
3
1
0
3
0
0
0
0
2
1
2
0
1
0
2
2
3
2
0
1
1
1
0
1
0
0
0
3
1
0
1
0
0
4
2
2
0
1
3
1
2
1
1
0
1
1
1
1
2
0
1
3
0
0
2
1
0
1
2
0
1
1
1
1
0
0
1
0
1
0
0
1
0
0
1
2
0
0
1
1
0
1
1
1
2
2
2
0
1
1
0
0
2
1
0
2
1
1
0
0
1
0
1
1
0
2
2
0
0
0
4
1
0
0
0
2
2
0
3
0
0
0
1
1
0
0
1
2
1
1
1
0
1
1
1
0
0
1
2
2
1
0
1
3
1
0
0
0
0
0
2
1
1
1
1
0
1
4
1
1
1
1
1
0
0
1
0
0
1
1
0
2
0
0
0
0
0
1
1
3
2
1
0
0
2
0
0
1
1
0
1
2
3
1
1
1
0
0
0
1
0
0
0
0
0
0
0
1
2
1
0
0
1
1
1
0
2
0
0
0
1
1
0
2
1
1
0
3
1
1
0
3
2
0
1
0
1
1
1
0
1
0
0
2
1
2
0
2
1
2
1
1
0
0
0
1
1
1
1
0
0
1
1
0
1
0
1
3
0
0
1
2
0
1
0
2
1
0
1
1
1
0
1
1
1
1
0
0
0
0
0
1
1
1
1
1
2
1
1
0
2
2
0
3
0
1
1
1
0
0
2
1
2
0
1
0
2
0
0
1
1
0
2
0
1
0
1
4
0
1
0
2
0
0
0
1
1
0
0
0
1
0
2
1
2
0
1
0
1
2
1
1
0
1
0
1
0
0
0
1
2
1
0
1
2
0
0
0
3
1
0
0
1
0
0
1
0
2
0
2
2
0
0
0
0
0
0
0
0
2
2
1
1
1
1
1
0
0
0
1
0
0
2
0
1
2
0
0
1
0
0
2
1
2
1
0
0
0
0
1
2
1
0
3
0
0
1
0
1
0
1
0
1
0
1
0
0
0
2
1
2
0
0
0
1
1
1
0
0
1
1
0
1
1
1
1
0
1
0
0
1
0
0
0
1
0
1
3
2
1
0
1
0
0
0
2
0
0
1
3
0
2
1
0
2
0
0
1
1
1
1
0
0
0
1
1
0
0
0
0
1
1
1
0
3
0
0
1
0
0
1
1
2
0
1
0
0
1
1
0
0
2
2
0
1
0
1
1
0
2
1
1
0
2
1
1
5
2
0
0
1
0
1
2
2
0
0
1
0
0
1
1
1
0
2
0
1
1
2
1
0
1
1
0
3
0
1
1
1
2
0
1
1
0
1
1
0
0
1
0
2
0
2
2
1
0
1
0
0
1
0
2
1
2
1
0
0
1
0
0
0
1
0
2
0
0
0
0
0
1
1
1
0
0
1
0
1
0
1
0
1
2
1
1
0
1
2
1
0
1
0
0
0
0
0
0
0
2
1
0
0
1
1
0
0
4
0
0
0
0
2
0
0
1
1
0
0
0
1
0
0
0
1
0
0
0
1
1
0
1
1
2
0
0
1
0
4
0
3
0
0
0
1
0
0
0
0
1
1
0
1
0
1
0
0
0
0
2
1
2
2
0
0
0
0
1
0
1
2
2
0
1
0
0
0
0
0
0
0
1
0
1
0
0
0
0
0
1
2
2
0
0
1
0
1
0
1
0
0
1
0
0
0
1
0
1
0
1
1
1
1
1
1
0
1
2
0
1
0
0
0
0
1
0
0
1
3
0
0
0
1
1
1
0
0
2
0
0
0
0
0
0
3
0
0
1
0
1
1
0
1
0
1
1
0
0
0
0
0
0
0
0
0
0
1
0
0
0
0
0
0
0
0
1
1
1
0
0
0
0
0
1
0
1
0
0
0
0
0
0
2
0
1
1
1
0
0
0
1
0
1
0
0
1
3
0
1
1
1
1
0
1
1
0
0
0
0
0
0
1
0
0
0
0
0
0
1
1
0
0
0
0
1
0
0
0
0
1
0
0
0
1
0
0
0
0
0
1
1
0
0
0
0
1
0
0
0
0
1
1
0
0
0
0
0
0
0
1
0
1
0
1
0
0
1
2
0
0
1
0
0
0
0
0
1
1
0
0
0
1
0
0
0
0
0
0
0
0
0
0
0
0
1
1
1
0
1
0
0
0
0
0
1
0
1
0
0
0
0
0
0
0
0
1
0
0
0
2
2
0
0
2
1
0
0
0
2
0
0
1
1
0
0
0
0
1
0
0
0
0
0
1
0
0
0
2
0
0
0
0
0
1
0
1
1
0
0
0
0
0
1
1
1
0
0
2
0
0
0
0
0
0
2
1
0
0
0
1
0
0
1
0
1
0
1
0
1
0
0
1
0
2
2
2
0
1
0
0
0
1
0
0
0
0
1
0
1
0
1
1
1
0
0
0
0
0
0
0
0
2
0
0
0
2
2
0
2
1
0
0
0
1
1
1
0
1
1
1
0
0
2
0
1
1
1
1
1
0
0
1
0
1
0
0
1
1
0
0
1
0
0
0
0
1
1
2
2
0
0
1
2
0
0
2
1
1
2
1
1
1
0
2
1
0
1
1
1
1
0
0
1
1
0
1
0
0
0
0
1
0
0
2
1
1
0
0
0
0
0
1
2
0
0
2
0
0
1
1
2
2
2
1
1
1
0
1
1
0
1
0
3
3
0
2
2
1
2
1
1
1
0
0
0
1
1
0
0
0
1
1
0
0
0
1
0
2
1
2
0
0
1
1
2
1
0
2
0
0
0
1
1
2
3
0
0
0
1
0
0
1
0
2
0
1
0
0
0
1
1
1
1
0
2
1
0
1
0
0
2
0
1
0
1
0
0
3
0
1
0
0
0
2
1
1
1
1
1
1
0
3
0
0
0
0
0
0
0
1
1
1
1
0
1
1
0
0
0
1
0
1
0
0
0
1
0
0
2
0
3
1
0
1
0
0
3
0
1
0
0
2
0
0
1
0
0
0
2
0
0
0
0
0
0
0
1
2
0
0
0
0
0
0
0
1
0
0
0
0
0
1
0
1
1
0
0
0
0
1
0
0
0
1
0
0
0
1
0
0
1
0
0
0
0
0
1
0
0
0
1
0
0
0
2
0
0
0
0
1
0
0
0
0
0
1
2
1
1
0
1
1
1
0
0
0
1
0
0
0
0
0
0
1
0
0
0
1
0
1
0
0
2
0
0
0
0
1
0
2
0
1
0
1
1
0
1
0
0
2
0
0
2
0
1
1
0
1
0
0
1
1
1
2
0
2
0
0
0
0
0
0
0
0
0
0
1
1
0
0
0
1
0
0
1
1
1
1
0
0
0
0
0
0
0
1
0
1
1
0
2
0
1
0
0
0
0
1
0
1
0
0
1
0
0
0
0
0
0
0
0
1
0
