0
0
0
0
0
0
0
0
0
0
0
0
0
0
0
0
0
0
0
0
0
0
0
0
0
0
0
0
0
0
0
0
0
0
0
0
0
0
0
0
0
0
0
0
0
0
0
0
0
0
0
0
0
0
0
0
0
0
0
0
0
0
0
0
0
0
0
0
0
0
0
0
0
0
0
0
0
0
0
0
0
0
0
0
0
0
0
0
0
0
1
0
0
0
0
0
0
0
0
0
0
0
0
1
0
0
0
0
0
0
0
0
0
0
0
1
0
0
0
1
0
0
0
1
1
0
0
0
0
0
1
1
0
0
0
0
1
0
0
0
0
0
0
0
0
1
0
0
1
0
1
0
0
0
1
0
3
2
1
0
4
2
3
3
2
3
4
7
5
6
5
11
8
12
10
18
16
18
21
18
23
23
28
33
34
44
27
40
47
63
53
45
51
63
72
50
79
66
74
57
67
77
68
88
82
74
76
71
78
74
73
76
82
92
75
73
85
93
78
66
70
83
73
79
79
87
70
88
71
78
76
84
76
82
70
84
60
68
77
74
68
72
79
81
72
62
61
67
74
72
70
78
63
66
63
61
72
80
79
71
67
87
76
79
80
76
76
83
70
86
69
85
85
79
74
89
80
80
87
73
74
81
71
81
78
87
102
101
88
93
110
81
86
75
82
84
87
90
73
93
86
78
77
89
101
108
90
93
74
109
94
109
91
92
95
91
87
99
92
85
78
83
94
102
92
86
82
95
97
84
76
95
86
73
97
79
79
110
77
94
86
78
86
81
95
79
83
72
86
84
77
69
86
88
64
72
78
81
80
66
71
74
88
90
70
75
79
82
88
67
63
61
67
64
82
63
75
97
61
65
81
56
71
73
72
72
61
71
64
85
76
67
72
56
68
72
60
76
60
72
67
83
64
76
72
79
62
74
66
72
78
73
65
70
62
71
69
72
72
69
76
61
80
59
62
61
61
74
62
87
66
78
79
63
69
57
67
52
62
53
77
61
71
60
67
61
62
70
61
70
76
73
48
63
61
63
58
60
62
72
64
63
62
54
61
61
45
65
63
64
60
68
62
64
74
61
65
57
62
66
51
68
59
65
69
74
51
61
62
54
67
53
54
64
67
44
70
61
51
71
53
69
66
57
63
67
67
52
64
71
59
50
50
67
64
58
53
63
45
58
65
63
64
48
40
67
65
60
61
56
66
52
63
60
58
56
61
45
54
54
53
61
74
60
49
59
71
63
68
54
52
58
51
59
61
65
51
57
47
55
58
59
46
58
54
59
43
48
49
54
54
45
49
62
66
44
55
54
48
52
44
42
71
56
56
40
50
65
35
42
48
63
37
56
44
64
52
44
43
55
41
49
38
35
50
37
45
40
41
29
46
57
49
49
56
44
45
49
37
52
54
44
43
36
34
52
41
45
47
43
41
33
39
47
47
46
46
47
48
47
40
51
38
34
36
32
47
50
40
37
33
35
36
42
43
29
26
34
38
34
28
40
39
42
26
32
36
38
37
30
32
33
38
34
41
40
30
23
38
31
44
31
29
46
38
29
32
26
34
31
35
39
33
35
33
37
36
35
20
41
27
31
33
34
36
37
30
28
32
34
34
30
32
24
35
36
33
28
27
27
31
33
28
18
34
34
36
30
30
26
31
21
27
29
25
28
26
28
21
25
21
24
29
30
38
28
21
13
27
25
27
40
17
19
21
20
14
22
25
22
19
28
24
29
30
27
22
21
25
36
22
18
25
17
25
25
15
20
21
26
32
23
24
25
21
23
13
26
22
17
23
18
21
23
16
16
28
17
23
31
21
32
21
23
22
15
16
29
27
24
21
15
18
17
27
19
23
21
14
25
24
21
22
17
21
19
23
16
20
23
16
19
27
22
27
21
18
26
21
19
15
19
16
21
28
19
24
15
22
20
22
16
19
18
31
21
22
21
26
15
22
26
13
18
16
14
12
19
19
20
15
19
20
15
22
16
12
21
15
17
24
12
10
20
14
17
20
16
20
16
16
15
16
21
15
24
24
16
22
16
10
22
14
11
16
19
18
17
12
16
14
22
14
21
19
14
23
16
13
22
17
16
19
13
19
12
17
15
19
16
19
22
20
17
17
17
11
10
21
15
22
16
22
28
19
16
15
14
15
22
16
13
18
14
9
21
15
16
18
13
11
19
20
14
12
16
21
22
17
19
14
13
24
14
18
11
16
18
15
15
22
16
17
16
16
10
17
23
17
13
14
7
16
16
18
18
17
14
16
16
17
16
14
12
20
17
18
21
23
15
16
11
7
19
22
13
21
20
15
13
14
10
15
12
14
16
13
17
15
16
14
18
17
18
13
11
13
14
16
14
13
11
13
13
18
20
6
23
22
12
15
13
16
14
10
15
15
12
18
18
13
11
11
22
15
14
12
13
15
13
17
11
10
9
12
17
18
15
13
10
16
12
9
14
17
11
17
16
23
12
11
10
15
10
16
18
13
16
15
19
6
4
13
19
7
14
15
6
7
14
20
10
11
10
12
20
13
8
15
12
16
13
12
12
12
9
14
13
9
17
14
9
4
10
5
14
11
19
12
17
13
14
13
11
16
13
15
9
21
11
5
9
7
8
20
10
14
9
10
6
16
8
20
19
17
12
12
16
12
19
10
10
7
20
10
11
13
12
11
11
5
8
15
12
18
14
13
11
11
7
10
10
10
9
8
17
11
9
13
9
13
9
14
8
14
7
9
16
11
14
14
6
14
7
9
11
12
10
11
8
12
11
13
19
12
12
11
8
13
12
15
6
14
11
8
17
14
10
2
14
7
16
12
12
9
10
15
11
7
14
5
2
11
5
13
10
4
8
9
6
13
7
12
10
9
10
3
20
11
11
9
9
17
20
13
7
6
10
9
11
14
11
7
15
10
7
9
6
14
12
8
6
10
8
6
15
11
5
5
4
4
6
9
16
8
8
11
13
11
5
6
5
7
11
7
8
9
8
14
5
5
8
10
5
11
8
3
11
11
7
4
8
7
4
11
6
8
9
7
9
5
9
5
6
4
7
6
5
4
8
6
9
5
10
8
8
9
6
6
5
7
10
5
4
6
6
4
6
6
4
8
6
3
7
2
6
7
4
6
6
5
8
3
6
0
8
5
7
9
6
6
3
4
9
6
5
7
7
6
3
5
6
5
4
7
9
4
12
13
5
6
4
6
4
2
5
3
8
5
6
5
5
6
7
9
5
10
4
6
3
2
6
1
5
5
6
5
7
6
6
7
3
1
4
3
0
8
5
5
3
4
7
7
5
8
6
3
6
6
4
2
4
8
3
1
5
4
5
7
2
9
6
6
5
1
6
8
4
4
4
6
9
4
7
7
3
2
4
3
6
8
9
3
8
6
3
4
4
5
5
3
5
3
2
8
2
2
2
3
8
6
4
7
1
2
2
3
6
6
3
3
3
3
7
3
5
4
5
7
8
7
3
7
5
4
9
3
4
5
6
7
6
1
2
10
4
3
2
3
7
7
9
2
2
6
8
9
3
4
5
3
4
10
3
2
5
6
5
5
9
4
6
7
3
2
4
4
0
5
4
11
6
6
7
5
3
8
9
7
7
5
11
4
6
7
4
6
3
3
4
4
4
6
6
5
3
7
7
2
2
7
9
5
3
7
3
5
5
8
6
5
9
9
8
8
4
6
6
6
4
6
4
10
7
2
4
7
5
6
8
7
10
6
5
5
11
7
9
7
7
8
13
6
8
8
12
7
6
10
5
7
7
12
9
6
12
9
6
6
10
11
11
6
10
19
11
8
11
13
6
8
9
10
8
8
7
7
8
18
11
13
14
12
13
22
8
17
16
16
8
14
14
15
22
17
9
12
18
15
16
15
17
16
23
25
21
18
23
17
30
23
12
21
24
17
22
22
21
17
24
21
28
26
18
33
10
23
25
22
19
36
26
34
19
30
24
32
37
35
31
43
33
29
29
27
41
36
29
39
34
32
27
32
45
32
32
28
33
45
31
31
24
48
34
42
38
44
40
36
40
43
41
44
52
47
42
22
43
39
40
36
51
40
41
30
45
52
40
42
31
44
43
40
37
40
38
35
34
35
41
47
38
47
36
47
38
31
41
37
37
38
37
34
41
44
35
29
35
27
34
39
36
30
33
37
35
30
29
22
34
28
36
38
34
28
25
28
29
33
32
29
37
34
23
24
33
19
19
20
22
17
22
26
13
26
25
20
21
22
14
14
15
24
28
28
21
19
17
20
10
15
16
10
17
15
14
4
20
15
12
20
9
12
11
11
14
9
6
16
11
15
16
14
14
10
8
14
10
13
7
9
10
10
9
8
11
7
11
9
6
11
8
7
5
6
10
9
4
2
5
6
2
11
3
6
5
5
6
5
2
7
2
4
2
1
6
7
8
4
6
4
3
6
7
3
6
4
2
5
2
3
4
7
4
2
2
1
3
4
1
2
4
4
3
2
1
2
2
0
2
1
4
3
4
1
1
0
4
0
4
1
4
2
2
3
1
2
1
0
0
2
2
0
3
0
1
0
0
6
2
4
1
2
1
0
1
1
2
1
1
2
1
2
1
3
0
0
1
1
2
3
1
3
1
3
1
0
0
0
0
2
1
4
0
0
1
0
1
4
1
2
1
0
2
2
3
1
2
1
1
2
1
3
7
2
3
2
0
1
2
1
2
2
1
2
0
2
2
0
1
0
2
0
2
2
2
2
0
0
1
2
3
1
3
1
1
2
1
1
0
1
3
1
0
1
2
5
1
1
6
2
0
2
2
0
1
1
4
3
0
0
0
2
1
0
0
0
4
2
3
1
5
3
1
2
0
2
2
1
1
0
1
3
0
2
1
0
0
1
0
0
2
1
1
3
0
1
2
1
0
1
2
0
2
1
0
0
0
1
2
0
1
0
3
6
2
1
0
2
1
1
3
0
1
0
3
0
0
2
2
3
0
2
1
0
2
3
2
3
0
0
1
1
3
2
1
1
3
5
1
2
1
0
1
0
1
0
1
1
0
1
0
3
0
0
3
2
2
1
3
1
1
2
2
1
1
3
0
0
0
2
2
0
1
0
1
1
1
3
0
3
2
0
1
0
0
2
0
1
0
0
0
0
1
1
0
0
2
0
1
1
1
1
2
2
2
1
0
0
1
0
3
1
1
2
2
2
1
1
2
3
4
0
5
1
0
0
1
0
1
2
2
3
0
1
2
3
0
0
1
1
1
2
0
2
2
4
1
1
1
0
0
2
2
2
3
2
0
0
1
1
1
1
1
0
1
1
3
0
3
2
0
3
0
2
2
0
0
0
0
1
2
0
0
1
2
0
1
0
1
3
0
0
1
1
4
1
1
0
2
2
1
0
3
1
0
1
1
2
2
0
1
1
1
1
0
3
1
1
1
4
1
0
1
0
2
1
0
1
0
0
1
3
0
1
1
2
1
0
2
3
1
0
0
2
1
0
0
3
1
1
2
0
2
1
2
2
1
3
1
1
2
1
0
1
0
1
3
1
2
1
1
1
2
1
1
0
1
1
1
1
1
0
1
0
1
1
3
0
2
0
0
2
3
1
3
2
1
1
1
2
0
3
2
1
1
1
2
0
0
0
0
2
1
2
2
0
2
0
1
2
0
2
1
2
1
2
0
1
1
1
1
3
2
0
0
1
1
1
1
2
0
1
0
3
0
0
0
0
0
1
2
0
1
0
2
1
0
1
4
0
2
2
1
0
3
1
2
0
0
0
2
1
0
0
2
2
0
1
0
0
1
2
3
1
2
1
3
0
0
1
3
0
2
0
2
0
2
0
2
2
0
1
2
0
1
1
0
3
2
0
0
1
2
0
0
1
0
1
4
5
1
1
0
1
0
3
4
1
2
0
1
1
0
0
2
0
1
0
0
0
0
2
0
0
1
0
1
0
1
1
2
0
2
0
1
0
1
0
0
0
0
0
3
2
0
1
1
1
1
0
2
0
3
1
0
0
1
0
2
0
2
0
0
0
1
1
1
0
1
0
1
0
0
0
1
5
0
0
0
2
0
0
0
1
1
0
0
1
0
0
0
1
1
0
0
2
2
0
0
1
0
1
1
0
1
1
0
2
2
0
1
0
0
1
0
1
2
1
0
1
2
0
0
0
2
1
1
0
0
1
1
1
0
1
1
0
1
2
1
0
1
2
0
1
0
1
0
1
4
2
0
2
2
1
0
0
1
1
0
0
1
2
1
0
2
0
1
0
2
0
1
1
2
2
0
0
0
1
0
1
0
2
0
1
0
2
1
1
0
2
0
1
0
0
1
1
1
0
1
0
1
0
5
0
0
0
0
1
1
1
1
0
0
0
0
0
0
0
1
0
1
0
0
0
1
1
0
0
0
0
2
0
0
1
0
0
0
1
0
2
0
0
2
0
0
0
2
0
0
2
0
0
2
0
0
1
3
0
0
1
0
0
1
1
2
1
0
1
0
0
0
2
0
1
0
0
0
1
2
1
1
1
2
0
1
0
0
3
1
0
0
1
0
0
0
1
0
2
0
1
0
0
0
0
0
0
0
0
0
0
0
0
0
4
2
1
0
1
0
2
0
1
1
1
0
0
1
0
0
1
1
2
0
3
2
3
1
0
3
1
3
1
1
0
1
0
1
0
0
2
1
0
2
0
2
1
1
1
0
0
2
0
0
2
1
0
1
0
2
0
2
2
2
1
0
0
2
1
0
0
3
0
2
1
0
0
1
1
2
1
0
1
1
0
2
1
0
0
0
0
2
0
0
2
3
0
2
1
2
0
0
0
2
0
3
1
0
0
4
2
0
2
0
0
0
0
1
0
1
1
1
0
1
1
0
1
1
0
1
1
1
0
1
0
2
1
3
0
0
0
1
1
1
2
0
1
1
0
1
0
1
1
0
0
2
2
1
0
0
1
0
0
1
1
0
1
0
1
1
0
1
0
1
0
0
1
2
0
3
1
0
0
0
0
0
1
0
1
1
0
0
0
2
1
0
1
2
0
0
1
0
1
1
1
0
1
1
2
0
0
4
1
0
0
0
1
0
0
0
3
0
1
0
0
1
0
0
0
2
0
1
0
0
1
1
0
0
0
0
1
2
0
2
0
1
1
1
1
0
0
1
1
1
1
0
0
2
3
0
1
0
2
0
0
0
0
1
0
1
1
0
0
0
0
0
0
1
2
1
1
0
0
0
1
0
0
0
2
1
1
1
0
0
0
0
0
2
0
3
0
3
0
1
0
0
0
1
0
0
0
1
0
0
0
1
0
1
1
0
1
1
2
2
0
0
0
0
1
2
0
0
0
0
0
1
1
1
0
1
0
1
2
0
1
1
0
2
0
0
2
1
2
0
0
2
0
0
0
0
0
0
0
1
1
1
1
0
1
0
0
0
0
1
0
0
0
1
1
2
1
0
3
1
0
0
0
1
0
0
0
0
1
0
0
1
0
1
0
1
0
1
1
1
1
0
2
0
0
0
0
0
0
1
0
0
0
0
2
1
1
1
1
0
1
0
0
0
1
1
1
0
0
2
1
0
1
0
1
1
1
0
0
0
1
0
1
0
1
0
1
0
2
0
0
0
0
2
2
0
0
2
0
2
1
0
0
0
1
0
1
1
0
0
0
0
1
1
1
0
0
1
0
0
1
0
0
2
0
0
0
0
0
2
2
2
0
0
0
1
1
0
0
0
0
0
0
1
1
0
1
0
0
1
0
0
0
1
0
0
0
1
2
0
0
0
1
0
0
0
2
0
0
0
1
1
0
0
1
0
1
0
2
1
1
0
0
0
0
0
0
0
0
1
1
1
0
0
1
0
0
0
0
0
0
1
0
0
0
2
0
0
0
0
0
1
3
0
0
0
1
0
0
1
0
0
2
1
0
0
1
1
0
0
0
0
1
0
0
1
1
0
0
1
0
1
0
1
0
0
1
0
0
0
0
0
0
1
0
1
2
1
1
0
1
1
2
0
0
0
0
1
0
1
2
1
0
0
2
0
0
1
1
0
0
0
1
1
0
2
0
0
1
1
0
0
2
0
2
0
0
1
0
0
0
1
0
0
1
1
1
0
2
0
2
0
0
0
3
1
2
0
0
1
0
1
0
0
1
2
1
0
1
0
0
0
1
0
1
1
2
1
0
1
0
0
1
2
1
0
0
0
2
1
1
0
1
1
1
0
1
1
0
1
0
1
0
2
0
0
1
0
0
1
1
3
1
2
0
0
1
3
1
1
0
0
0
0
0
1
0
0
0
1
1
1
1
0
2
1
2
2
1
0
0
1
1
0
0
0
1
1
0
0
1
0
0
1
0
1
1
1
2
1
1
2
0
1
0
0
1
0
0
0
1
0
0
0
2
0
2
0
2
0
0
2
1
1
0
0
2
0
1
0
0
1
1
0
1
0
0
2
2
2
0
0
0
1
1
3
2
0
0
1
2
0
0
3
0
2
0
0
0
1
1
0
0
1
1
0
1
0
1
2
1
1
0
1
1
2
0
2
0
1
1
0
1
0
0
1
0
0
0
0
1
0
0
1
0
0
2
1
0
0
1
0
2
1
2
2
1
0
1
0
2
2
2
1
1
1
0
1
1
2
1
3
2
2
0
1
1
3
0
2
0
0
0
1
1
0
0
2
1
2
3
0
0
1
0
0
3
1
1
1
0
0
0
0
2
0
1
1
0
0
2
0
0
1
0
0
1
0
2
1
0
0
2
1
0
0
0
0
1
0
0
0
1
1
1
1
0
2
0
0
0
0
0
2
0
1
0
0
0
0
0
0
1
1
1
1
1
1
0
0
0
1
0
2
1
1
0
0
1
2
1
0
0
0
2
0
1
0
0
0
3
1
0
1
1
0
1
0
0
0
0
1
0
0
0
0
0
0
0
0
0
0
0
0
0
0
0
0
0
0
0
0
0
0
1
0
0
2
0
0
0
1
0
0
0
0
0
0
0
0
0
1
0
1
0
0
0
0
0
0
1
0
0
0
0
1
0
3
0
0
1
0
0
0
1
0
0
0
0
0
1
0
0
0
0
0
0
3
0
0
0
0
0
2
0
0
1
0
0
0
1
0
0
0
0
0
1
3
0
0
0
0
0
1
0
0
0
1
0
0
1
0
0
0
0
0
1
0
0
0
1
2
0
1
1
0
0
0
0
0
0
0
0
0
0
0
2
2
0
0
1
0
0
0
0
0
0
0
0
0
1
0
0
0
0
0
0
0
1
0
0
0
0
0
0
0
1
1
0
1
1
0
