0
0
0
0
0
0
0
0
0
0
0
0
0
0
0
0
0
0
0
0
0
0
0
0
0
0
0
0
0
0
0
0
0
0
0
0
0
0
0
0
0
0
0
0
0
0
0
0
0
0
0
0
0
0
0
0
0
0
0
0
0
0
0
0
0
0
0
0
0
0
0
0
0
0
0
0
0
0
0
0
0
0
0
0
0
0
0
0
0
0
0
0
0
0
0
0
0
0
0
0
0
0
0
0
0
0
0
0
0
0
0
0
0
1
0
0
0
0
0
0
0
0
0
0
0
0
0
0
0
0
0
0
1
0
1
1
0
0
0
0
0
0
0
0
0
1
2
1
1
1
1
2
0
3
1
1
2
2
2
0
3
6
2
4
3
2
5
5
6
3
9
7
8
8
15
14
13
20
22
20
17
22
27
30
40
34
39
48
49
51
54
61
68
68
52
74
80
67
69
75
84
68
71
91
85
81
86
85
79
84
75
76
93
80
94
68
82
93
85
83
81
78
82
79
78
71
81
76
76
67
72
84
68
71
87
78
80
67
75
67
83
79
76
77
75
78
90
83
79
76
86
85
70
72
72
74
71
96
73
82
77
76
87
72
87
83
84
67
78
73
78
70
90
80
84
74
96
81
86
75
89
89
80
96
87
87
80
72
80
86
87
94
95
98
92
97
82
89
75
80
91
108
88
87
99
90
87
97
96
96
84
77
103
94
89
95
101
100
95
87
95
97
89
88
102
99
73
87
84
106
80
86
94
86
88
107
66
98
92
86
71
88
87
86
95
82
81
103
72
82
104
79
79
83
81
84
84
78
86
98
89
93
76
73
89
79
74
80
73
71
72
58
72
82
94
73
99
74
83
64
71
64
85
64
48
79
78
85
65
67
64
87
56
74
91
66
72
68
72
63
71
76
63
79
68
64
91
66
53
65
67
70
75
69
72
64
56
65
60
79
66
70
67
68
62
51
71
69
69
72
71
84
61
75
77
67
80
67
79
62
59
65
71
69
57
60
67
65
66
69
54
65
67
78
67
82
71
69
71
58
57
56
62
73
49
86
76
53
70
65
72
67
72
61
62
58
66
59
66
71
60
67
55
61
57
59
71
60
62
57
77
66
39
63
52
55
64
62
50
65
58
69
47
55
60
49
56
62
67
44
62
47
67
39
68
55
54
52
65
66
49
50
60
57
50
62
63
55
58
50
48
55
57
63
61
37
44
49
51
54
61
49
40
55
47
60
45
63
52
48
56
68
44
55
40
51
48
60
45
46
62
40
50
56
54
50
62
60
50
64
40
52
55
40
61
56
58
50
60
50
48
60
47
61
59
58
52
55
48
43
50
41
52
55
46
56
53
40
49
40
44
45
53
45
47
49
43
55
45
41
47
47
46
49
46
39
47
36
48
37
48
48
53
48
55
35
46
38
41
40
49
41
37
37
40
30
43
43
50
38
47
42
42
34
48
31
30
39
30
50
40
38
31
50
38
44
39
42
34
25
36
22
30
37
29
42
26
36
51
41
36
47
35
47
32
42
17
39
32
27
30
35
26
42
38
37
28
39
23
30
33
27
37
39
25
31
26
33
27
32
31
35
29
34
31
29
35
28
33
31
31
30
25
34
23
41
25
25
35
23
27
34
26
28
33
27
20
33
24
29
35
33
25
27
21
26
19
27
21
32
25
16
26
24
32
28
14
21
27
22
25
34
21
27
28
28
18
29
30
21
21
18
19
21
23
30
33
17
22
28
18
19
22
21
20
28
25
14
28
30
22
25
25
22
14
21
20
19
18
17
20
17
22
16
26
22
14
15
22
20
18
17
21
24
23
23
27
18
13
12
23
18
11
25
16
19
29
15
16
20
23
25
25
19
13
22
18
20
15
18
16
31
20
11
16
12
15
12
16
20
12
23
24
17
15
16
21
18
10
24
16
14
12
15
12
14
8
19
12
21
19
11
21
19
17
21
13
25
15
13
15
12
16
24
19
16
16
15
15
20
20
13
19
16
10
17
14
23
22
23
20
18
20
22
12
23
16
20
12
21
14
12
13
17
16
17
15
15
11
22
26
13
18
14
15
20
16
12
12
11
22
11
14
10
6
9
17
7
9
17
17
23
16
18
8
6
15
13
20
10
11
11
10
15
19
11
15
21
17
13
14
19
12
10
20
14
17
8
14
12
11
14
19
5
13
15
10
14
10
13
14
22
19
12
16
14
15
15
14
11
8
13
11
15
9
10
12
20
12
8
19
16
14
11
15
14
11
10
13
12
11
11
13
14
14
13
13
17
15
7
17
19
20
7
11
9
13
13
15
14
12
14
9
10
13
15
8
10
14
12
16
4
13
15
16
9
12
16
13
15
15
15
13
13
10
11
17
9
5
11
8
11
14
12
11
13
12
9
9
7
11
5
8
11
16
9
11
12
13
14
11
7
9
14
7
13
13
9
11
9
7
8
7
11
10
18
8
8
11
12
10
11
10
10
6
14
13
10
9
11
7
12
12
5
14
8
9
10
16
7
15
15
9
15
7
12
7
8
5
12
10
12
13
9
5
10
7
11
12
11
11
6
8
10
11
3
16
9
15
15
14
8
10
11
10
10
8
15
12
11
7
8
12
11
10
8
6
11
6
7
12
5
11
5
7
6
9
12
8
9
15
9
6
11
12
10
7
10
11
7
9
12
7
11
11
4
9
8
9
8
14
6
14
9
8
3
7
8
8
9
5
14
6
13
12
6
9
8
8
7
10
10
7
10
9
9
8
8
6
7
5
3
3
8
8
9
4
9
8
18
10
6
6
7
9
7
3
6
15
8
9
10
10
10
10
5
11
7
6
6
12
9
4
10
8
6
10
5
6
7
12
8
6
11
11
9
8
9
10
9
10
10
7
7
6
5
12
9
9
7
5
6
4
8
8
8
11
5
6
7
7
10
9
6
8
5
5
4
5
7
8
7
10
5
4
8
6
5
6
8
5
12
11
10
10
9
11
3
11
9
7
4
8
2
1
8
8
3
1
8
2
7
3
2
11
10
11
7
4
6
9
7
8
12
8
8
9
4
7
5
7
7
9
7
5
5
7
8
10
3
2
10
6
4
5
8
4
3
6
5
8
0
10
4
5
10
8
3
8
4
8
4
5
6
10
4
3
2
8
2
2
5
13
5
6
5
8
5
5
3
5
3
3
6
6
4
4
3
6
2
1
6
8
8
6
7
3
8
4
5
4
6
2
5
8
5
6
9
3
6
1
3
8
9
4
9
3
4
4
2
6
2
3
6
4
9
5
4
2
5
4
3
4
5
5
3
6
3
1
3
10
1
6
6
5
5
5
4
8
3
3
6
2
3
4
4
3
3
8
5
2
1
4
4
5
6
1
7
3
3
4
4
7
6
3
4
1
6
4
3
2
3
2
3
2
8
2
2
6
5
2
6
4
7
2
3
3
3
7
8
3
8
2
4
4
3
5
5
4
5
5
4
7
6
5
3
4
4
1
2
3
5
5
4
1
5
2
0
1
7
2
4
3
2
2
2
2
3
5
3
2
4
4
4
7
3
3
9
2
7
1
4
6
3
5
4
4
4
2
5
6
4
3
7
4
5
3
3
2
10
2
5
2
5
4
2
7
5
2
4
3
3
2
7
2
5
5
3
6
6
7
0
2
3
7
4
3
5
2
8
5
4
2
7
4
6
3
4
3
6
3
3
9
4
3
6
9
8
7
7
9
6
2
7
5
2
4
9
5
1
4
5
2
5
6
5
7
8
4
4
8
6
8
4
3
9
12
8
7
5
8
6
8
4
8
5
8
10
4
10
2
12
8
6
11
8
10
8
10
9
10
7
10
9
8
10
7
8
5
11
10
1
12
16
10
15
20
15
16
11
15
13
19
14
8
14
19
11
17
18
11
15
11
16
9
20
16
17
22
22
15
17
13
16
12
16
20
10
24
22
14
15
19
12
17
24
19
24
24
24
21
25
17
11
21
19
21
26
20
17
23
17
21
27
22
29
25
18
19
23
30
15
31
20
18
23
26
48
24
29
30
22
25
35
32
35
27
28
28
28
25
31
32
30
25
30
16
30
31
32
21
33
29
40
26
35
22
28
24
32
29
30
30
42
29
28
33
25
29
25
32
23
27
34
25
35
26
26
23
24
21
28
20
25
15
15
27
26
20
25
10
18
15
23
25
15
26
26
17
19
15
17
16
18
21
20
10
21
15
12
13
17
20
21
15
16
15
14
11
15
16
20
17
13
10
11
10
11
13
13
20
9
8
12
9
14
12
12
13
8
7
12
16
18
10
11
17
11
10
17
9
5
6
6
9
7
9
5
7
12
5
5
6
3
7
7
4
4
6
4
5
5
1
5
4
5
2
5
3
4
3
10
10
7
4
1
3
4
4
2
3
4
3
3
1
3
6
0
2
3
2
4
0
2
3
4
1
7
4
4
5
6
2
5
2
3
4
4
2
3
1
2
6
4
1
5
2
3
2
5
0
2
1
4
1
3
1
0
0
3
3
3
5
1
1
3
2
1
4
5
3
2
2
2
3
0
3
1
1
3
1
2
0
3
1
1
1
0
3
1
3
1
2
3
0
3
1
4
1
5
0
2
3
1
1
1
0
0
2
2
1
1
3
0
0
1
0
1
1
4
1
3
2
1
0
2
1
0
1
4
1
2
1
3
1
1
1
1
1
2
0
0
1
0
3
0
2
3
2
3
1
2
1
1
0
0
0
0
3
1
4
2
2
2
1
0
2
0
1
0
1
2
2
0
0
0
0
0
2
1
1
0
4
4
1
1
0
2
4
1
3
2
0
2
2
1
0
1
2
1
3
3
0
1
1
0
4
2
0
0
2
2
1
3
1
1
1
4
0
2
1
1
3
1
1
1
3
1
0
2
1
1
0
0
0
3
3
1
0
1
2
1
1
2
0
1
2
0
1
0
2
1
2
0
2
0
0
0
2
4
0
1
2
0
1
5
1
3
0
2
1
2
3
2
0
1
0
1
1
1
1
3
1
1
2
0
2
1
2
1
1
1
1
1
0
3
1
0
1
1
0
0
2
0
3
2
0
2
0
2
2
1
1
0
0
0
1
2
2
0
2
1
1
0
2
0
1
1
1
1
2
1
1
0
2
1
1
0
3
2
0
1
0
2
1
1
1
1
1
2
0
2
0
2
0
2
1
0
1
4
3
1
1
2
3
2
2
1
1
2
0
3
2
0
2
3
1
4
0
1
4
1
1
0
0
0
1
4
0
3
2
3
2
0
0
2
0
0
4
0
1
1
2
0
3
2
0
1
1
1
2
1
1
1
0
0
2
1
1
1
1
2
0
3
2
0
0
2
2
0
0
1
1
1
0
0
1
2
0
2
0
1
1
0
1
0
1
1
2
0
3
1
0
1
1
1
2
1
4
0
2
2
1
2
2
2
1
3
2
1
0
1
1
2
1
1
2
0
2
0
3
1
2
1
0
4
1
3
4
2
2
3
2
0
1
1
2
2
1
4
0
0
2
2
1
2
2
1
0
1
0
1
1
0
1
0
0
1
2
0
1
2
0
1
0
1
0
0
1
2
3
1
1
0
2
1
1
1
0
1
4
0
1
2
3
2
0
1
0
0
1
2
0
0
2
1
1
0
1
0
2
2
0
1
1
0
0
1
1
2
2
0
0
1
1
2
2
1
1
1
1
0
0
0
2
0
3
0
1
2
1
2
1
0
1
2
4
3
0
2
1
1
1
2
1
1
1
0
0
3
2
1
0
1
4
1
1
0
1
0
0
3
4
2
0
0
0
0
1
2
2
1
0
1
2
1
2
2
2
0
0
1
3
1
2
1
3
1
1
1
2
1
1
0
0
3
1
0
1
1
1
0
2
2
0
1
0
1
0
1
0
0
0
0
1
0
0
2
1
2
2
0
0
1
0
1
1
0
1
0
3
0
0
2
1
1
0
1
2
3
0
1
2
1
1
0
3
0
1
0
1
0
0
0
1
1
0
0
2
0
0
0
0
0
1
1
2
0
1
2
1
0
2
1
2
1
0
3
1
0
1
0
0
1
1
0
1
3
2
1
0
1
1
0
0
2
1
0
1
0
1
0
1
0
0
1
0
0
1
2
1
1
0
2
2
1
1
3
0
2
1
0
0
0
1
1
0
0
0
0
3
1
0
0
1
0
1
1
0
2
1
1
0
1
0
0
0
0
0
0
1
1
2
0
1
0
2
0
1
0
0
0
1
2
1
2
0
0
1
0
0
0
2
0
0
0
0
0
2
1
1
0
0
0
1
1
0
1
3
2
0
1
4
2
4
1
0
0
1
1
1
1
2
0
0
0
1
2
2
0
0
0
1
0
0
0
1
0
1
0
1
0
0
0
0
2
0
0
2
0
2
2
2
1
2
0
1
1
2
0
0
0
1
4
1
0
0
0
0
5
0
2
2
0
0
1
1
1
1
0
0
1
0
0
1
0
0
0
0
1
1
0
0
0
0
1
0
2
1
1
1
0
0
2
0
1
1
1
2
1
0
1
1
1
3
0
1
1
0
3
2
0
0
0
0
1
2
0
2
0
0
1
2
3
0
1
1
1
1
0
1
0
1
0
0
1
0
1
0
1
2
0
1
2
1
0
0
0
0
1
0
1
2
0
2
1
0
1
3
1
0
3
1
0
0
3
0
2
2
1
1
0
0
1
0
2
3
2
0
0
0
0
0
0
1
3
0
0
2
0
0
1
0
0
0
0
0
1
0
2
0
2
0
2
0
1
0
0
0
2
0
1
1
1
0
2
0
1
1
0
0
0
2
0
1
1
3
0
2
1
0
1
1
1
1
2
0
0
0
0
0
4
1
1
1
0
0
0
0
2
0
2
2
1
0
1
1
1
2
1
0
2
2
2
1
1
1
1
0
2
0
0
0
1
0
0
0
1
3
2
1
1
0
1
0
1
0
1
0
0
2
0
2
0
0
0
0
0
0
0
0
1
1
1
3
1
1
2
0
0
2
0
1
0
0
0
1
1
2
1
0
0
0
0
0
0
0
0
0
1
0
0
2
1
1
2
1
1
1
0
3
0
0
1
0
0
0
0
2
0
1
3
2
0
2
0
2
0
0
0
1
0
0
1
0
0
0
0
0
1
1
1
1
0
0
1
0
1
0
1
2
0
0
0
0
1
0
1
0
1
1
1
0
0
0
0
0
0
2
2
0
3
0
0
1
1
0
0
0
2
1
2
1
1
0
1
0
0
0
1
1
1
0
0
1
1
0
0
0
0
0
0
1
0
2
0
0
0
1
0
1
0
2
0
0
1
1
1
1
0
0
1
1
2
0
0
0
1
0
0
0
1
0
0
1
0
1
1
0
2
2
0
1
0
0
2
0
0
2
0
3
0
1
0
2
0
1
0
0
1
1
0
0
0
0
1
0
1
0
0
0
2
0
0
0
0
0
0
0
0
0
0
0
1
2
0
2
1
0
1
1
0
3
0
0
0
1
1
1
1
0
1
1
1
1
0
2
0
0
2
1
0
1
1
0
1
2
1
0
1
0
0
1
2
0
2
0
0
3
1
2
1
1
0
0
1
0
2
0
0
0
0
0
0
1
1
0
0
0
1
0
1
0
1
1
1
0
0
0
0
2
0
1
0
0
0
0
2
0
0
0
0
1
0
0
0
0
0
0
0
0
2
0
1
0
0
0
1
1
0
1
1
0
1
1
1
2
1
0
0
2
0
0
0
0
1
0
0
0
0
0
0
1
0
0
0
1
0
1
0
1
1
0
0
1
0
0
0
1
0
1
1
1
0
0
0
0
0
0
1
0
1
0
1
0
2
1
0
1
1
0
1
1
1
0
0
0
0
1
1
0
0
1
1
0
1
0
0
0
0
0
0
0
0
0
0
0
0
0
0
0
0
0
1
0
0
1
1
0
3
0
0
1
0
0
0
0
0
0
0
0
0
1
1
1
0
2
0
0
1
1
0
1
1
0
0
0
0
0
0
1
0
0
0
0
3
0
1
1
0
0
0
0
1
1
1
0
0
0
0
2
0
0
0
0
0
1
0
0
1
0
0
1
0
0
0
0
0
0
0
1
0
0
1
1
0
0
2
0
0
1
0
0
0
0
1
0
0
1
0
0
0
0
1
0
1
1
0
0
1
1
1
2
0
0
0
0
0
0
0
1
0
0
0
1
0
0
0
0
0
0
1
1
0
1
0
0
0
4
0
1
0
1
0
1
0
0
0
3
3
0
1
1
0
1
1
1
2
0
1
1
1
0
1
2
0
2
3
0
0
0
0
0
1
1
1
1
0
1
2
1
0
1
1
0
0
0
0
1
0
0
2
1
0
2
0
0
1
3
0
0
1
2
0
2
0
2
1
0
1
1
0
0
0
0
0
1
1
0
1
1
1
1
0
1
0
1
0
0
2
1
3
0
2
1
1
2
1
0
1
0
1
0
1
3
1
1
1
1
0
1
0
1
1
0
2
2
0
0
1
3
0
1
1
0
1
0
2
0
0
0
0
1
2
1
0
2
1
0
2
2
0
0
0
0
1
4
0
1
0
1
1
1
0
0
1
0
2
1
0
0
2
0
0
3
0
1
2
1
0
2
3
0
1
0
1
1
1
0
2
0
1
0
0
0
1
0
2
0
1
1
2
2
1
0
0
3
1
1
0
0
0
0
0
1
0
0
0
0
0
0
0
0
1
0
0
0
0
0
3
1
0
0
1
0
2
0
1
0
1
2
1
0
0
1
0
0
3
1
0
1
0
1
0
0
2
0
1
0
3
0
0
2
1
0
0
1
0
0
3
0
1
0
1
1
0
2
1
0
0
0
1
1
0
0
1
0
1
0
0
0
1
0
1
0
0
0
0
0
0
0
0
1
1
1
1
0
2
0
0
1
1
0
0
0
0
0
0
0
0
0
0
0
0
1
0
0
0
0
0
0
0
2
0
0
1
1
0
0
1
1
0
0
0
2
0
0
1
0
0
1
1
0
0
0
1
0
0
0
1
0
1
0
1
0
1
0
1
0
1
0
0
0
0
1
0
0
0
0
0
0
1
0
0
0
0
0
0
1
0
1
0
0
0
1
1
0
1
0
0
0
1
1
0
0
0
1
1
0
0
0
0
0
0
0
0
0
0
0
0
1
0
0
0
0
0
0
1
0
1
0
0
0
0
1
1
1
0
1
1
0
0
0
0
1
0
2
0
0
2
0
1
0
0
2
1
1
1
0
1
0
0
1
0
0
1
0
0
2
1
1
0
0
0
1
0
