0
0
0
0
0
0
0
0
0
0
0
0
0
0
0
0
0
0
0
0
0
0
0
0
0
0
0
0
0
0
0
0
0
0
0
0
0
0
0
0
0
0
0
0
0
0
0
0
0
0
0
0
0
0
0
0
0
0
0
0
0
0
0
0
0
0
0
0
0
0
0
0
0
0
0
0
0
0
0
0
0
0
0
0
0
0
0
0
0
0
0
0
0
0
0
0
0
0
0
0
0
0
0
0
0
0
0
0
0
0
0
0
0
0
0
0
0
0
0
0
0
0
0
1
0
0
0
1
0
1
0
0
0
0
1
1
0
0
0
0
0
1
0
1
0
1
0
0
1
1
0
2
0
1
3
0
2
2
2
2
1
3
0
2
1
3
6
5
6
5
5
8
8
8
11
13
19
14
18
17
12
21
32
24
23
20
40
37
38
43
40
54
53
60
64
58
68
67
77
54
79
86
69
72
75
80
67
86
72
64
73
78
61
77
87
79
86
73
61
71
83
67
62
88
76
78
86
66
77
78
62
73
80
78
73
75
75
63
58
72
66
67
75
68
66
75
65
73
83
67
68
59
63
69
61
66
70
54
78
75
72
73
61
76
78
74
77
71
79
78
73
83
83
80
81
84
78
69
63
67
76
86
84
89
79
73
84
86
76
73
79
79
73
79
97
69
103
90
79
79
87
98
87
93
77
92
98
88
103
104
79
83
86
96
99
93
97
82
88
89
81
81
86
81
94
78
87
89
89
92
79
94
83
84
83
90
71
88
76
89
83
84
89
87
89
87
86
98
58
82
85
61
76
85
62
68
75
83
94
69
62
76
70
77
79
72
69
73
64
81
70
93
87
84
78
74
66
71
75
71
55
69
71
76
68
67
61
83
68
68
80
71
69
60
73
60
60
70
74
63
79
67
70
74
65
66
61
62
65
63
73
69
42
78
73
69
55
69
61
67
61
67
52
62
69
80
63
66
78
52
63
65
63
72
61
66
75
76
72
64
64
63
55
68
67
63
63
62
63
61
55
66
65
68
71
71
59
65
60
67
57
70
63
54
57
67
56
65
63
51
51
51
48
71
63
61
61
73
61
65
54
59
57
65
60
63
75
84
62
57
55
61
49
49
52
59
61
61
57
63
41
53
57
55
53
60
63
50
63
49
70
67
69
64
57
62
59
53
60
52
60
51
47
76
55
52
53
47
55
52
61
51
51
53
51
58
58
40
60
67
67
40
57
52
46
56
49
58
57
60
43
54
48
48
45
59
48
41
49
53
53
45
58
44
54
59
54
61
61
52
46
52
38
42
64
46
58
58
60
53
46
42
49
46
44
47
40
45
45
46
43
56
55
49
45
45
56
50
44
44
53
49
42
53
48
48
52
61
46
42
57
46
40
41
33
50
41
44
39
52
35
39
32
40
38
41
32
37
48
35
37
43
45
47
41
33
38
40
44
37
41
43
45
37
40
25
32
49
34
40
30
42
34
38
42
28
26
39
34
40
40
34
38
34
23
26
33
32
31
39
38
38
29
32
48
34
29
19
40
30
27
26
20
31
36
40
33
30
42
31
39
30
36
32
33
30
41
18
34
25
24
35
29
19
33
27
32
27
34
26
28
28
28
20
21
24
32
31
25
33
15
23
25
30
38
30
28
36
32
17
24
29
23
24
22
30
23
37
30
26
30
25
18
28
23
22
20
17
17
25
22
23
24
18
15
14
26
19
22
18
33
27
22
22
15
21
22
21
22
20
14
19
31
16
19
20
20
20
17
25
20
23
24
20
23
18
29
22
18
17
16
22
20
26
20
18
14
22
19
14
16
13
21
17
28
18
17
20
13
23
16
15
18
14
17
17
19
14
16
17
22
14
14
19
18
20
20
20
22
22
14
15
17
13
21
17
27
16
23
24
17
17
17
16
18
24
15
19
21
19
20
14
18
16
19
17
12
19
21
18
10
18
19
13
18
17
19
17
11
13
20
20
11
14
11
17
13
17
19
19
24
14
13
8
15
23
19
24
20
17
21
13
22
13
18
23
16
25
14
14
12
20
11
22
20
18
14
13
16
14
15
12
16
21
14
8
20
19
12
21
14
17
13
7
19
21
12
19
18
15
20
19
10
19
14
14
10
16
16
21
24
16
12
18
15
18
13
16
18
16
19
16
16
11
10
15
21
16
14
13
19
17
15
14
11
8
14
10
19
17
15
14
17
17
15
12
15
17
14
20
18
7
5
14
16
16
9
16
14
13
11
18
13
20
15
12
11
11
13
14
6
10
14
8
17
11
18
14
16
12
17
16
14
6
15
11
10
12
15
13
8
10
10
16
18
17
15
13
11
12
17
10
22
9
12
15
9
12
14
18
15
9
12
13
16
12
10
11
11
12
5
11
13
17
8
17
16
10
6
8
11
10
14
8
11
11
16
14
12
11
11
12
10
17
11
14
11
15
6
10
12
5
9
11
11
7
12
14
20
6
13
10
12
15
6
18
12
7
15
12
12
10
14
11
16
12
10
13
21
17
13
12
13
11
14
10
10
11
11
11
11
13
7
13
13
10
8
10
19
10
13
7
16
9
14
15
11
11
10
9
8
9
10
9
12
7
9
11
17
9
14
7
16
18
13
14
12
8
10
9
11
15
11
15
8
11
11
8
8
14
7
6
12
15
12
7
8
16
7
9
9
14
9
16
11
14
15
15
11
6
10
16
7
10
11
15
10
12
9
6
9
15
9
5
8
8
9
17
15
12
8
17
11
9
14
13
6
10
12
6
6
11
14
6
7
9
6
9
11
9
11
12
9
6
5
7
3
8
10
11
11
4
9
7
11
11
9
15
10
9
14
14
9
18
6
9
9
6
9
10
13
10
10
4
12
7
11
15
5
11
4
11
8
7
7
12
10
9
8
10
8
10
6
8
7
6
8
12
11
9
7
6
6
8
12
13
12
5
9
8
6
4
8
9
6
6
6
12
7
5
8
5
7
2
8
8
3
9
8
6
10
4
6
9
9
6
7
5
3
5
10
5
9
3
7
8
5
6
4
7
9
10
8
3
9
6
7
8
4
3
3
4
7
2
4
3
6
13
6
8
4
9
5
7
6
2
5
5
9
3
5
9
1
9
7
5
10
9
8
10
6
8
6
7
4
5
5
6
8
5
1
9
4
4
6
4
2
4
5
6
6
5
5
2
11
7
7
7
4
5
6
5
2
5
4
7
7
9
8
6
2
5
6
5
6
8
4
1
5
3
3
2
4
2
3
1
6
3
6
3
4
4
5
7
1
5
5
4
6
6
2
3
3
6
3
4
2
7
6
7
1
9
7
9
6
2
5
1
9
3
4
5
4
4
6
1
3
4
3
1
3
4
8
4
6
3
2
1
7
4
5
5
3
2
3
5
6
4
5
5
2
4
6
4
2
3
3
2
4
1
5
4
2
4
3
4
5
6
3
5
5
4
5
3
6
6
7
1
1
3
7
2
6
4
3
5
0
5
3
2
8
5
6
1
4
7
2
8
3
3
6
2
4
3
4
3
5
6
6
7
3
5
5
8
1
5
5
5
4
7
4
9
6
3
6
5
4
4
4
7
3
4
2
7
6
5
5
2
9
3
3
6
2
6
4
2
6
7
4
3
9
6
4
1
6
6
9
4
8
3
6
2
5
5
5
3
6
5
5
5
3
2
8
7
3
11
3
4
7
6
2
7
9
2
12
7
4
3
4
5
5
5
4
10
6
3
7
2
8
10
9
3
9
3
8
7
7
14
8
8
7
6
4
3
2
8
4
9
9
12
7
8
8
6
7
3
5
4
11
12
7
14
10
9
9
9
11
9
7
15
13
13
16
15
10
9
9
7
13
11
15
10
15
12
7
12
10
10
13
13
12
9
14
12
14
14
11
19
16
9
18
15
16
22
15
15
25
16
25
20
16
20
22
18
24
15
20
25
22
16
17
25
24
23
26
23
29
28
26
33
29
26
26
25
24
12
31
34
34
26
29
27
33
30
28
28
28
33
31
24
34
31
27
25
39
29
40
28
26
35
31
36
33
37
31
34
23
37
33
43
36
38
34
31
31
42
33
38
25
36
33
30
38
38
26
39
32
28
37
21
32
33
17
31
35
35
38
33
29
34
43
34
19
31
35
26
30
35
18
26
18
21
41
29
29
30
23
31
30
21
26
23
33
28
26
22
30
34
21
23
16
26
25
30
24
17
23
25
22
18
13
13
28
23
13
16
18
14
19
20
17
21
12
18
18
18
14
18
18
11
18
15
12
14
13
17
12
10
14
8
6
6
10
11
10
6
3
7
10
7
6
15
10
14
11
5
5
8
8
7
12
9
5
5
5
5
7
5
6
5
4
6
11
3
3
1
3
10
7
7
4
4
6
1
4
4
5
4
8
3
4
6
5
5
4
4
2
1
3
5
4
6
3
4
3
3
2
3
2
5
4
3
1
5
6
2
5
4
1
3
1
1
3
1
3
2
2
3
7
1
1
1
2
7
2
3
1
3
0
2
1
1
1
1
2
0
4
3
4
1
2
3
1
0
1
1
0
5
5
2
3
0
0
3
2
1
2
0
5
0
1
0
2
1
2
1
3
1
2
0
3
3
1
0
5
0
2
1
2
4
3
2
0
1
1
1
1
0
4
2
2
0
1
1
0
3
2
2
2
1
1
2
4
0
2
1
1
2
2
1
1
1
1
3
1
2
2
2
0
3
0
1
4
2
0
2
0
4
0
3
2
2
1
2
2
0
1
0
1
1
0
2
2
0
1
0
0
2
0
0
0
2
2
2
0
1
2
0
0
0
1
0
1
2
2
2
1
2
4
3
1
2
2
1
2
1
3
3
0
3
0
0
1
1
1
3
0
1
2
0
1
0
2
0
1
3
2
3
2
0
0
1
2
1
1
0
1
5
2
1
0
1
2
1
3
2
3
1
0
1
0
2
1
1
2
1
0
4
1
0
1
0
1
2
3
1
2
4
0
3
1
1
3
0
1
3
2
0
0
1
1
2
1
1
1
1
0
0
1
0
1
1
0
0
0
0
1
1
0
0
1
1
0
1
1
1
2
1
0
0
3
3
0
1
1
1
2
2
1
1
1
0
3
0
1
0
2
2
1
1
1
0
0
2
3
2
1
4
2
3
1
2
4
0
0
1
0
1
0
3
2
0
0
2
1
0
0
0
0
0
1
1
2
0
1
0
1
1
1
1
2
2
1
0
0
1
1
0
0
3
2
1
0
1
0
0
1
1
1
1
0
2
2
2
1
2
2
2
1
1
1
1
0
1
3
0
0
0
4
3
1
0
0
0
2
2
2
1
1
3
2
3
1
2
0
1
2
2
3
1
3
1
1
1
1
2
2
1
1
1
1
2
1
3
1
1
1
0
2
0
2
1
1
1
1
3
1
0
2
3
3
3
3
2
4
1
0
2
5
0
2
1
4
1
2
0
4
1
2
2
3
3
0
0
0
0
1
2
2
0
2
0
1
0
1
2
0
2
1
1
1
1
0
1
1
0
1
0
0
2
2
0
1
1
0
2
0
0
1
4
2
0
0
3
0
1
2
1
1
0
3
3
1
4
2
2
2
0
2
0
1
1
1
0
3
4
1
1
0
4
1
2
0
2
1
1
2
2
2
0
0
1
0
2
3
1
3
1
1
1
1
1
0
1
3
1
2
1
3
0
1
2
1
0
0
2
0
1
1
0
0
0
2
0
3
0
0
5
0
0
2
2
1
2
1
1
1
1
2
1
3
0
0
1
2
0
4
1
0
3
0
0
2
1
1
1
3
2
1
2
2
3
0
0
1
2
1
1
1
1
1
2
0
0
1
1
2
0
1
2
0
2
0
1
0
0
2
2
0
1
1
2
2
0
1
1
1
3
0
0
0
0
3
1
0
0
0
0
3
0
1
2
0
1
0
0
0
0
2
1
2
3
0
0
0
0
1
1
3
0
0
0
1
1
2
0
0
0
1
1
1
0
1
1
0
1
0
1
3
1
1
0
0
0
0
0
0
1
1
0
0
1
2
0
0
1
3
0
2
0
1
1
1
0
0
1
4
0
0
1
1
0
0
0
0
2
1
0
1
2
0
0
0
1
0
0
1
0
2
1
0
1
0
1
3
0
0
1
0
0
1
1
0
0
1
0
1
0
0
1
4
0
1
2
1
0
4
1
3
1
3
0
0
0
1
0
1
0
0
2
0
2
1
1
0
1
0
2
1
0
0
0
0
2
0
1
1
3
1
1
2
4
0
1
1
2
0
1
4
0
1
2
1
0
2
2
0
0
2
1
3
2
1
0
1
0
0
1
1
0
1
0
1
1
0
0
0
2
0
0
0
2
3
0
1
2
0
1
0
1
1
0
0
0
0
1
1
0
0
1
5
2
1
0
0
0
2
0
1
1
0
2
0
2
2
1
0
1
1
0
0
0
0
1
0
1
0
0
0
0
0
2
1
1
1
1
0
2
0
0
2
0
3
0
3
0
0
1
1
0
0
1
0
0
2
1
1
1
0
1
2
2
0
0
4
2
0
0
1
0
2
4
0
0
1
0
0
0
0
0
1
1
0
1
0
2
0
0
2
1
0
1
3
0
0
0
3
0
2
2
1
0
0
0
0
1
4
2
2
0
1
1
5
1
0
2
1
1
0
0
0
1
0
1
0
0
1
0
0
2
1
1
2
0
1
2
1
0
1
1
2
1
1
3
0
0
0
0
0
0
0
1
1
1
0
0
0
1
1
0
3
0
0
1
1
1
1
0
2
3
2
0
0
0
0
0
0
1
1
0
1
2
0
0
0
1
0
0
0
0
0
0
0
2
1
0
2
0
1
1
0
2
2
0
1
0
0
0
1
0
2
0
1
0
0
1
0
1
1
0
1
0
1
0
1
0
1
1
0
2
0
0
0
1
2
1
1
0
0
0
1
1
0
1
0
1
0
0
0
2
0
1
1
2
0
1
1
0
0
0
1
0
0
0
1
2
1
1
3
1
0
1
2
2
0
0
2
0
2
1
2
1
0
0
1
0
0
0
1
1
2
1
3
0
0
0
0
2
1
0
0
0
1
0
1
1
0
0
1
1
0
0
2
1
0
1
0
2
1
1
0
1
0
1
0
2
2
0
1
1
0
1
2
0
0
1
0
0
1
0
1
0
1
0
0
0
1
0
0
0
0
2
1
1
0
0
0
0
1
0
2
0
1
2
2
0
2
2
2
0
1
3
1
1
1
2
0
0
0
0
0
0
1
2
0
1
0
3
0
1
0
1
1
0
0
0
1
1
0
1
0
0
0
1
0
1
0
0
0
0
0
0
0
1
1
0
0
0
1
0
0
0
0
0
0
1
0
0
0
1
0
1
0
0
0
0
2
0
0
1
0
0
1
0
0
0
1
2
1
0
0
1
0
1
0
1
1
0
0
0
0
1
1
1
0
1
1
0
0
0
0
1
0
3
0
0
0
0
1
0
1
0
1
1
0
0
0
1
3
0
2
0
0
0
0
0
1
1
0
0
1
0
0
0
0
0
1
0
0
0
1
1
0
0
0
1
0
0
1
1
0
0
0
0
1
1
0
0
1
2
0
0
0
0
0
1
0
0
0
0
0
1
0
1
0
1
0
0
0
1
0
0
2
1
0
2
1
2
0
2
1
0
0
0
2
3
1
0
1
1
0
0
0
1
0
0
0
0
0
0
0
1
2
0
0
0
1
0
0
2
0
2
0
2
0
0
0
0
0
1
0
0
0
1
0
0
0
0
0
0
0
1
1
0
0
0
0
0
0
1
0
0
0
1
0
1
0
0
0
0
0
0
0
0
0
0
0
0
0
1
0
1
2
1
0
0
0
0
0
0
1
0
1
2
0
0
0
0
0
0
0
3
1
0
1
0
0
1
0
0
0
1
0
0
1
0
0
0
0
0
1
1
1
1
0
0
2
1
1
0
0
0
1
1
0
0
1
0
1
1
0
0
1
0
0
0
0
0
0
1
0
0
1
1
0
1
0
2
1
0
0
0
0
0
2
0
0
1
0
0
2
0
0
1
0
1
1
1
0
1
2
0
0
0
1
0
2
1
2
0
1
2
1
1
1
0
1
0
0
1
0
0
0
0
1
0
0
3
0
1
0
1
0
1
0
0
0
0
0
0
2
0
0
1
0
0
0
0
0
0
1
0
0
0
0
2
1
0
0
2
1
0
1
0
1
0
2
1
0
0
0
1
0
0
0
1
0
1
1
1
0
0
0
0
1
0
0
1
1
1
0
0
0
1
1
1
0
0
1
2
0
0
0
2
1
3
1
0
2
1
1
1
0
0
0
1
4
0
0
0
0
0
0
0
1
1
0
1
0
1
0
0
3
1
0
1
1
0
1
2
1
1
0
0
0
0
1
1
0
2
1
1
0
0
1
1
2
0
4
1
0
1
1
0
1
1
1
1
0
0
1
0
0
2
2
0
0
0
1
0
0
2
0
2
0
1
2
0
2
1
1
1
1
0
1
1
0
1
0
0
0
2
0
1
1
1
3
0
0
1
2
2
0
1
1
0
1
0
0
0
1
2
2
1
1
1
0
1
1
1
0
0
1
2
0
1
2
0
0
1
0
1
1
0
0
2
1
2
1
0
0
0
3
0
1
3
1
0
1
2
1
0
0
0
0
0
0
1
0
1
1
2
0
2
4
2
1
2
0
1
1
1
1
2
0
1
1
0
0
1
1
1
0
1
1
1
0
0
1
0
0
1
0
0
1
1
0
1
0
1
0
2
1
1
0
1
0
1
1
2
0
4
0
0
0
0
0
1
0
0
1
0
0
0
2
0
2
0
1
0
0
1
0
0
1
1
0
1
1
0
2
0
1
0
1
0
0
0
2
1
1
0
1
1
0
0
0
0
0
2
1
0
0
0
1
1
0
1
0
0
0
1
0
1
0
0
0
1
0
1
0
1
1
0
0
0
1
0
0
0
0
0
1
1
0
2
1
0
0
1
0
0
0
1
0
1
1
0
0
1
0
0
0
0
2
0
0
0
1
0
0
0
0
0
0
1
0
0
0
0
0
0
0
0
0
0
1
0
0
0
0
0
1
1
0
0
0
2
0
1
0
0
0
0
0
1
1
0
0
0
0
0
0
0
0
1
1
0
1
0
1
1
0
0
0
0
1
0
1
0
0
1
1
0
1
0
0
0
0
0
0
0
0
0
0
0
1
0
0
1
0
0
0
1
1
0
1
0
0
0
0
0
1
0
1
0
1
0
0
0
0
1
0
0
0
0
