0
0
0
0
0
0
0
0
0
0
0
0
0
0
0
0
0
0
0
0
0
0
0
0
0
0
0
0
0
0
0
0
0
0
0
0
0
0
0
0
0
0
0
0
0
0
0
0
0
0
0
0
0
0
0
0
0
0
0
0
0
0
0
0
0
0
0
0
0
0
0
0
0
0
0
0
0
0
0
0
0
0
0
0
0
0
0
0
0
0
0
0
0
0
0
0
0
0
0
0
0
0
0
0
0
1
0
0
0
0
0
0
0
0
0
1
0
0
0
0
0
0
0
0
0
0
2
0
0
0
0
0
0
1
0
0
0
2
0
0
0
1
1
0
0
1
0
0
0
1
3
1
0
2
0
2
1
3
1
1
0
3
3
4
3
1
9
8
5
10
7
13
9
9
7
18
16
9
21
18
15
24
27
32
25
33
38
44
37
47
47
52
59
64
63
72
94
68
78
82
81
112
82
67
74
90
96
81
97
78
69
80
108
98
75
77
90
81
66
71
80
71
76
78
72
90
64
80
74
80
98
73
69
75
71
77
72
72
88
69
67
71
64
71
77
77
77
55
68
74
70
81
81
66
66
79
61
78
67
70
69
81
69
78
82
69
78
74
76
71
73
93
68
79
80
64
86
74
78
71
81
80
68
90
60
101
86
86
77
82
103
88
87
89
82
89
76
85
94
92
82
106
100
98
98
97
88
87
98
92
102
104
87
107
79
105
95
93
85
83
98
95
71
105
98
83
90
94
70
96
87
86
70
83
91
79
73
101
77
84
76
62
95
97
84
72
93
104
73
85
76
82
78
70
98
82
95
82
83
69
68
72
56
80
76
77
71
71
75
78
71
82
72
68
60
82
64
70
63
70
82
97
62
75
78
71
82
70
61
66
69
66
60
76
59
82
76
59
64
74
56
72
80
80
79
50
64
72
69
71
66
67
55
55
74
72
67
83
71
74
71
56
75
59
64
65
65
71
60
55
67
75
72
58
64
83
58
72
66
81
65
71
69
67
58
66
72
58
57
75
66
66
69
56
56
51
48
62
60
71
64
69
66
47
60
58
56
51
60
55
74
61
61
73
68
64
62
61
55
61
47
42
77
69
57
59
58
57
68
59
48
52
51
54
53
65
55
59
52
65
54
72
52
60
43
54
48
63
62
59
58
67
55
67
56
37
39
51
44
61
52
55
50
51
59
56
50
51
54
50
64
54
52
62
57
58
46
61
53
57
53
53
68
58
57
44
63
58
39
48
54
45
48
37
61
53
56
49
43
56
59
47
57
48
59
46
67
48
49
34
67
40
54
51
58
52
55
39
52
47
57
48
48
48
40
53
65
44
29
48
39
59
41
47
46
45
44
50
43
56
39
39
47
41
36
37
44
61
50
35
41
48
43
33
37
44
53
56
55
36
26
41
42
46
40
47
41
50
27
53
45
37
39
49
36
29
43
25
41
49
46
34
42
43
46
55
37
31
35
35
44
36
28
53
41
33
31
38
45
48
36
36
34
44
39
40
29
26
39
32
27
28
36
37
42
36
35
40
28
45
37
34
27
31
31
27
43
29
33
22
24
28
44
30
28
30
28
26
38
20
21
29
29
20
28
24
24
33
27
39
18
29
26
26
29
33
32
25
40
27
30
28
23
23
26
31
31
34
28
25
23
28
27
28
33
33
24
27
29
33
28
25
24
30
22
29
22
27
31
20
22
27
18
26
29
25
37
29
27
32
24
15
22
19
22
24
15
16
25
19
19
21
22
22
23
17
16
30
23
20
17
28
18
20
26
22
25
19
20
24
24
18
12
16
22
17
14
19
28
28
9
28
25
15
23
23
27
23
15
26
21
24
21
19
26
27
24
21
17
21
26
19
15
15
17
25
16
22
12
20
19
14
26
10
13
17
21
24
17
21
17
24
23
16
22
16
24
23
12
19
12
19
14
23
17
13
20
17
25
17
6
13
18
20
20
13
16
15
16
19
19
14
21
19
17
19
17
19
8
19
18
15
21
14
20
12
9
13
18
17
17
17
13
8
14
13
14
21
13
11
14
9
18
21
18
20
14
8
12
17
11
15
15
5
13
25
15
13
8
13
21
16
15
25
17
14
15
16
13
8
18
7
14
14
15
12
18
12
15
18
11
22
10
14
4
20
19
13
19
7
17
12
20
12
16
14
6
17
13
17
17
20
14
17
17
9
15
15
10
20
14
13
9
16
23
14
14
17
12
15
13
11
14
18
15
16
15
13
16
20
15
11
13
13
16
5
12
14
13
13
11
5
16
15
16
18
11
11
4
13
15
15
11
11
14
18
17
13
13
6
9
16
12
2
18
18
18
17
13
13
16
9
11
15
16
10
14
15
8
11
12
14
11
10
12
16
13
9
10
7
12
7
10
12
15
12
11
8
10
18
11
9
19
13
9
13
13
15
12
12
8
13
12
16
6
12
14
14
11
8
8
12
13
7
11
13
11
9
11
13
13
11
8
9
10
9
10
10
10
7
10
6
11
12
12
9
5
14
16
6
6
7
9
4
14
12
14
13
9
11
14
9
11
8
11
11
8
14
14
11
16
9
16
11
10
7
18
11
13
8
6
10
14
14
10
11
9
8
12
7
15
12
10
5
4
10
7
6
5
14
16
6
8
7
13
6
9
14
7
9
6
9
10
13
7
11
14
10
11
9
9
8
14
12
10
7
8
7
8
14
16
7
5
9
15
12
17
5
4
14
8
11
10
7
14
9
7
8
8
7
17
12
8
6
8
12
9
7
3
13
5
9
10
16
6
11
9
7
8
8
9
18
8
13
10
8
8
11
5
11
5
12
13
12
10
18
8
9
6
10
8
6
6
11
8
7
6
7
4
13
7
9
9
14
6
7
8
6
6
6
9
10
10
5
8
7
2
7
6
4
5
8
10
13
12
11
5
5
7
5
4
6
7
13
3
3
9
6
3
4
7
5
11
5
7
8
8
8
7
7
5
5
10
4
8
9
5
8
11
4
5
3
5
6
7
5
3
10
10
7
5
3
6
3
8
3
6
8
8
6
5
4
6
6
6
5
4
2
6
6
5
8
6
10
1
3
2
6
4
12
5
8
7
4
1
2
1
7
4
9
4
6
7
4
5
6
2
5
6
5
5
1
3
10
4
4
4
4
8
3
7
5
7
4
7
4
6
6
5
4
11
2
6
2
2
4
6
4
5
3
6
2
4
3
7
6
4
3
6
4
3
6
5
9
4
8
5
6
4
3
8
2
6
5
6
5
3
5
2
5
6
7
10
5
3
2
4
5
4
4
3
3
5
4
6
4
3
7
5
4
4
5
4
6
2
2
1
4
7
6
3
2
4
3
4
5
8
2
4
5
4
3
2
5
2
6
1
1
2
2
3
3
6
4
4
4
11
8
1
7
3
2
4
3
4
2
4
4
3
3
5
6
1
6
5
6
4
4
4
4
3
4
1
5
6
4
3
6
3
2
6
2
6
5
1
6
2
6
6
1
2
4
5
7
2
2
3
2
8
2
0
6
4
2
2
7
3
6
4
8
4
3
3
4
4
5
9
4
7
4
4
2
7
8
5
1
4
4
2
6
8
6
4
5
5
6
2
5
5
2
4
6
2
4
3
5
5
1
6
3
3
3
5
4
3
5
11
6
4
5
3
5
4
2
3
2
3
0
4
6
9
4
3
4
4
8
4
7
7
6
5
8
7
5
6
2
5
6
8
9
6
3
4
7
7
3
9
7
11
4
5
7
5
7
4
7
9
5
1
4
6
6
8
4
4
11
2
4
4
4
12
11
7
10
9
9
8
13
5
9
6
11
6
11
7
10
6
5
9
13
11
3
8
11
13
9
19
15
10
8
11
9
12
10
10
13
14
8
12
10
14
10
18
6
17
19
11
13
21
15
15
16
16
10
19
14
20
22
13
23
16
19
19
14
17
16
20
24
15
17
19
24
24
19
24
18
26
24
22
19
28
17
15
28
21
28
16
22
20
18
24
26
20
37
23
20
22
23
32
27
29
19
26
29
25
27
27
32
21
25
21
27
23
33
29
27
28
38
34
38
34
24
30
25
27
29
17
42
38
29
44
32
29
41
27
21
32
30
36
28
36
26
23
27
25
31
26
28
28
33
25
27
32
35
31
24
27
30
28
24
22
28
29
23
40
27
29
26
26
32
24
22
24
18
22
21
32
24
28
18
19
24
23
13
21
20
27
18
24
22
16
21
21
15
12
14
17
15
10
14
14
17
16
15
14
11
11
11
13
16
15
23
15
17
13
17
14
8
9
8
10
13
8
10
8
9
8
16
11
10
6
12
4
8
5
12
10
11
6
7
6
9
10
7
12
11
4
8
5
6
3
5
3
5
4
10
5
8
4
6
1
0
3
4
5
2
2
3
2
5
2
5
1
5
5
7
3
3
6
1
0
3
2
4
2
2
3
4
1
1
3
5
0
4
1
1
2
4
3
5
3
0
4
5
0
4
2
0
1
0
1
2
1
1
0
2
2
2
1
2
2
2
3
2
1
5
2
2
2
4
2
3
4
1
2
2
2
3
3
2
2
2
1
0
6
0
1
2
3
2
3
0
3
0
2
2
1
1
3
1
0
0
3
0
1
1
0
2
1
2
1
1
2
3
2
1
1
3
0
4
2
1
1
3
2
1
0
1
0
2
3
5
2
2
1
2
1
6
0
0
1
0
1
3
1
0
1
2
2
2
0
1
0
1
1
4
1
1
0
2
2
0
1
2
2
0
1
1
3
0
1
0
1
3
5
2
2
0
1
0
1
5
0
1
2
4
1
0
1
1
2
1
1
3
0
1
2
1
1
0
2
1
0
0
2
2
1
0
5
3
4
3
1
0
0
0
5
2
1
2
0
1
3
0
0
1
0
2
4
0
1
1
2
0
3
1
0
3
0
1
1
0
0
0
1
1
1
2
0
0
2
1
1
2
1
3
0
1
0
1
1
2
2
1
1
1
0
1
0
1
0
3
0
1
4
0
0
1
2
1
1
0
0
0
1
2
2
0
3
1
1
2
3
1
0
1
0
3
2
0
1
3
0
0
1
0
3
0
1
1
2
2
2
0
1
1
2
0
0
2
4
1
2
2
1
0
0
1
0
2
3
0
3
1
1
1
0
3
1
1
0
1
2
4
2
2
0
3
0
1
0
2
1
2
1
3
1
1
0
0
1
1
0
1
2
0
1
2
2
1
2
1
4
1
0
1
1
2
0
0
0
1
0
1
1
0
0
1
0
0
0
0
0
1
0
3
1
0
3
0
0
1
4
2
0
3
3
1
0
0
1
2
0
2
2
0
1
1
2
1
1
3
0
1
3
1
0
1
1
1
1
2
2
1
0
3
2
2
2
1
3
1
1
1
1
0
2
2
0
3
2
1
1
2
1
1
0
1
3
0
1
2
1
3
0
2
0
1
1
2
2
1
1
1
0
1
0
2
1
2
1
0
0
1
1
2
1
0
0
1
1
1
1
2
1
4
2
4
0
2
2
1
0
1
1
0
2
3
3
0
1
1
2
1
2
1
3
2
1
2
1
0
0
4
3
1
1
3
1
1
0
0
1
3
2
0
1
4
3
0
0
5
1
1
0
1
1
1
1
2
0
1
1
2
3
1
0
0
1
3
0
2
3
2
0
1
0
0
0
1
3
1
2
0
0
3
1
1
1
0
0
1
0
1
1
0
1
0
1
1
1
3
0
3
0
2
2
0
0
2
0
1
0
1
1
0
3
6
0
3
0
0
0
2
1
0
2
0
2
0
1
1
2
1
2
1
4
3
1
1
1
2
1
3
2
1
0
2
3
1
1
0
1
0
0
1
2
2
3
1
0
2
1
0
1
1
0
0
0
0
1
1
0
0
1
0
0
0
1
0
1
1
0
1
2
2
1
1
0
1
3
0
1
0
1
2
0
1
0
0
0
0
3
1
0
2
1
3
0
0
0
1
1
0
1
1
0
1
0
2
0
2
4
1
1
1
2
1
2
0
4
0
0
0
0
1
0
2
1
0
1
0
4
2
1
0
1
0
0
0
0
1
1
0
1
2
1
1
0
1
0
1
2
1
1
0
1
0
0
0
0
2
1
1
0
1
0
2
1
2
1
2
0
0
0
1
0
0
0
1
3
0
2
2
2
0
0
2
0
0
1
0
1
0
0
1
1
1
1
1
1
0
0
0
1
0
0
0
1
1
0
0
1
0
0
0
1
2
0
1
1
1
2
0
2
0
1
0
1
1
0
0
0
0
0
0
0
0
1
2
0
0
1
1
1
2
1
3
0
0
0
0
1
0
1
0
0
0
0
1
3
1
1
0
1
0
0
2
0
0
1
0
0
0
1
0
2
1
1
0
0
1
2
1
0
1
0
1
1
0
1
0
2
0
1
0
0
0
1
0
1
1
0
2
0
0
0
0
0
1
1
2
0
0
1
1
1
3
2
2
0
1
2
0
1
2
2
0
1
1
1
0
1
1
1
0
0
0
0
2
2
0
1
0
0
1
1
1
0
2
0
1
0
0
1
0
1
1
0
0
0
2
0
0
0
0
0
1
0
1
0
1
0
0
1
0
1
2
0
0
1
0
2
1
0
1
3
0
1
0
0
1
0
1
0
1
1
0
0
2
0
2
0
2
0
0
5
1
1
1
2
0
2
2
0
2
0
0
1
0
1
0
0
3
1
1
0
0
0
4
1
1
0
1
1
1
0
0
1
0
0
1
1
0
0
1
0
0
1
0
1
1
2
0
0
0
1
2
0
2
1
2
0
2
1
0
2
1
0
2
0
1
0
1
1
0
1
0
0
3
0
0
1
4
2
1
2
0
2
1
0
3
0
0
0
0
0
0
1
1
0
3
2
1
1
1
1
0
2
1
1
0
2
1
1
0
1
3
1
0
0
1
2
2
0
0
1
1
0
1
1
0
0
1
1
1
0
0
4
1
0
1
1
1
2
1
1
0
1
3
3
0
0
1
2
1
3
0
0
2
0
1
1
0
0
0
1
1
0
2
0
1
0
0
0
1
2
0
0
2
2
2
0
0
2
0
0
0
2
1
1
1
0
1
2
3
1
0
0
2
0
1
1
0
1
0
1
1
0
0
0
0
0
0
1
0
0
0
0
2
1
0
1
0
0
0
1
0
0
0
2
1
1
0
1
1
1
0
0
0
0
0
0
0
1
1
1
1
1
0
1
0
2
1
0
1
0
0
0
0
0
0
2
0
1
0
0
0
2
0
0
0
0
0
0
1
1
1
0
0
0
0
1
0
0
0
1
0
3
2
0
1
1
1
0
1
1
1
2
2
1
1
0
0
0
0
0
0
3
0
2
1
1
1
2
1
0
1
1
0
0
2
0
0
0
0
0
1
0
0
0
0
0
0
1
1
2
1
2
2
1
0
0
0
1
1
1
0
2
0
1
0
1
0
2
0
0
0
0
0
1
0
1
0
0
0
0
0
0
1
1
1
0
1
0
0
1
0
0
1
1
0
0
0
1
0
0
0
0
0
0
0
0
2
1
0
0
0
0
1
0
0
0
0
1
0
0
1
1
0
0
0
1
1
0
0
2
0
0
1
0
0
1
2
0
1
0
0
0
2
0
1
0
1
2
1
2
1
0
0
1
0
0
0
1
0
0
0
0
0
1
0
1
1
1
0
0
1
1
0
1
0
0
1
0
1
0
0
0
0
0
0
0
0
1
0
0
0
0
1
0
0
0
1
0
2
0
0
1
1
2
0
1
0
0
1
0
0
1
0
0
0
0
0
1
0
0
1
0
0
1
0
0
0
0
1
0
0
2
1
1
1
1
1
0
0
0
0
0
0
0
0
0
0
0
0
0
0
0
1
3
1
0
0
0
0
0
0
0
1
0
1
0
0
1
0
0
0
1
2
0
0
1
0
0
0
0
0
0
0
1
2
0
0
0
1
0
0
1
0
0
0
0
0
0
1
0
0
0
0
0
0
0
0
0
1
1
1
0
1
0
0
1
2
1
0
0
0
3
0
1
0
0
0
0
1
0
0
0
3
1
1
1
0
3
3
0
0
0
1
0
1
0
0
1
1
0
2
0
1
0
0
0
1
0
2
0
0
0
0
0
0
0
0
3
0
1
0
0
2
0
1
0
0
1
0
1
0
1
0
0
0
0
1
0
1
0
0
1
0
0
0
0
2
0
1
0
0
3
1
1
0
0
0
2
0
0
0
0
0
0
1
0
3
0
0
0
0
0
2
0
0
1
2
1
1
1
0
0
0
1
0
1
0
0
0
0
0
1
2
1
0
0
0
1
0
1
2
0
0
0
1
0
0
1
2
1
0
1
0
2
1
0
1
0
0
1
2
1
0
2
2
1
0
0
0
2
0
2
0
0
0
0
1
2
0
1
1
0
1
0
1
0
0
0
0
1
1
0
0
1
1
1
2
0
1
2
0
0
0
1
0
1
2
1
1
1
1
1
0
0
1
0
1
1
0
1
1
0
0
2
1
2
1
0
1
0
1
2
0
1
1
1
0
2
1
2
0
0
1
2
2
0
1
2
1
1
0
2
1
0
0
1
3
0
0
2
0
0
0
0
0
2
0
3
1
1
0
1
0
0
1
0
2
0
1
0
0
1
1
0
0
0
0
1
2
1
0
0
0
0
1
0
0
2
2
1
0
0
1
1
1
2
0
0
1
1
0
0
0
0
0
0
1
0
0
0
0
0
1
1
0
0
2
1
2
0
0
1
0
0
0
2
0
1
1
0
0
0
0
1
2
0
0
1
1
1
1
1
1
1
0
1
0
2
1
1
0
1
2
1
0
0
1
0
1
0
0
1
0
1
0
0
0
0
0
1
1
0
0
2
0
0
1
0
0
0
0
1
0
0
1
1
0
0
0
0
1
0
0
1
1
0
0
0
0
0
0
0
0
0
0
0
0
0
2
0
0
0
0
0
1
0
0
1
0
2
0
1
0
0
1
0
0
0
0
0
0
0
0
0
0
0
2
1
1
0
1
1
1
1
0
1
1
0
0
0
0
0
0
0
0
0
0
2
0
0
0
0
0
1
1
0
0
0
1
1
0
0
0
0
0
0
0
0
0
1
0
0
0
2
0
0
0
0
0
1
0
0
0
0
0
0
0
0
0
0
0
0
1
0
0
1
0
0
0
0
0
2
1
1
0
0
1
0
0
1
1
0
0
0
0
0
0
0
0
0
0
0
1
2
0
0
1
0
0
0
1
0
0
0
0
0
0
0
0
0
0
0
0
0
0
0
0
0
0
