0
0
0
0
0
0
0
0
0
0
0
0
0
0
0
0
0
0
0
0
0
0
0
0
0
0
0
0
0
0
0
0
0
0
0
0
0
0
0
0
0
0
0
0
0
0
0
0
0
0
0
0
0
0
0
0
0
0
0
0
0
0
0
0
0
0
0
0
0
0
0
0
0
0
0
0
0
0
0
0
0
0
0
0
0
0
0
0
0
0
0
0
0
0
0
0
0
0
0
0
0
0
0
0
0
0
0
0
0
0
0
0
0
0
0
0
0
0
0
0
0
0
0
0
0
0
0
0
0
0
0
0
0
0
1
0
0
0
0
1
0
0
0
0
0
0
0
0
0
2
0
1
0
0
1
1
2
0
0
1
0
2
1
3
1
6
3
3
3
10
4
4
8
8
7
6
11
9
18
17
16
22
20
24
29
26
35
37
32
48
49
54
58
39
72
62
47
79
79
64
69
64
69
86
69
76
69
80
59
66
79
69
67
68
75
75
52
77
72
65
82
63
83
86
68
66
43
80
71
61
64
74
64
62
68
76
65
70
87
80
60
59
57
62
63
70
57
60
63
53
70
77
62
61
62
73
61
66
75
63
63
61
67
45
48
57
59
56
66
63
61
67
69
74
72
65
71
71
78
65
67
88
97
72
67
81
66
48
87
80
89
81
78
79
70
70
86
76
85
90
78
79
88
92
89
82
76
79
83
79
81
84
82
75
90
69
80
91
86
81
73
75
85
87
80
70
90
73
76
75
67
76
63
85
75
67
68
80
84
65
85
75
89
69
72
68
66
49
85
81
55
72
74
70
74
55
71
51
63
85
68
58
68
85
69
69
73
83
63
56
58
63
53
71
52
45
62
68
64
59
68
49
54
63
59
42
48
48
61
61
64
52
52
63
55
48
59
64
54
48
61
57
73
63
57
56
60
71
61
56
61
62
56
68
55
56
64
43
50
71
49
52
54
66
67
56
62
47
68
63
50
59
47
57
59
58
55
62
54
45
60
62
58
60
53
47
60
63
57
56
55
65
52
50
60
49
67
51
57
50
70
60
51
51
54
51
57
59
63
74
68
41
51
57
61
54
47
45
49
55
59
39
64
42
54
60
51
47
59
55
44
53
55
58
54
58
41
50
49
43
46
63
48
56
51
48
41
51
59
42
45
46
38
51
44
58
55
32
48
43
42
53
47
47
37
51
45
36
37
51
42
43
57
53
44
51
43
48
46
40
55
53
47
33
52
48
48
46
44
55
35
44
37
36
41
40
42
48
34
48
42
36
40
38
45
48
39
45
33
26
33
45
45
40
37
49
36
41
33
42
50
53
47
38
41
45
42
34
32
46
40
39
40
33
41
42
39
26
24
36
48
37
44
48
42
43
33
50
45
36
27
31
33
30
45
41
45
21
43
30
36
34
30
29
24
31
41
33
27
38
40
31
44
38
37
34
39
37
36
27
32
30
30
29
30
25
30
26
39
34
28
37
27
27
33
39
28
33
28
40
21
32
26
29
23
31
23
28
36
40
28
19
21
30
23
29
35
38
27
28
24
30
31
25
29
19
37
24
24
23
25
27
30
31
22
22
24
18
27
20
29
23
23
25
31
32
21
31
22
25
28
30
16
25
14
24
28
24
14
21
23
22
22
22
17
17
17
30
26
20
19
23
19
15
23
22
14
15
22
21
18
14
21
20
26
23
27
23
11
23
16
18
15
23
12
14
16
26
15
23
24
11
17
22
25
24
13
24
17
21
18
17
15
17
13
12
19
13
21
17
15
12
14
20
19
14
13
15
16
14
15
13
26
23
16
14
18
16
16
14
17
14
18
17
10
18
13
26
13
16
12
21
16
22
14
14
10
12
13
17
14
23
16
12
15
18
20
12
14
16
12
10
10
12
12
12
16
15
15
8
14
12
13
13
10
25
13
16
15
21
14
11
15
14
23
15
7
20
8
17
11
13
13
18
17
15
12
14
16
16
13
7
8
8
9
11
8
13
7
13
14
16
12
13
13
15
16
14
10
16
14
11
14
15
13
17
14
7
15
15
14
13
7
22
7
18
17
22
10
8
11
12
16
14
8
7
18
11
9
8
15
10
15
18
17
12
12
16
14
7
13
6
17
10
5
12
9
14
10
13
11
7
11
13
10
13
19
14
15
15
13
12
10
10
14
12
8
10
5
12
16
13
14
13
12
9
14
13
11
9
5
13
8
7
12
15
10
8
10
14
10
21
12
13
6
7
9
14
11
8
16
12
11
10
11
8
7
14
23
16
12
11
9
12
10
8
10
16
9
8
20
9
16
14
4
11
6
15
9
6
11
12
8
11
10
12
11
7
12
8
8
16
15
8
8
9
9
15
12
12
8
9
10
9
9
5
6
5
12
6
13
11
9
5
11
9
15
15
7
9
6
15
13
9
9
7
12
4
9
3
13
5
5
5
9
9
8
9
6
6
10
14
8
9
6
13
5
7
10
6
5
5
11
8
7
11
12
7
8
6
7
5
7
7
7
11
8
13
11
2
8
5
13
8
6
3
8
10
8
7
11
11
16
11
10
4
11
7
13
12
10
6
7
10
7
2
8
7
5
11
5
5
5
1
13
5
7
4
14
5
5
8
8
8
8
7
5
6
12
8
7
5
7
5
3
7
6
9
13
3
6
4
7
6
10
8
12
4
5
9
8
10
11
3
10
6
5
12
11
4
11
3
8
8
6
1
8
9
7
8
9
6
5
7
7
11
7
1
10
5
4
9
9
5
8
8
9
7
3
7
9
8
7
5
6
6
3
10
6
5
4
6
6
6
6
5
5
8
3
6
7
8
2
8
7
5
7
3
10
7
8
7
8
4
3
10
3
3
11
5
5
9
5
7
2
11
4
7
7
3
4
7
7
8
8
9
4
5
2
5
7
2
4
4
6
8
2
2
6
3
7
9
3
6
5
4
2
7
6
10
9
4
7
9
2
5
4
10
6
13
6
13
0
4
7
9
3
4
3
3
3
3
2
4
8
1
4
3
6
8
3
2
5
5
4
7
5
6
8
6
5
7
3
4
4
8
4
8
0
1
6
6
5
3
1
2
4
3
9
7
1
5
4
5
4
5
6
2
4
7
7
2
6
3
5
3
4
7
0
1
6
3
4
4
5
7
3
5
3
4
4
4
5
4
2
2
2
5
3
3
3
3
3
5
6
5
7
2
2
3
0
6
10
7
4
4
8
7
3
5
7
4
2
9
4
1
4
3
3
5
5
5
2
7
3
4
3
4
3
4
2
3
3
0
4
2
3
3
3
6
4
6
3
3
0
6
3
2
5
4
4
2
4
4
2
2
5
7
1
1
3
2
3
3
2
5
3
4
2
1
4
4
1
5
5
2
5
1
0
2
4
3
3
3
4
2
3
7
2
7
4
2
5
8
2
6
3
1
3
6
1
3
1
1
5
5
2
5
1
2
2
4
6
2
3
2
2
4
0
2
6
4
3
3
3
3
4
8
4
4
4
4
3
4
5
2
3
2
4
6
2
5
4
2
3
2
3
3
4
4
3
1
4
3
3
2
4
4
3
0
7
4
2
4
8
4
2
3
3
3
4
3
2
5
5
7
2
2
3
1
3
4
4
5
4
3
6
1
2
4
5
4
2
4
3
7
2
4
4
4
4
2
4
6
2
4
5
1
3
0
4
3
3
6
3
3
0
9
4
5
4
5
5
5
2
3
5
6
5
7
3
7
10
6
4
4
4
6
2
3
4
3
3
3
5
7
5
3
3
1
3
4
1
3
7
7
4
3
4
4
2
4
3
3
3
3
6
10
5
4
3
4
6
4
8
7
6
4
7
7
8
8
11
5
4
6
5
6
4
8
6
5
4
7
8
7
6
0
11
14
9
10
14
12
10
12
8
10
10
7
5
7
5
14
5
11
9
4
8
9
10
12
10
4
12
10
10
13
11
11
16
15
11
11
10
12
17
12
13
11
10
10
12
19
12
5
13
16
19
10
17
11
25
17
14
16
19
18
20
17
23
23
15
18
25
20
21
15
18
17
15
18
19
9
15
17
23
16
14
16
18
23
12
22
23
21
14
19
23
19
17
23
22
19
19
14
16
10
11
16
23
18
23
14
22
25
15
18
25
9
18
15
20
19
13
7
22
18
17
22
11
14
16
19
15
9
17
23
22
19
23
13
9
17
16
8
9
15
12
12
17
12
10
10
12
9
10
9
13
19
10
13
8
8
17
9
9
8
7
10
7
13
12
5
14
11
8
11
5
5
11
11
9
5
9
7
5
3
7
5
9
7
10
18
6
7
3
5
5
8
6
1
9
4
7
5
9
5
8
2
3
3
8
7
6
5
6
3
3
4
2
2
5
5
5
4
3
0
2
4
4
6
3
3
1
4
3
6
2
2
2
1
2
4
1
2
4
2
1
0
4
3
1
5
3
3
2
0
3
1
3
4
3
4
3
4
0
1
2
2
1
2
1
3
4
1
1
2
1
3
1
1
0
3
1
3
1
1
1
2
4
1
1
0
3
3
0
1
0
1
1
2
3
1
2
2
1
1
3
0
2
2
1
1
2
1
1
0
2
3
2
1
2
0
0
0
0
1
3
2
1
6
2
2
1
2
3
1
0
2
3
4
0
1
1
1
1
3
2
1
3
3
4
1
1
1
0
4
3
1
2
0
1
0
2
0
2
3
1
2
1
0
0
1
1
1
2
4
1
2
0
3
0
0
1
3
3
1
1
1
0
2
2
3
2
1
4
0
1
1
0
2
1
0
1
2
2
2
1
3
1
0
1
2
2
1
1
2
1
0
0
0
1
1
2
1
0
0
3
1
2
2
0
1
0
0
0
2
1
1
1
0
1
2
0
0
1
0
3
0
0
1
2
1
2
3
2
0
1
2
0
0
1
3
2
2
2
1
2
1
2
1
2
1
1
1
0
0
0
2
1
1
1
2
1
2
0
1
1
0
2
3
2
1
3
1
2
3
1
2
1
2
1
1
3
1
0
1
1
1
0
1
2
3
1
3
1
2
0
0
1
0
1
0
0
3
1
2
1
0
0
1
4
0
2
1
2
1
0
1
1
1
0
0
2
2
0
0
0
2
2
1
3
1
0
0
1
1
1
1
2
1
0
2
0
2
3
1
1
0
4
1
3
0
1
1
2
0
1
0
2
1
2
4
0
2
1
2
2
2
0
1
0
2
1
3
1
1
3
1
2
1
3
0
2
1
2
1
3
2
0
0
1
0
1
2
2
0
0
2
2
2
0
0
1
0
4
1
0
0
2
2
0
2
3
0
2
2
0
0
0
3
0
4
3
2
2
3
3
2
0
2
1
3
0
1
0
2
2
2
2
1
2
0
1
1
1
1
0
1
0
4
0
0
1
1
2
1
0
0
0
0
1
0
0
2
1
2
1
0
1
3
0
2
3
2
0
1
0
2
1
1
1
2
1
1
2
1
4
0
0
0
3
1
3
1
0
3
0
1
3
2
1
0
0
0
1
2
1
2
0
1
1
0
0
1
1
3
0
4
0
0
1
1
0
0
2
1
3
1
1
1
0
4
1
1
0
2
2
2
0
0
2
1
1
0
0
0
1
2
0
1
0
0
0
0
3
0
1
5
0
2
2
0
1
3
1
2
2
0
2
1
1
1
1
2
3
0
1
2
2
2
2
1
1
2
1
2
1
1
2
1
2
1
1
0
1
2
1
0
0
1
4
1
3
2
0
3
1
1
0
1
2
4
1
0
0
1
1
0
1
1
0
2
1
0
0
2
2
1
0
3
1
3
2
4
1
2
1
0
3
0
1
0
1
1
1
2
1
1
1
0
2
0
1
2
2
3
1
3
0
1
0
1
1
0
1
0
0
1
1
0
1
1
2
1
1
1
0
2
0
1
2
1
1
1
0
1
1
0
0
0
1
0
1
2
0
1
0
0
1
3
1
0
1
0
2
0
1
1
1
2
1
2
2
1
0
0
1
0
1
0
0
0
2
0
2
0
0
1
1
1
1
1
0
0
0
1
1
1
1
1
0
0
0
1
1
5
1
2
1
1
0
0
1
2
4
0
0
0
0
1
1
2
2
0
0
0
1
1
0
0
0
1
0
1
1
2
1
1
2
0
0
2
2
0
0
0
1
2
0
1
2
0
1
0
0
0
1
0
0
1
1
1
0
1
2
1
0
0
0
1
1
1
1
0
0
0
0
1
0
0
0
0
0
0
1
1
0
0
0
4
3
1
0
2
1
0
0
0
1
2
0
1
1
0
0
1
1
0
1
0
2
0
1
0
1
1
1
1
0
1
0
0
0
0
4
1
1
0
0
1
0
0
3
0
1
0
0
0
0
0
0
1
0
0
2
1
1
0
0
0
0
1
1
0
1
2
0
1
0
1
1
1
0
1
1
0
0
1
1
0
2
0
1
0
1
2
0
0
0
0
0
1
1
1
0
0
0
0
1
2
1
0
1
2
0
1
0
1
1
1
0
0
1
1
1
1
0
0
1
0
0
2
0
0
1
0
0
0
0
1
0
2
0
2
3
1
0
0
1
0
3
2
3
0
0
0
0
2
0
2
1
0
0
0
0
0
1
0
1
2
0
1
1
0
4
3
2
0
1
0
2
0
1
1
1
1
1
1
2
0
0
1
0
1
0
1
0
1
2
0
1
1
1
3
3
0
0
2
0
1
1
1
0
0
0
1
0
1
2
0
0
0
2
0
1
0
1
0
0
0
0
1
2
1
3
1
1
1
0
1
1
0
2
1
5
0
0
1
1
0
1
0
2
0
1
0
0
1
0
0
0
1
0
0
0
0
2
1
0
0
0
1
1
0
1
1
2
0
1
0
1
1
1
1
1
1
2
0
2
1
0
1
2
0
1
0
0
3
1
0
1
0
1
1
0
1
0
0
1
0
2
1
2
3
1
1
0
0
1
0
0
1
3
0
2
0
0
2
2
1
0
1
0
1
0
2
3
1
0
1
0
0
1
0
0
0
0
1
1
1
0
0
1
0
1
0
0
0
0
1
2
0
0
0
0
1
0
0
2
0
0
0
0
1
0
0
0
0
0
0
3
1
0
0
0
0
1
0
1
0
2
0
0
0
2
1
2
3
0
1
0
0
0
1
1
0
0
0
1
2
0
0
0
0
1
2
0
0
1
0
1
1
0
0
0
2
1
2
0
0
0
0
1
1
1
1
1
0
1
0
1
0
0
0
1
0
0
1
1
1
2
2
1
1
0
1
0
2
0
0
0
1
0
0
0
1
0
2
0
2
0
1
0
0
2
1
0
0
1
0
0
0
0
3
1
0
0
1
0
0
0
1
0
1
1
1
1
0
0
0
0
1
2
1
1
1
3
1
0
0
1
2
0
0
2
1
0
1
0
0
0
1
0
1
1
1
1
0
0
0
0
1
0
0
0
0
0
0
1
1
0
3
1
0
0
0
0
0
0
1
0
0
0
1
0
2
0
0
0
1
0
1
0
0
0
0
0
0
1
0
2
0
1
0
0
0
1
1
0
0
1
3
0
0
0
0
0
0
0
0
0
0
0
0
0
0
0
1
0
0
0
2
0
0
0
0
1
0
0
0
0
2
1
1
1
0
0
0
1
0
1
0
0
3
0
0
0
0
1
1
1
0
0
0
0
0
0
0
1
0
0
0
0
1
0
2
0
0
0
1
2
0
2
0
1
0
1
1
1
0
0
1
0
0
1
0
0
1
0
1
1
0
0
0
0
0
0
1
0
0
1
0
2
1
1
0
0
1
0
0
0
0
0
0
2
0
1
1
1
1
1
0
0
1
0
0
1
0
0
0
0
0
0
1
0
0
1
0
0
0
0
2
0
0
0
1
0
0
0
1
0
0
0
0
1
1
2
1
2
0
0
0
0
0
0
0
0
0
0
1
0
1
1
1
0
0
0
0
1
0
1
2
1
1
0
0
0
0
0
0
0
0
0
0
2
2
0
0
0
2
0
0
1
1
0
0
0
0
0
3
0
0
0
0
0
0
1
0
0
1
0
1
1
0
1
0
1
1
0
0
0
0
1
1
0
0
0
0
0
0
1
0
1
2
1
0
0
0
0
0
1
0
0
1
0
0
0
0
0
0
0
1
1
1
0
0
1
0
0
0
0
0
0
2
1
1
0
0
0
1
0
1
0
0
0
2
1
0
0
0
0
1
0
0
2
0
0
2
1
0
0
1
1
1
1
0
0
2
1
1
1
0
0
0
1
0
1
0
0
0
1
0
0
1
1
2
1
0
2
0
1
0
0
0
0
0
0
1
0
0
0
1
1
0
2
0
0
0
0
1
0
1
0
1
1
0
1
1
0
0
0
1
1
2
1
1
0
1
0
0
0
0
3
1
0
0
0
0
1
1
0
0
1
1
1
0
3
0
0
0
1
2
1
0
1
0
0
1
0
0
0
0
2
1
1
0
2
0
1
0
1
1
0
1
0
2
0
0
0
1
1
1
2
0
1
0
0
2
1
2
0
3
1
0
1
0
0
0
0
2
0
1
0
1
0
1
3
0
0
1
1
2
4
0
2
0
1
1
1
1
3
1
1
2
2
0
0
1
0
0
0
0
0
0
1
0
0
1
1
0
2
2
0
0
0
0
1
0
0
0
1
0
1
3
0
1
0
1
0
0
2
2
0
0
2
1
2
0
0
0
0
0
2
0
1
1
1
0
2
2
1
0
0
0
1
1
0
2
1
0
0
1
0
1
1
1
1
0
2
0
0
0
0
2
1
1
0
1
0
2
0
0
0
0
0
2
0
2
0
0
2
1
2
0
0
1
2
0
0
1
0
0
1
1
0
0
0
1
1
0
0
1
1
0
0
1
0
0
0
1
0
1
1
0
1
1
0
0
1
0
0
0
0
1
0
0
0
0
0
0
1
2
1
0
0
0
0
1
1
0
0
1
0
0
0
1
0
1
0
0
0
0
2
0
0
1
0
0
0
0
2
0
2
0
1
1
0
0
1
0
0
0
1
2
1
0
2
0
0
1
0
0
0
0
1
0
0
0
0
0
0
0
0
1
1
0
0
0
1
0
0
1
2
0
3
2
0
1
1
0
0
0
0
0
1
0
0
0
1
0
0
2
0
1
0
1
0
0
0
0
0
0
0
0
1
0
0
0
2
0
0
0
0
1
0
0
0
1
0
0
0
0
0
0
0
0
0
0
0
0
0
0
0
1
1
0
0
0
0
1
0
0
1
0
0
1
0
0
0
0
0
1
0
0
0
0
0
1
0
0
0
0
0
0
