0
0
0
0
0
0
0
0
0
0
0
0
0
0
0
0
0
0
0
0
0
0
0
0
0
0
0
0
0
0
0
0
0
0
0
0
0
0
0
0
0
0
0
0
0
0
0
0
0
0
0
0
0
0
0
0
0
0
0
0
0
0
0
0
0
0
0
0
0
0
0
0
0
0
0
0
0
0
0
0
0
0
0
0
0
0
0
0
0
0
0
0
0
0
0
0
0
0
0
0
0
0
0
0
0
0
0
0
0
0
0
0
0
0
0
2
0
0
0
0
0
0
0
0
0
0
0
0
0
0
0
0
0
0
0
0
0
0
0
0
0
0
0
1
0
0
0
0
1
1
0
2
2
1
1
2
0
2
4
3
2
2
2
4
2
4
4
4
5
2
8
6
13
7
23
13
9
11
26
18
20
21
22
21
33
24
45
34
49
47
61
56
49
64
71
59
64
68
76
65
64
64
84
71
79
91
78
93
75
74
78
85
71
79
76
80
77
83
73
76
65
89
76
85
91
80
82
76
56
65
76
89
75
72
67
63
60
77
84
78
72
75
62
84
63
71
86
77
65
60
81
84
72
79
71
76
74
63
74
85
74
83
76
83
79
73
82
76
75
95
75
86
87
71
80
76
85
91
75
83
71
103
86
92
102
83
82
92
81
72
65
83
88
86
99
84
100
98
93
75
82
85
81
87
100
104
77
98
107
88
105
101
89
100
88
92
90
110
75
94
72
97
94
115
115
98
86
83
99
93
77
95
89
74
83
79
87
98
83
69
74
83
88
78
75
95
117
74
69
83
80
88
75
74
75
85
72
88
77
83
76
99
59
66
80
68
79
70
81
63
76
70
84
59
93
64
66
74
78
77
69
65
79
82
69
70
73
60
74
53
66
65
76
69
54
83
56
59
68
79
81
58
68
67
71
73
62
63
78
60
71
61
66
68
65
66
65
53
59
52
70
62
63
49
53
60
69
78
73
61
67
75
67
68
74
65
63
52
65
78
63
89
55
50
63
69
66
68
68
47
67
65
50
65
56
60
79
54
65
72
52
65
67
62
68
63
75
67
66
48
60
74
61
56
52
78
72
59
53
59
61
60
64
59
46
58
57
51
56
51
59
46
40
62
62
73
48
50
61
52
50
53
67
71
44
50
53
50
58
43
64
61
41
52
49
47
64
51
63
59
63
60
48
45
60
56
52
61
57
68
51
49
65
50
55
72
58
64
61
63
56
57
51
60
49
61
54
58
45
45
50
61
69
66
56
29
52
45
53
55
58
54
52
52
53
56
61
60
44
55
46
48
59
49
63
46
47
54
54
48
44
39
47
41
35
53
47
48
43
57
48
52
42
46
42
41
44
53
39
54
32
39
45
41
56
40
58
56
53
56
33
36
32
43
48
46
49
42
36
39
41
45
50
43
42
43
40
47
45
45
40
44
38
37
47
39
43
42
37
42
29
43
37
38
33
40
35
37
44
26
42
49
34
22
33
33
38
48
41
40
39
29
36
42
27
36
41
28
32
33
25
35
39
33
36
32
37
38
34
34
27
20
37
24
28
29
24
29
31
31
30
38
37
33
27
33
22
35
31
28
38
25
26
32
23
38
20
34
25
27
22
20
33
29
27
28
21
31
28
19
34
28
30
27
33
26
27
19
20
27
27
22
25
31
24
30
22
30
30
18
20
28
23
19
14
23
27
21
25
29
29
19
21
21
22
23
18
27
19
24
17
19
13
19
32
19
27
18
23
21
19
18
19
25
19
20
22
16
21
27
17
24
16
19
24
20
25
24
17
17
21
14
14
25
17
19
22
19
11
19
30
15
18
13
16
22
21
15
15
17
16
15
23
18
21
17
18
19
21
22
26
22
15
22
19
24
16
20
14
28
28
19
19
18
15
17
20
22
15
21
12
17
18
9
17
15
19
17
24
14
10
20
12
17
12
24
14
22
15
17
21
12
14
12
19
19
17
19
11
21
22
15
15
14
10
20
14
24
14
24
17
11
12
17
17
22
17
19
15
23
16
21
13
12
25
21
12
15
22
16
13
10
20
21
21
13
11
6
11
12
17
24
16
13
13
17
18
15
18
21
18
7
18
18
23
16
24
15
14
11
12
13
24
21
14
11
16
16
16
25
20
18
23
16
15
14
11
17
21
16
21
24
12
9
14
19
22
15
7
17
15
15
14
17
13
11
14
11
16
19
21
19
11
18
16
19
17
9
17
14
10
18
14
19
17
10
17
20
19
13
15
8
17
11
16
8
17
13
19
17
12
19
20
16
12
18
4
17
10
15
19
16
14
13
19
10
9
11
13
15
14
16
13
13
7
7
18
18
17
18
11
11
8
17
14
12
12
14
12
11
9
12
12
12
11
13
10
10
12
15
10
11
9
13
13
13
16
19
11
8
15
12
13
5
14
16
16
5
12
11
14
8
11
8
7
8
4
13
13
13
15
10
17
17
12
14
16
15
17
14
7
10
14
16
10
9
12
17
9
11
6
10
12
12
10
10
13
9
13
16
17
14
10
8
7
9
19
11
11
14
14
6
5
8
11
11
17
18
5
16
10
8
9
8
11
6
8
6
9
15
15
12
3
6
14
17
6
4
11
13
13
7
22
12
10
10
10
3
8
11
11
8
14
12
9
7
5
6
9
11
9
11
14
11
8
12
19
9
9
8
7
8
10
12
13
11
12
18
6
9
9
13
9
8
8
8
11
7
9
10
11
5
8
9
10
12
8
11
9
6
10
13
15
10
10
9
9
7
7
8
7
13
8
14
7
9
7
14
4
9
9
8
12
10
8
9
6
9
6
7
14
5
7
4
10
10
4
9
11
8
8
7
12
5
8
10
8
8
8
7
11
8
4
8
12
10
8
10
5
5
4
14
9
10
12
8
9
8
7
6
11
4
9
9
7
7
6
7
6
10
6
5
6
11
4
8
3
6
10
8
7
6
3
4
5
11
9
4
10
7
8
5
7
7
6
8
4
10
4
11
5
6
7
4
9
8
7
9
6
10
5
6
8
10
6
9
6
6
9
8
6
4
6
7
5
5
8
9
5
6
6
9
6
2
4
9
4
7
6
3
2
7
6
4
2
4
6
2
7
7
3
4
2
2
3
2
7
6
9
7
8
3
4
6
6
7
4
5
9
5
5
6
6
8
7
3
6
6
5
11
4
4
11
5
4
3
2
5
2
2
5
7
3
4
6
7
3
2
5
7
9
4
6
2
4
4
2
4
3
5
5
4
5
6
3
4
6
3
3
5
3
5
3
7
8
3
3
7
2
4
3
7
2
1
9
4
3
7
3
4
6
9
1
6
5
5
3
2
1
3
4
5
2
4
4
3
7
7
2
4
5
4
4
2
8
2
2
2
3
3
3
9
5
2
3
1
6
10
2
2
2
2
5
5
4
2
4
6
4
5
1
6
1
4
6
8
2
8
2
4
2
9
4
5
6
5
5
3
4
3
5
2
2
7
5
5
7
7
5
6
6
6
4
7
5
6
4
1
3
2
6
5
5
5
4
4
8
7
3
4
4
3
6
5
3
5
4
4
4
4
4
8
7
4
4
4
2
3
2
3
6
1
3
4
10
5
5
4
4
6
2
7
0
6
8
3
1
5
5
3
0
7
3
6
1
7
5
2
3
3
3
7
5
5
6
7
7
3
7
7
8
3
1
6
1
6
6
6
7
5
0
8
7
3
9
3
4
7
6
3
3
6
5
6
9
6
0
8
6
9
8
3
8
6
2
10
5
11
7
6
7
5
9
10
12
12
4
6
9
11
8
7
8
11
5
6
7
14
3
8
8
6
10
9
8
9
18
9
7
7
10
12
4
7
15
14
7
10
8
6
10
7
8
11
11
17
6
10
9
14
16
13
20
16
11
11
14
11
16
22
16
9
17
19
11
23
15
19
18
15
18
17
22
13
22
21
23
20
17
18
34
16
15
25
26
30
26
21
25
22
28
22
18
26
27
25
22
21
21
24
28
32
27
30
30
18
25
31
24
25
33
33
28
22
27
30
31
24
35
31
42
36
35
22
36
24
28
23
36
33
24
34
36
28
24
32
29
20
37
30
21
20
24
36
41
30
42
25
22
28
30
37
30
30
30
25
27
34
26
28
34
36
37
24
25
30
27
24
33
33
22
28
28
31
21
22
30
30
18
30
19
37
24
19
23
26
18
17
13
26
30
13
24
21
25
20
17
23
29
17
18
20
22
17
23
22
19
16
22
14
12
20
15
19
16
20
11
15
11
14
12
9
7
15
6
14
13
17
14
12
16
9
11
11
15
12
14
9
10
10
13
9
12
7
10
5
7
10
5
12
8
6
4
3
9
8
5
4
4
8
7
1
2
6
7
2
6
6
7
3
5
8
3
7
8
4
6
1
3
0
3
3
3
5
2
3
5
3
0
5
2
4
2
4
7
3
3
3
3
5
1
4
3
0
3
3
3
5
1
2
2
3
2
0
1
6
2
0
3
2
1
2
2
2
2
1
3
1
2
2
3
3
2
1
1
1
2
1
0
1
4
5
1
1
1
2
1
2
3
3
1
3
1
2
1
1
1
4
1
1
1
3
1
4
2
1
3
6
2
1
0
1
1
1
1
2
0
1
2
1
1
1
1
2
1
1
3
1
0
1
1
0
2
4
4
0
0
3
1
3
3
1
2
6
2
1
2
1
1
3
1
0
0
2
1
2
0
1
2
2
2
2
1
1
2
2
5
1
3
1
1
2
1
1
2
2
0
1
0
0
1
2
1
2
1
0
2
3
0
5
2
1
1
3
1
1
3
0
2
3
3
3
3
1
4
2
0
0
1
1
1
1
0
1
1
0
1
1
3
0
1
0
1
0
1
2
1
3
0
0
1
0
1
2
6
1
2
2
1
2
0
5
2
3
0
1
1
0
0
2
1
1
0
0
1
0
0
2
0
2
1
4
0
0
0
3
0
1
0
1
0
1
0
0
0
0
1
2
3
1
0
1
0
1
1
2
1
1
1
3
0
2
0
0
1
0
2
0
3
0
2
1
1
2
1
0
3
2
4
0
0
2
0
2
0
1
1
2
2
1
0
0
1
1
2
0
3
2
0
1
0
2
1
1
2
0
2
1
0
1
1
0
0
0
1
0
1
0
0
0
5
1
0
1
0
0
4
0
1
1
1
0
0
2
1
0
0
1
1
2
1
0
2
0
4
1
2
0
2
1
1
1
4
0
1
2
0
2
1
0
2
2
0
3
1
2
3
2
0
1
1
0
1
0
0
1
2
0
0
1
0
3
2
2
2
1
0
2
2
0
3
0
3
0
1
1
2
1
1
2
1
1
1
3
0
2
1
0
2
2
2
0
0
0
2
2
2
1
1
4
0
1
0
2
4
1
2
2
0
1
1
0
0
0
0
0
1
0
0
2
0
2
1
2
1
1
1
1
3
4
2
2
3
1
0
0
1
3
2
3
1
0
1
0
1
2
4
1
1
0
1
2
1
2
3
1
2
2
3
0
2
1
2
1
0
0
0
1
0
0
1
2
2
1
1
2
1
0
2
2
0
2
1
2
0
1
1
1
1
4
0
1
1
0
1
1
1
1
3
1
2
1
3
4
1
0
0
1
1
3
2
0
1
1
3
0
3
1
4
0
0
1
1
1
0
1
1
0
0
2
1
1
2
2
0
1
1
2
1
2
1
1
1
3
0
1
1
2
0
2
1
1
2
1
0
0
1
0
0
2
1
1
1
1
1
2
2
2
0
0
0
1
1
1
1
1
0
0
1
0
2
2
3
2
1
0
0
3
1
0
2
2
2
0
1
1
0
1
1
0
1
0
4
2
2
0
0
1
2
1
0
0
1
1
0
0
1
1
1
1
2
1
3
1
1
2
2
1
1
0
3
1
1
0
0
0
1
0
1
0
2
3
0
1
0
2
2
1
0
0
0
1
1
2
0
1
1
0
0
0
0
0
0
0
1
1
3
0
1
1
2
3
0
0
2
1
1
2
1
0
1
0
3
2
0
0
2
5
1
0
1
1
0
1
0
2
1
2
1
2
0
2
0
3
0
1
2
1
0
1
3
1
0
0
1
2
1
0
1
1
2
1
1
1
0
0
0
1
1
0
0
1
1
0
0
0
0
1
0
2
0
0
0
0
1
1
1
2
2
0
1
3
0
1
2
0
1
1
1
3
0
0
0
1
1
2
1
0
0
0
0
2
0
0
0
1
3
0
0
0
0
1
2
0
0
0
1
0
0
0
0
0
0
0
0
1
1
1
2
1
0
1
0
2
2
0
2
1
3
0
2
0
0
1
0
0
2
2
0
1
0
0
2
0
0
0
2
0
1
0
1
2
0
0
0
0
0
1
1
0
0
2
1
0
1
0
0
0
1
0
0
1
0
0
2
1
3
1
1
0
0
2
0
0
1
3
0
0
0
0
0
1
1
0
1
1
1
0
1
0
1
0
0
1
1
1
1
0
1
1
4
0
0
0
2
0
0
3
2
0
0
1
0
1
2
0
4
1
2
0
1
0
0
0
1
2
2
0
0
0
2
0
1
1
0
0
2
1
0
0
2
0
3
0
0
2
3
1
0
0
1
0
1
0
0
0
0
2
1
1
1
0
1
2
2
0
0
0
0
1
1
4
0
0
0
0
2
2
1
1
2
0
1
1
2
0
1
1
1
0
0
0
0
2
1
0
0
1
0
2
0
0
2
2
1
0
1
1
1
0
0
0
3
1
0
1
1
1
1
0
2
1
0
0
5
0
0
1
0
0
2
0
1
1
1
0
2
0
0
1
0
2
2
1
3
0
0
0
1
1
0
1
0
0
1
0
3
0
0
0
4
0
3
1
2
2
0
0
0
0
0
0
0
3
0
2
2
0
0
1
0
1
1
0
0
0
0
0
0
3
0
2
2
2
2
0
0
1
1
0
2
0
2
1
1
0
1
0
1
0
2
1
0
0
2
0
2
1
3
0
2
0
0
0
1
0
0
1
1
1
1
0
1
2
2
4
2
0
3
0
0
1
0
3
0
0
1
0
1
1
0
1
1
0
0
0
0
0
0
1
1
1
0
1
1
1
1
0
0
1
2
0
0
0
1
1
1
1
0
3
1
1
1
0
0
1
1
2
0
0
0
1
2
1
1
1
0
0
0
0
1
0
1
2
1
1
1
1
0
0
1
0
1
0
1
1
0
0
1
0
0
0
0
0
1
0
0
0
2
2
1
0
0
0
4
0
1
1
0
1
1
0
1
0
0
1
0
2
0
0
1
0
1
1
1
1
0
1
0
1
0
1
0
0
0
0
0
2
1
1
0
1
0
2
1
0
1
0
1
1
1
1
0
0
0
0
1
3
0
1
0
0
0
0
0
2
2
0
1
0
1
0
0
0
0
0
0
0
0
0
1
2
0
1
1
1
1
1
0
0
0
0
0
1
0
1
0
0
1
0
0
1
0
0
0
0
0
0
0
0
1
0
1
0
0
0
0
0
1
1
0
1
0
0
0
0
0
0
0
0
0
0
1
1
1
0
0
0
1
0
1
1
0
2
1
1
0
0
0
0
0
0
1
0
1
0
1
0
0
0
2
3
0
0
0
0
0
1
0
0
0
0
0
0
0
1
0
0
0
0
0
0
0
0
1
0
1
1
0
0
0
1
0
2
0
0
1
0
0
0
1
0
0
0
1
0
0
1
0
0
0
1
2
0
0
0
0
0
0
0
0
0
0
0
0
1
1
0
0
1
0
1
1
2
1
0
0
0
2
1
0
0
0
1
0
0
2
0
0
0
0
0
0
0
0
0
0
0
1
0
0
0
1
0
0
1
0
2
0
0
1
0
0
0
0
2
0
2
0
1
0
0
0
1
1
0
1
0
0
0
1
0
0
0
0
2
0
1
0
0
0
1
1
0
0
1
1
0
1
0
0
0
0
0
0
0
1
0
0
0
1
0
0
1
1
0
1
1
0
0
0
0
0
0
1
1
1
0
1
0
2
1
1
0
0
0
0
0
0
0
0
0
2
1
0
0
1
0
0
2
0
0
1
0
0
0
0
1
1
0
2
0
1
0
1
0
1
0
0
0
0
1
1
0
1
0
0
1
0
1
0
0
0
2
0
0
0
0
0
0
1
0
0
1
2
0
0
2
2
0
0
0
0
0
0
1
0
1
0
0
1
0
1
0
1
1
0
0
0
1
0
0
1
0
0
1
0
1
0
0
0
0
1
2
0
1
1
0
0
0
2
0
0
0
0
0
0
0
2
0
0
0
1
0
0
1
0
0
1
1
0
1
0
0
0
1
1
0
0
3
2
0
0
0
1
0
0
0
0
2
1
0
0
1
0
0
1
1
0
0
1
0
0
0
1
0
0
0
1
0
1
1
0
0
0
3
1
1
1
2
0
1
1
0
0
0
1
0
1
0
2
1
0
1
3
0
0
0
1
0
0
0
0
1
0
0
0
3
1
2
0
0
3
1
0
1
0
2
2
1
0
0
0
1
0
0
0
2
1
0
2
0
0
1
0
2
0
1
0
0
1
1
1
0
0
1
0
1
1
0
0
0
0
0
1
0
2
0
2
0
0
0
0
0
0
0
1
0
0
1
1
0
0
0
2
0
1
0
0
0
0
2
1
0
0
0
1
1
0
1
1
0
0
0
2
3
0
2
1
0
0
0
1
2
0
1
2
0
2
1
0
0
1
0
1
0
0
0
2
0
1
1
0
1
0
0
0
0
0
1
0
2
0
0
0
0
0
2
2
0
1
2
0
2
1
0
0
2
1
1
2
0
0
0
0
0
0
0
1
0
0
1
1
0
0
0
0
0
1
2
0
0
2
0
0
0
0
2
1
0
0
0
0
1
0
0
0
0
0
1
1
0
0
0
0
0
1
0
0
0
0
0
0
0
0
0
1
1
0
1
0
1
0
0
2
0
0
1
0
0
0
3
0
0
0
0
0
0
1
0
0
1
0
0
2
0
0
0
0
1
0
0
0
1
0
0
0
0
0
0
0
0
0
0
0
0
0
1
0
0
0
0
0
1
0
1
0
0
0
0
0
0
1
0
0
0
0
1
0
0
0
0
0
1
0
1
0
0
2
2
0
0
0
0
0
1
0
0
0
0
1
2
0
0
0
0
1
0
0
0
0
1
0
1
0
0
1
0
0
0
0
0
0
1
1
0
1
1
0
0
0
0
0
3
0
1
0
1
2
0
1
0
1
0
1
0
0
1
1
0
2
0
3
0
1
0
0
0
0
1
1
0
0
0
0
0
