0
0
0
0
0
0
0
0
0
0
0
0
0
0
0
0
0
0
0
0
0
0
0
0
0
0
0
0
0
0
0
0
0
0
0
0
0
0
0
0
0
0
0
0
0
0
0
0
0
0
0
0
0
0
0
0
0
0
0
0
0
0
0
0
0
0
0
0
0
0
0
0
0
0
0
0
0
0
0
0
0
0
0
0
0
0
0
0
0
0
0
0
0
0
0
0
0
0
0
0
0
0
0
0
0
0
0
0
0
0
0
0
0
0
0
0
0
0
0
0
0
0
0
0
1
0
0
0
1
0
0
0
0
0
0
1
2
0
1
1
1
0
2
1
0
0
2
1
0
0
1
1
3
0
2
1
2
0
2
2
3
2
2
7
2
1
7
8
7
7
5
7
9
6
10
12
9
18
21
15
23
23
23
30
32
29
24
34
37
42
55
62
62
59
68
76
68
58
64
72
83
68
90
64
77
87
86
88
72
75
75
77
84
65
79
82
78
79
83
84
75
82
80
88
85
65
74
73
61
85
83
75
68
68
76
79
81
68
82
70
81
84
64
63
73
73
74
88
73
82
75
101
81
80
71
86
64
73
80
71
70
75
78
78
81
71
79
68
67
75
87
80
70
61
92
85
72
85
70
78
73
98
83
89
77
94
86
90
79
88
89
101
90
85
91
95
107
85
88
106
95
85
92
87
95
112
82
99
91
81
91
92
102
97
89
97
106
85
96
111
97
72
84
87
93
88
89
87
109
84
86
93
91
78
84
94
101
83
64
78
86
96
80
79
89
87
84
90
83
74
80
73
73
75
85
88
73
71
81
75
75
75
83
79
53
67
72
82
66
78
68
63
69
64
55
73
76
69
76
76
78
63
72
69
57
95
64
69
73
77
62
69
65
66
62
69
50
69
80
69
74
67
74
69
73
67
58
50
68
49
60
57
60
63
67
57
68
72
72
63
61
70
64
63
58
60
59
79
65
71
56
60
64
69
64
73
61
68
67
70
58
57
59
64
61
42
62
55
62
64
49
69
73
65
60
63
61
69
64
73
53
60
72
69
67
76
50
68
56
68
67
55
55
53
61
69
50
56
55
52
67
60
68
61
52
57
46
68
58
61
54
52
68
70
61
61
60
55
62
71
63
51
45
48
59
55
71
54
59
63
57
54
58
49
45
51
53
56
47
51
46
45
54
44
56
40
43
52
50
56
44
47
49
52
48
41
48
56
56
52
52
42
45
48
50
53
54
49
47
53
56
59
53
46
32
52
57
46
60
50
46
54
53
57
50
57
50
44
41
42
41
48
48
48
51
56
38
53
48
50
46
63
55
59
42
63
41
38
43
39
32
47
46
39
48
45
39
61
44
43
43
50
37
49
30
53
44
34
36
49
37
42
57
32
47
42
41
39
39
43
35
52
47
42
39
37
37
32
55
46
36
44
33
38
30
28
32
40
47
45
36
32
42
43
41
34
40
41
28
43
47
40
43
54
32
29
32
40
47
40
29
36
31
34
44
34
27
39
40
33
42
43
33
33
28
34
34
39
39
30
38
44
45
45
38
41
33
31
33
35
40
22
43
25
33
33
27
38
24
28
36
28
27
33
22
41
35
30
35
30
24
32
25
22
26
38
30
33
38
28
35
22
24
28
18
27
23
24
36
29
33
29
28
32
28
25
30
23
28
19
15
29
19
28
25
26
21
22
26
30
21
28
25
18
27
21
25
22
32
28
27
21
25
18
28
25
25
30
17
15
22
22
27
25
21
24
21
19
17
24
18
17
20
20
14
26
24
17
17
19
22
19
21
17
20
19
22
22
21
23
31
15
14
29
29
18
21
19
17
22
10
14
21
18
15
24
24
17
15
12
20
16
22
22
23
18
26
16
7
15
27
19
17
19
9
23
15
13
16
23
19
10
19
12
18
17
17
13
14
18
15
17
16
19
18
15
13
18
21
21
15
20
15
19
16
12
10
18
17
13
18
15
13
11
17
14
18
15
19
12
13
16
15
9
15
14
12
10
23
18
19
17
16
27
19
11
13
6
11
17
12
15
15
14
13
15
16
20
14
14
17
15
15
11
9
22
22
15
11
8
16
20
18
13
15
12
22
14
18
18
10
20
12
21
19
10
16
13
14
13
18
16
21
15
17
13
14
21
11
13
10
18
9
14
8
15
9
13
22
16
10
16
18
12
7
10
14
11
10
19
13
15
19
12
12
13
12
17
18
16
6
11
16
14
11
8
14
7
7
11
17
10
10
8
10
18
10
13
19
13
13
15
12
19
16
16
7
8
18
12
16
12
16
13
16
12
10
11
15
14
16
15
12
11
10
12
16
9
7
12
10
14
14
10
16
7
5
7
13
13
12
15
12
13
13
9
9
12
8
8
11
9
10
9
14
5
14
7
8
14
15
8
8
17
16
10
7
9
8
10
8
7
19
6
13
9
9
11
10
5
11
6
15
9
13
12
7
14
15
12
9
14
11
11
12
15
13
11
6
11
11
8
18
9
10
7
10
12
17
12
7
9
12
8
12
10
8
7
9
6
13
10
17
9
9
6
7
12
6
7
9
14
7
14
13
13
14
4
12
11
11
6
8
14
7
8
10
6
7
15
10
15
8
11
10
7
7
10
8
5
9
11
10
12
14
10
16
11
12
7
11
5
8
7
9
11
16
11
9
5
7
4
10
7
12
6
12
6
9
13
13
6
4
12
7
12
8
6
7
13
8
9
9
12
9
10
12
7
14
12
8
6
14
9
7
12
9
9
6
10
11
9
4
14
9
16
8
17
9
8
9
12
10
10
11
9
8
4
1
8
8
3
6
5
3
6
6
7
8
8
14
7
10
10
14
9
8
15
5
6
6
11
9
9
7
5
0
11
5
9
9
10
4
7
2
8
8
4
7
10
5
12
5
13
12
7
5
8
8
8
4
6
5
18
5
6
9
11
4
5
10
9
4
7
11
10
3
9
5
11
6
10
5
4
4
4
7
4
12
9
12
9
8
4
3
3
7
7
3
4
3
4
8
4
3
3
3
7
8
5
4
5
4
8
6
9
4
4
3
7
10
4
9
3
4
6
6
7
4
9
10
4
2
9
8
7
8
5
6
4
5
10
9
3
4
4
6
5
4
4
8
4
5
6
7
5
2
4
3
4
2
5
4
7
6
5
5
3
2
7
3
3
7
4
7
8
5
7
4
2
3
2
9
3
4
7
3
3
9
4
2
4
6
2
5
2
6
10
3
6
0
4
6
2
0
4
7
6
4
4
4
3
1
1
5
5
2
10
3
4
4
4
2
2
7
3
5
8
5
5
6
1
5
6
4
3
2
4
3
2
3
4
6
12
4
5
5
0
2
6
3
0
6
4
8
2
4
5
4
3
3
5
7
3
2
3
3
1
3
3
6
5
2
5
7
4
4
4
5
6
2
8
4
5
3
4
2
6
5
5
4
3
2
2
3
3
3
3
3
2
5
3
3
4
3
4
3
3
2
9
4
5
3
5
4
4
6
5
3
5
4
2
5
8
5
2
3
5
7
5
3
5
3
2
3
6
3
4
4
4
4
5
9
3
6
3
2
2
0
4
4
5
2
4
5
5
4
5
4
5
6
3
6
1
3
3
5
4
9
1
4
4
5
5
3
4
6
2
6
5
4
4
3
3
4
4
3
7
9
2
3
3
5
2
5
2
5
1
8
6
5
4
3
9
3
6
9
2
8
4
1
8
3
4
11
7
8
9
8
7
3
6
8
9
4
6
3
5
9
3
4
4
5
5
11
2
8
7
7
4
8
5
9
6
7
8
10
6
7
5
13
6
10
9
9
7
6
10
12
2
11
9
11
9
6
9
14
15
11
8
16
7
9
14
11
7
11
23
18
13
17
16
10
18
15
13
8
15
15
15
9
15
13
10
23
16
11
15
13
19
15
20
14
16
17
19
9
15
21
22
24
21
19
18
17
11
27
24
23
19
14
24
21
25
17
13
32
29
27
21
19
23
25
25
24
15
13
20
26
30
31
19
21
39
33
23
25
23
19
27
20
31
23
28
27
23
31
38
22
19
35
24
22
29
32
33
24
27
36
26
27
20
16
15
16
29
21
27
26
14
35
25
18
23
25
20
27
27
28
23
32
29
21
30
31
24
31
19
24
23
25
14
18
25
26
22
29
24
20
13
16
17
27
21
25
18
10
21
27
17
20
27
18
15
27
25
25
17
13
15
17
12
16
11
18
17
22
13
17
14
12
15
13
11
20
10
13
10
15
14
13
19
11
16
10
12
13
13
8
14
6
10
5
4
7
4
6
6
11
11
9
8
6
2
13
5
9
10
5
11
4
3
9
4
6
6
8
4
6
3
3
4
3
6
4
8
3
6
2
6
6
5
3
3
3
2
4
6
1
8
4
3
6
2
4
1
0
3
2
4
2
1
3
1
3
1
3
7
4
2
2
3
1
7
2
1
4
2
0
0
4
3
3
2
2
2
3
2
0
2
2
5
3
2
1
2
2
2
0
1
3
3
0
3
4
6
1
2
3
4
1
0
0
4
3
3
2
2
2
1
2
3
2
0
1
1
5
4
1
1
5
1
2
2
2
1
0
0
2
2
1
2
3
1
0
2
2
2
0
0
2
1
0
1
2
4
0
1
3
0
4
1
1
1
2
1
2
3
3
2
2
2
0
0
1
0
0
1
2
2
3
1
0
2
0
2
0
1
2
1
0
0
5
1
1
1
0
0
0
1
2
0
0
2
0
2
4
3
1
3
1
2
0
2
1
3
2
1
0
1
1
4
2
0
1
0
2
0
1
2
2
1
2
0
1
1
1
2
1
1
1
1
3
2
0
1
0
2
2
1
2
1
4
0
1
0
2
3
1
4
1
0
3
2
3
2
0
1
0
4
4
2
3
2
3
2
2
2
3
2
1
0
2
2
1
0
2
1
0
2
2
0
1
1
2
0
1
3
1
2
3
2
0
1
0
0
0
0
0
1
1
1
2
2
4
1
2
1
2
0
1
1
0
0
0
2
0
1
1
2
0
1
1
1
2
1
2
2
1
0
1
3
2
1
2
0
3
1
3
1
2
1
3
0
0
2
2
1
4
1
2
2
0
1
0
1
0
2
1
1
0
0
1
0
1
2
0
2
1
0
1
0
0
3
3
2
2
4
2
0
2
3
1
2
0
3
2
2
0
1
0
0
1
2
1
2
1
2
0
1
2
0
0
0
1
1
2
2
3
1
3
0
2
0
0
0
2
1
0
0
2
1
0
0
0
3
3
1
1
0
1
0
1
1
1
4
0
1
1
2
2
4
1
0
1
2
1
1
4
0
4
0
2
0
2
0
0
0
1
3
2
4
0
0
2
2
1
1
2
3
1
0
2
0
1
1
1
0
2
1
2
0
2
2
1
1
0
1
2
1
3
3
0
1
1
0
1
0
1
1
1
0
0
0
1
1
1
1
0
2
3
2
3
2
1
2
3
0
1
1
2
1
2
1
0
3
1
1
1
3
4
1
1
2
1
1
0
2
1
2
2
4
1
1
0
1
0
0
1
2
1
1
2
0
2
0
3
1
0
2
0
0
1
1
0
3
1
0
2
0
1
1
0
1
0
2
1
1
1
0
1
0
1
1
1
0
4
0
2
3
0
2
0
1
0
0
1
0
2
1
0
0
3
0
0
0
3
0
2
0
1
1
0
3
2
1
1
0
1
0
1
1
1
2
0
1
2
0
0
0
3
0
2
0
1
1
1
1
1
1
0
1
4
1
1
1
0
2
1
1
1
1
2
0
1
1
0
3
0
2
0
1
2
2
0
2
0
1
0
1
0
0
0
0
2
0
3
2
1
0
0
1
2
1
4
3
2
0
1
0
2
1
0
0
0
3
0
1
1
1
1
2
0
0
0
2
1
0
1
1
3
0
0
2
0
2
3
2
1
1
1
0
0
1
1
1
1
1
0
0
2
2
1
1
0
2
1
1
0
0
2
1
0
0
1
3
0
0
0
1
0
0
2
1
1
1
0
0
0
1
1
3
2
1
0
2
0
3
0
1
0
2
2
0
1
1
1
0
2
1
3
2
0
2
2
1
0
0
0
1
0
1
1
0
1
0
0
1
3
0
1
2
0
0
1
1
0
0
1
0
0
0
1
2
1
2
0
1
2
1
0
0
0
1
1
1
1
1
0
1
1
1
1
0
0
0
1
2
1
1
0
2
2
0
2
1
1
0
1
0
1
1
0
1
1
1
0
0
1
1
1
2
1
1
0
1
0
0
0
0
1
1
3
0
1
0
1
0
1
0
0
0
0
0
1
0
1
2
0
0
0
1
0
2
1
0
1
2
0
3
0
0
1
1
0
0
1
1
1
2
0
1
0
0
1
2
1
2
1
1
1
0
1
0
1
1
0
2
1
2
0
1
0
0
1
3
0
2
0
0
0
2
0
0
0
2
1
2
2
2
0
0
1
0
1
2
1
0
1
1
0
1
0
0
1
1
0
1
0
0
0
1
1
0
0
0
2
0
0
2
0
1
1
0
1
2
0
1
2
0
1
1
3
0
0
1
1
0
2
1
0
0
0
1
0
0
1
1
0
0
0
1
0
0
2
0
0
1
0
0
0
1
1
2
1
2
2
1
1
0
0
0
1
0
0
1
2
3
0
2
0
0
0
0
0
0
2
1
1
2
0
0
0
2
2
1
2
1
0
1
1
0
0
1
1
1
1
0
0
1
0
1
2
0
0
0
4
2
0
0
0
0
1
0
1
0
1
0
1
1
0
2
0
1
1
0
1
1
1
1
1
1
1
1
0
0
0
0
0
1
1
0
2
1
3
0
0
1
2
0
0
0
0
2
1
0
2
0
0
0
0
3
2
2
2
0
0
0
1
0
2
2
2
1
0
1
0
0
1
1
1
1
0
1
0
1
1
1
2
0
0
1
1
0
0
2
1
1
0
0
0
0
0
1
3
0
1
3
2
0
0
0
2
1
0
0
0
0
1
1
1
0
1
0
1
1
1
2
1
0
1
2
0
1
0
0
2
1
0
0
0
0
0
1
0
0
0
1
1
0
0
0
2
0
0
0
1
1
1
0
0
1
1
0
2
1
2
1
2
1
1
0
0
1
0
1
2
1
0
2
0
0
0
1
2
1
0
0
3
2
1
1
1
0
0
0
1
0
1
0
1
1
0
1
0
1
0
0
2
0
0
0
0
2
0
1
0
1
0
2
0
0
1
0
1
0
0
0
1
0
1
1
0
1
0
0
1
0
3
1
2
1
0
0
0
0
2
2
0
1
0
0
2
0
0
0
1
0
1
0
2
2
3
0
0
1
1
1
0
0
0
0
0
1
0
1
2
0
0
1
0
1
0
0
1
0
1
0
0
0
0
1
0
2
1
1
0
0
0
2
0
2
0
1
0
2
0
2
1
0
0
1
0
2
0
1
0
0
1
1
0
1
1
1
2
0
1
1
0
5
0
0
0
1
0
0
0
0
0
0
2
1
0
1
0
1
0
0
0
1
1
0
0
0
0
0
0
0
1
0
1
0
0
0
0
0
0
1
0
0
0
0
1
0
1
1
0
1
0
1
0
0
0
0
0
0
1
0
0
0
0
0
0
0
0
0
1
1
0
0
0
2
0
1
2
1
0
0
0
0
2
1
0
0
1
1
0
0
0
1
1
0
3
0
0
1
0
0
0
0
0
1
0
0
3
0
0
0
1
0
0
1
0
0
0
0
0
1
1
0
0
0
1
0
1
0
0
0
0
0
0
0
1
0
1
0
1
3
0
1
0
1
1
1
0
0
0
0
0
0
1
1
0
0
1
0
0
0
0
0
0
0
1
0
0
0
1
0
0
0
0
0
0
1
1
0
0
0
1
1
2
1
1
2
0
1
1
1
2
0
0
1
1
0
1
0
1
1
0
1
0
1
2
0
0
0
0
0
2
0
0
0
1
0
0
0
0
0
0
0
0
1
0
0
0
0
1
0
1
1
0
0
0
0
0
1
0
1
0
1
0
0
0
0
0
0
0
0
1
0
0
0
0
1
0
1
0
0
0
0
0
0
0
0
0
1
0
2
1
0
0
1
0
0
1
0
2
1
0
0
0
1
0
0
0
2
0
0
0
0
0
0
1
0
0
0
2
0
0
0
1
1
0
0
0
1
0
0
2
0
0
0
0
3
0
0
0
0
0
0
2
0
0
0
0
1
1
1
2
1
1
1
2
0
0
0
0
0
0
0
1
3
0
0
1
1
0
1
1
0
1
1
2
1
0
1
0
1
0
0
1
1
1
0
0
1
0
0
2
0
0
0
1
1
0
0
0
0
1
3
1
0
0
1
2
0
2
0
1
1
0
0
0
0
0
1
0
1
0
0
1
1
0
0
0
1
2
0
1
0
3
2
3
0
1
0
2
0
0
0
0
1
0
2
1
1
0
0
0
0
1
1
2
0
0
0
1
2
0
0
1
0
2
1
0
3
0
0
1
0
2
0
2
1
0
1
0
1
3
0
1
0
2
0
0
0
2
1
1
2
0
0
1
0
1
0
0
0
0
2
1
1
0
0
0
0
0
1
1
1
1
2
0
1
1
0
1
0
0
0
0
1
0
0
2
1
0
1
2
1
0
1
0
0
0
3
3
0
1
0
0
1
2
0
0
0
0
0
1
1
1
0
2
2
0
1
1
0
0
2
1
0
1
0
0
0
1
0
1
1
0
0
2
0
0
0
0
0
2
0
1
0
0
1
0
0
0
0
0
1
0
0
1
0
0
1
0
1
0
1
0
1
1
1
0
0
0
1
1
3
1
2
0
1
1
0
0
0
1
0
0
0
1
0
0
2
1
0
1
0
0
0
0
1
0
0
0
0
1
1
0
0
1
0
0
0
1
0
0
1
0
0
4
0
0
1
1
1
1
0
1
0
1
0
2
1
1
2
2
0
0
0
0
0
0
0
0
0
0
0
1
1
0
0
0
0
1
0
0
0
0
0
1
0
0
3
0
1
0
0
0
1
0
1
2
0
0
0
0
1
0
0
0
0
1
1
0
0
1
0
0
0
0
0
0
1
0
0
0
0
0
0
1
1
0
1
1
1
0
0
1
0
0
0
0
1
0
0
0
0
0
0
1
1
0
0
1
0
0
1
1
0
0
0
1
1
0
0
1
1
0
0
0
0
1
0
0
0
0
0
1
0
0
0
0
0
0
1
0
0
0
0
0
0
0
2
0
0
2
0
0
0
0
0
1
0
0
1
0
0
1
0
1
0
0
0
