0
0
0
0
0
0
0
0
0
0
0
0
0
0
0
0
0
0
0
0
0
0
0
0
0
0
0
0
0
0
0
0
0
0
0
0
0
0
0
0
0
0
0
0
0
0
0
0
0
0
0
0
0
0
0
0
0
0
0
0
0
0
0
0
0
0
0
0
0
0
0
0
0
0
0
0
0
0
0
0
0
0
0
0
0
0
0
0
0
0
0
0
0
0
0
0
0
0
0
0
0
0
0
0
0
0
0
0
0
0
0
0
0
0
0
0
0
0
0
0
0
0
0
0
0
0
0
1
0
0
0
0
0
0
0
0
0
0
0
1
0
0
1
1
0
0
0
1
1
0
1
1
0
1
0
0
0
0
1
1
2
2
3
4
6
5
7
4
6
7
11
8
9
13
12
13
15
13
18
16
29
17
26
33
46
45
39
52
49
45
47
53
66
68
60
60
72
64
77
72
73
60
84
75
71
82
69
83
64
72
75
85
69
75
83
74
89
86
76
72
83
80
87
78
66
67
73
74
68
69
80
75
68
72
84
72
76
64
81
78
64
70
79
83
62
68
59
70
74
69
57
74
91
62
69
67
71
67
70
85
75
71
67
75
75
84
78
68
62
79
87
64
71
67
92
99
84
76
75
87
63
64
72
67
77
76
82
91
78
78
86
87
88
78
92
89
70
83
93
84
92
90
98
87
76
89
94
76
79
97
73
93
89
91
82
91
74
78
101
83
89
87
106
99
85
83
74
82
96
77
79
92
87
78
71
73
68
81
77
75
76
77
92
84
75
99
76
86
82
71
91
84
61
73
66
58
85
88
67
91
68
97
74
70
65
70
66
58
93
71
61
80
71
63
60
75
75
72
64
67
66
57
73
65
66
62
57
79
67
58
49
71
63
69
71
63
77
63
68
56
64
68
59
74
55
76
58
62
67
55
57
62
58
61
65
55
64
59
58
52
59
63
83
63
57
59
52
57
63
61
50
61
56
65
53
69
48
65
53
54
65
65
72
57
58
64
53
68
65
55
53
54
64
60
55
61
60
52
62
63
61
59
65
63
70
63
45
64
61
60
64
57
55
64
56
59
61
48
57
60
54
53
54
54
51
54
55
58
71
65
65
52
52
63
66
56
51
57
61
57
64
64
42
57
51
61
54
59
63
65
53
52
55
59
54
59
65
43
49
60
74
56
61
60
44
57
65
71
51
47
61
60
46
42
49
55
47
64
52
57
42
47
50
48
46
57
52
41
53
59
55
59
50
57
51
41
61
53
51
61
45
52
56
45
61
48
67
42
39
56
35
47
38
43
47
44
52
41
45
50
48
37
53
48
37
47
55
52
42
45
48
49
49
50
48
40
43
44
51
43
41
37
46
41
33
42
41
37
41
49
38
44
40
32
48
34
34
41
39
40
33
34
31
38
39
39
42
41
48
47
48
36
35
46
34
31
42
41
27
31
38
36
39
30
34
44
40
33
36
31
48
35
44
32
38
37
37
39
30
39
29
29
40
20
27
32
29
31
38
29
39
33
37
31
39
33
35
30
32
29
31
33
32
30
23
28
27
28
31
29
41
34
38
36
34
36
25
31
19
28
27
37
24
25
35
33
27
29
26
25
21
27
24
19
24
22
30
24
19
31
29
22
28
23
32
26
30
32
20
19
27
25
18
27
20
16
20
26
23
26
20
32
22
24
20
20
26
30
31
30
29
27
24
20
25
26
25
22
20
28
20
30
25
24
30
33
12
24
25
31
13
31
25
22
20
17
21
22
25
21
27
25
12
22
15
33
18
25
15
26
24
26
11
23
19
23
16
20
15
22
17
26
19
20
20
23
15
30
19
21
19
23
22
23
19
15
12
21
22
18
26
17
14
22
21
15
18
17
22
28
20
19
20
18
23
19
20
21
28
24
16
21
15
17
15
17
16
20
16
21
22
19
17
11
17
18
16
21
16
19
15
18
20
15
20
15
19
14
12
23
24
18
14
21
26
24
12
14
19
16
16
14
23
17
15
17
16
16
12
16
20
27
9
11
18
13
16
16
17
18
12
17
13
20
22
15
18
16
20
13
13
18
20
15
16
16
20
12
15
13
21
21
19
16
18
19
19
16
18
9
19
18
22
23
20
22
17
10
16
18
18
20
15
16
19
21
18
11
13
9
15
14
20
12
21
13
12
9
18
12
15
15
16
11
11
17
16
16
17
23
9
14
14
14
17
15
20
12
15
15
13
16
13
21
16
31
14
16
17
11
19
7
17
14
14
15
21
15
12
21
17
13
19
17
17
15
12
19
18
17
14
11
20
14
16
16
7
15
11
11
10
13
14
14
24
11
14
17
11
19
13
11
13
14
12
17
12
21
10
16
21
14
10
10
13
10
8
13
16
20
11
12
9
17
9
13
9
16
15
9
20
9
10
10
11
9
19
11
12
15
10
16
7
11
14
13
13
10
17
19
16
13
12
14
22
13
11
12
11
9
6
11
19
14
15
14
15
14
9
14
17
15
10
11
13
8
6
11
12
7
12
8
8
7
13
14
16
12
12
7
11
12
16
17
14
7
9
16
9
17
12
16
16
14
9
9
6
16
14
9
4
13
8
7
10
11
8
11
11
11
10
8
12
9
13
9
15
5
9
8
13
16
7
11
12
4
9
11
8
12
14
12
12
12
14
12
10
8
12
9
11
5
12
6
15
15
10
12
10
11
13
6
14
8
9
9
9
14
5
9
9
12
10
13
12
13
6
14
15
8
10
8
5
16
10
11
7
9
11
7
7
16
17
9
10
13
9
11
14
11
8
5
10
10
11
10
7
8
11
12
2
11
6
10
13
12
9
7
9
11
10
7
6
7
10
11
11
13
11
13
12
10
5
2
7
14
7
7
10
3
8
6
10
8
8
5
8
10
9
11
9
8
10
11
4
6
6
10
12
6
7
8
5
7
7
10
7
12
7
7
5
4
5
6
6
7
9
6
10
7
3
6
8
6
5
12
6
6
5
8
3
10
6
8
9
9
5
6
9
3
5
9
11
5
3
5
2
9
9
6
2
10
7
5
5
6
8
3
6
3
6
2
7
6
9
3
5
11
7
12
7
5
5
6
5
9
1
9
3
4
13
3
5
8
4
11
4
2
8
11
10
2
4
7
3
3
8
5
3
4
5
10
5
4
8
2
6
3
7
4
1
4
7
3
8
3
6
6
6
5
3
3
4
5
8
7
1
5
8
5
6
10
3
2
4
4
2
6
4
4
5
4
10
3
8
4
10
4
6
5
8
8
8
2
3
5
5
8
2
6
6
3
4
3
7
3
6
1
7
3
4
4
3
9
2
3
5
4
7
11
3
6
4
3
5
4
3
4
3
4
0
6
5
7
3
5
5
5
3
8
2
7
2
3
6
2
3
6
5
3
9
5
3
4
8
7
5
4
2
4
7
2
6
1
2
5
2
4
4
3
2
4
7
3
8
4
3
3
4
6
3
2
2
4
2
3
6
5
4
4
4
5
4
3
7
3
4
3
5
4
4
2
2
4
1
3
8
2
4
7
5
1
1
4
6
10
6
5
4
3
3
8
7
6
4
4
4
5
7
2
2
9
1
6
4
3
1
3
6
4
3
1
4
3
6
10
4
3
10
3
6
7
4
6
4
6
4
3
4
3
3
1
7
11
5
2
3
4
5
4
2
6
5
6
7
1
9
4
3
4
7
4
5
5
3
7
4
8
1
5
4
5
8
3
3
11
5
8
3
5
8
6
6
10
7
11
7
9
6
5
9
6
9
3
5
8
8
11
7
11
6
3
3
8
7
7
10
6
8
9
14
2
6
15
9
8
11
14
13
5
9
15
12
15
14
10
16
13
10
15
12
10
12
13
19
17
21
16
20
7
11
22
13
15
8
16
23
19
15
10
15
19
13
19
21
17
13
17
7
19
19
21
19
25
14
18
26
14
29
17
17
18
24
22
25
32
20
31
22
28
27
28
25
22
26
30
27
15
19
32
20
36
33
29
28
38
30
31
48
16
23
41
35
30
39
31
21
32
46
50
36
40
26
40
42
38
37
37
40
26
37
34
44
30
25
34
35
33
39
51
31
34
24
29
35
45
43
27
37
45
24
37
42
43
30
36
32
38
35
33
37
37
40
41
34
31
25
21
22
31
41
25
27
27
26
26
27
23
36
22
22
21
31
28
28
24
34
26
25
24
29
25
25
26
25
21
20
18
18
17
20
23
13
31
21
18
23
12
17
29
8
19
18
20
13
16
18
25
17
13
22
16
10
16
17
11
13
11
7
12
19
11
12
20
13
14
11
13
12
13
5
13
9
8
5
18
9
4
11
4
11
6
6
5
13
9
6
6
4
5
5
5
5
6
13
7
6
7
9
3
5
9
2
7
10
6
1
5
2
4
4
4
1
6
4
4
1
9
3
4
4
3
4
4
2
5
3
1
4
3
0
1
2
2
7
6
2
1
1
3
4
1
1
2
2
2
4
1
2
1
2
1
2
2
1
3
1
0
2
1
3
2
4
1
3
2
1
2
2
3
1
1
2
1
0
4
2
0
1
0
2
0
1
3
2
2
2
1
2
0
1
2
2
3
2
1
1
2
0
1
2
2
3
2
0
2
2
0
3
2
2
0
1
0
3
0
2
1
2
1
2
2
3
0
2
0
2
1
0
0
0
1
1
1
1
2
3
2
1
0
2
2
1
3
2
2
2
3
2
2
0
0
3
2
0
1
3
1
1
2
2
1
2
0
2
0
2
0
2
1
3
1
2
0
2
2
2
1
2
0
3
0
2
0
1
0
1
2
0
2
1
1
2
1
4
1
1
1
0
2
3
1
0
0
1
0
1
0
2
0
1
0
2
2
2
1
0
2
2
0
2
1
0
2
1
1
1
2
1
1
1
0
0
3
3
0
1
5
1
0
2
3
0
2
1
3
1
0
0
2
2
0
4
1
0
1
1
1
0
1
0
1
1
0
2
2
3
0
2
1
2
1
1
2
1
0
1
2
2
2
0
2
2
1
0
1
1
1
0
0
1
1
3
1
1
0
2
2
0
0
4
0
1
2
1
1
0
2
3
1
0
1
1
1
0
2
4
0
0
1
4
3
0
0
3
0
0
0
1
1
2
0
0
1
2
1
1
1
3
2
1
0
1
0
1
1
1
0
0
1
0
0
2
1
2
1
3
1
0
0
1
0
3
0
0
1
3
0
0
0
1
1
1
2
2
1
0
2
1
3
1
0
0
1
2
0
3
1
3
1
2
1
0
2
0
2
0
0
3
0
2
2
3
0
1
1
1
0
2
2
0
3
0
1
1
0
2
1
2
2
0
1
1
0
1
2
0
1
5
1
0
0
0
0
0
1
0
3
1
0
0
2
0
1
4
0
1
1
1
3
2
1
1
1
0
0
0
1
0
1
2
2
1
1
1
1
2
2
0
0
0
0
0
0
2
0
2
4
1
1
4
4
0
1
1
1
2
2
1
0
1
1
2
1
3
1
3
1
2
1
4
1
1
1
0
1
2
0
1
2
2
1
0
1
3
2
1
2
1
1
0
1
1
2
1
1
0
1
2
0
0
0
1
1
1
1
2
1
1
0
1
2
2
0
0
3
1
1
3
0
1
3
3
0
3
0
0
0
1
0
1
1
0
2
2
0
0
0
1
0
1
0
2
1
3
0
0
0
3
0
1
0
1
1
2
2
3
1
1
2
0
3
1
4
1
1
2
0
1
1
1
1
1
3
0
1
2
0
3
1
0
4
3
0
0
2
0
0
0
1
0
1
0
1
2
2
0
2
3
1
1
0
2
1
0
0
0
1
2
0
3
1
1
0
1
3
0
0
0
1
5
0
1
0
2
1
0
2
1
1
1
0
2
0
0
2
1
1
1
2
3
1
1
0
1
1
1
3
2
1
2
1
0
0
0
0
1
1
2
1
4
1
1
0
1
3
0
1
0
0
1
1
1
0
1
1
2
0
1
0
1
0
0
0
0
0
0
0
1
0
0
0
3
1
1
0
2
0
3
1
1
0
1
0
1
0
1
0
0
0
0
1
0
0
0
2
0
0
0
0
1
1
1
1
0
1
0
0
0
0
2
1
0
0
2
0
1
0
2
2
0
2
3
0
0
0
1
4
0
0
0
1
1
1
2
2
3
2
1
1
2
1
0
0
1
0
1
1
1
0
0
0
0
1
1
2
0
0
0
1
0
0
0
0
1
0
0
1
0
1
0
0
0
1
1
1
1
1
1
0
2
1
1
1
0
1
1
0
2
0
1
0
0
1
1
0
1
0
2
0
0
0
2
1
1
1
1
0
0
0
0
0
1
0
1
0
0
0
1
2
0
1
0
1
1
1
0
0
0
1
2
0
0
0
0
0
1
0
1
1
2
0
0
2
1
0
1
0
1
0
1
0
0
0
2
0
2
1
1
3
1
0
1
0
0
0
0
2
1
1
0
0
0
1
0
1
0
0
0
1
2
2
4
0
2
0
1
2
1
1
2
0
0
2
1
0
3
0
0
1
1
0
0
1
0
1
0
0
0
1
0
1
0
1
1
1
2
0
1
0
1
1
2
0
1
0
0
0
0
1
0
1
1
3
1
1
0
0
0
1
2
1
0
1
2
3
2
0
2
1
2
2
0
0
2
2
1
0
1
2
1
0
0
0
0
2
2
1
1
0
3
1
0
0
1
1
1
1
2
1
1
1
2
1
1
0
0
2
0
3
0
2
0
0
1
0
1
1
0
1
1
0
1
0
1
1
1
0
0
1
0
1
0
0
3
3
1
2
3
0
0
0
0
0
0
0
1
1
2
1
2
1
1
0
1
1
0
1
1
1
2
0
0
0
0
2
0
0
1
0
2
1
1
1
1
2
1
0
0
1
0
0
2
1
0
0
0
0
1
1
2
0
0
0
0
0
1
0
0
0
0
0
1
0
1
0
0
0
2
0
1
0
0
2
1
1
0
0
0
0
0
0
2
0
0
2
3
0
1
0
1
1
1
0
0
0
0
0
0
1
1
1
0
0
0
1
1
0
3
3
1
1
0
0
1
1
0
1
1
1
0
1
2
0
0
0
0
1
0
0
0
1
1
0
0
1
1
3
1
0
0
1
0
1
1
1
0
1
1
1
1
1
2
0
2
1
0
0
0
1
0
1
1
2
0
0
1
1
0
0
0
1
0
1
1
1
1
0
1
0
1
0
2
1
1
2
1
2
0
0
0
0
1
1
0
1
1
1
0
1
1
4
2
1
1
0
0
1
1
0
1
2
0
0
0
1
2
0
0
1
1
0
0
1
0
0
1
0
1
0
1
0
0
0
0
1
1
0
0
0
0
2
1
0
1
1
0
0
0
1
0
1
0
1
2
0
0
1
0
0
2
0
1
1
0
0
1
0
1
0
0
0
0
1
0
1
0
1
1
2
1
0
0
1
0
0
0
0
0
2
0
1
0
0
0
1
0
1
0
1
0
0
2
1
0
0
0
0
0
1
0
0
0
1
0
0
1
1
0
1
1
1
0
0
1
0
0
0
0
0
0
0
1
2
0
1
0
1
0
0
2
0
0
0
0
2
0
1
1
0
0
1
1
0
0
1
0
0
0
0
0
1
0
1
0
0
0
1
0
1
1
0
1
0
0
1
0
1
0
0
0
1
1
0
1
1
0
0
2
0
0
0
0
0
0
1
0
0
0
1
0
2
0
0
1
0
0
0
0
0
1
0
0
0
0
0
1
0
0
0
0
1
0
0
0
0
1
0
0
0
0
1
1
1
0
0
0
1
0
0
0
0
0
1
0
1
1
0
0
2
0
0
1
1
0
0
0
0
0
1
1
0
0
0
0
0
0
0
0
0
0
0
1
0
1
0
0
0
0
0
0
0
0
0
0
0
1
0
0
0
1
0
1
0
0
0
0
1
1
0
0
0
1
0
0
0
0
0
0
1
0
1
0
1
1
0
0
0
0
0
0
0
0
1
0
0
1
0
0
0
0
1
0
1
1
1
0
0
0
1
0
1
0
0
0
0
0
2
0
0
0
0
0
0
1
0
1
0
0
1
0
0
2
0
0
0
0
1
1
0
1
3
1
1
0
0
0
0
1
1
1
0
1
0
0
1
1
1
0
2
0
1
0
0
0
2
0
0
0
1
0
1
1
1
1
0
1
1
0
0
0
1
0
0
0
1
0
0
0
0
0
0
1
1
0
0
0
0
0
0
1
0
2
1
1
0
0
1
0
1
0
0
0
0
1
1
0
0
0
0
0
1
0
3
1
0
0
1
1
0
1
0
0
0
1
0
1
1
1
1
2
0
2
0
1
0
0
0
0
2
1
3
1
0
1
3
1
0
0
1
0
1
0
2
2
0
1
0
0
1
1
0
1
0
1
3
2
1
1
1
0
1
0
0
0
0
0
0
2
0
3
1
1
0
1
0
1
0
0
1
1
0
0
1
0
1
0
1
1
0
0
0
1
2
0
0
1
1
1
0
0
0
4
1
0
0
0
1
1
0
1
0
1
1
1
3
0
0
1
1
1
0
0
1
0
0
3
1
1
2
1
1
2
0
1
2
0
0
0
0
0
0
0
0
1
3
1
0
1
1
0
0
1
0
2
3
1
1
1
1
3
2
0
1
0
3
0
1
3
0
0
1
2
0
1
0
0
0
0
0
0
2
1
1
0
1
1
1
0
0
1
0
0
1
1
0
0
0
1
0
0
0
0
1
1
1
0
2
1
0
2
0
0
0
0
1
0
0
1
1
0
1
1
0
2
0
2
0
0
1
1
0
2
0
0
1
1
0
0
1
0
0
0
0
0
1
0
1
1
0
1
0
3
0
1
0
1
0
0
0
0
0
0
0
0
0
0
0
1
0
0
1
0
0
0
0
1
0
0
0
0
0
0
1
0
1
0
1
0
0
0
0
0
0
0
0
0
1
0
0
0
0
0
0
0
1
1
1
0
0
0
0
0
0
0
0
1
0
0
1
0
0
0
0
0
0
0
0
1
0
0
1
0
0
0
0
0
0
0
0
0
0
0
0
0
0
0
0
0
0
0
0
0
0
0
0
0
0
0
0
0
0
0
0
0
1
0
1
0
0
1
3
0
0
0
0
0
0
1
0
0
0
0
0
0
0
1
0
0
0
0
0
0
0
1
0
0
0
0
0
1
0
1
0
0
1
1
1
0
0
0
0
1
0
0
1
0
0
1
1
1
0
0
0
0
0
0
0
0
0
0
0
0
0
0
0
0
0
0
0
1
0
1
0
1
0
