0
0
0
0
0
0
0
0
0
0
0
0
0
0
0
0
0
0
0
0
0
0
0
0
0
0
0
0
0
0
0
0
0
0
0
0
0
0
0
0
0
0
0
0
0
0
0
0
0
0
0
0
0
0
0
0
0
0
0
0
0
0
0
0
0
0
0
0
0
0
0
0
0
0
0
0
0
0
0
0
0
0
0
0
0
0
0
0
0
0
0
0
0
0
0
0
0
0
0
0
0
0
0
0
0
0
0
0
0
1
0
0
0
0
0
0
0
0
0
0
0
0
0
0
0
0
0
0
0
0
0
1
0
0
1
1
0
0
0
0
1
0
0
0
1
0
1
0
0
1
0
1
1
0
0
3
0
1
1
3
1
2
4
4
6
3
3
3
6
7
5
9
13
10
10
11
15
19
15
22
15
22
28
30
32
37
40
44
52
37
46
51
46
58
64
74
61
70
72
71
69
63
71
79
84
58
78
77
67
64
80
81
86
72
75
80
85
63
69
74
85
75
90
76
62
83
61
93
75
80
78
70
67
65
64
74
54
74
78
75
84
60
86
67
70
74
66
78
76
75
66
74
81
59
65
74
65
77
66
67
67
62
54
69
70
71
63
76
58
68
78
69
65
70
85
77
74
78
80
79
93
78
65
65
72
89
73
71
75
64
95
80
92
68
78
76
86
84
75
83
93
91
86
79
77
75
91
78
89
84
77
77
85
76
90
93
86
92
81
83
91
78
89
61
76
77
89
90
80
91
74
74
75
66
78
91
88
69
62
88
62
75
82
86
69
77
69
93
92
69
71
77
70
70
89
77
70
73
76
68
88
64
75
87
62
81
71
74
74
55
65
71
65
62
76
76
74
82
65
70
78
66
73
54
62
75
69
59
52
74
57
50
61
59
68
69
54
56
60
59
51
56
76
68
66
70
66
40
63
66
65
67
58
58
61
58
56
59
75
57
61
61
57
61
65
65
54
67
60
69
68
63
57
61
61
71
68
53
61
46
70
59
61
46
51
60
68
67
58
73
61
57
45
68
55
53
62
65
51
55
58
70
54
43
49
65
43
57
52
56
63
52
59
61
46
75
65
50
50
57
55
56
61
53
51
64
58
46
58
60
41
49
52
66
57
71
50
43
63
45
47
55
58
58
49
52
56
55
40
53
52
57
56
53
55
57
60
49
55
56
45
46
49
46
58
61
56
37
43
46
56
45
59
59
59
33
62
54
55
54
48
70
50
54
40
52
45
50
42
48
44
52
44
50
37
40
50
59
55
42
55
61
38
36
45
45
47
38
42
48
47
51
46
41
53
42
47
49
40
54
48
39
45
54
36
40
36
46
43
46
50
47
52
36
47
40
40
44
38
47
40
41
42
40
42
51
43
37
26
29
41
38
30
34
44
43
44
34
41
54
36
39
30
38
34
54
43
36
25
47
41
47
28
49
45
41
32
36
42
37
32
44
40
44
27
37
40
36
34
32
37
35
27
35
39
29
36
32
29
36
27
36
35
27
31
21
33
32
29
37
42
24
32
31
36
33
30
30
32
25
33
37
31
29
32
29
37
26
28
29
18
30
22
25
26
26
26
28
25
27
25
23
32
34
26
37
27
30
22
24
21
36
26
21
31
26
28
24
27
25
28
35
20
28
33
22
22
23
33
26
23
24
29
23
18
28
26
40
19
20
19
25
32
20
24
18
21
22
24
21
21
22
24
27
22
20
14
26
21
23
20
24
22
25
22
16
22
22
24
19
18
20
21
22
15
23
23
17
27
22
22
16
23
33
21
17
23
14
23
24
15
13
20
24
14
24
19
19
17
16
11
25
14
15
14
15
15
19
20
21
22
28
25
29
26
15
19
27
8
18
18
17
25
15
21
17
22
19
21
15
19
18
12
19
20
20
11
19
26
15
19
20
25
23
10
11
21
15
12
20
20
17
17
12
10
12
19
16
20
16
15
15
13
9
9
21
12
17
20
19
17
17
18
14
19
14
15
9
17
13
14
21
11
9
22
6
27
11
14
15
15
10
14
13
8
19
20
20
8
16
13
13
22
17
14
11
15
18
19
20
8
21
21
20
15
19
12
17
15
17
16
10
9
14
15
18
9
15
12
14
6
15
11
12
12
13
16
10
13
17
11
16
15
22
12
12
18
22
17
13
9
11
19
13
13
13
14
14
18
13
16
15
17
14
14
13
20
10
9
14
7
15
17
15
17
20
12
16
16
17
17
15
12
10
14
13
9
11
8
18
13
17
14
21
12
11
10
15
12
14
12
18
9
10
20
15
14
18
16
15
6
15
14
13
14
15
7
14
8
8
18
13
12
14
16
9
10
15
18
8
5
7
12
12
11
15
14
11
14
7
10
13
19
6
16
11
12
9
16
8
9
6
12
13
8
12
9
10
15
10
12
11
14
12
9
6
14
9
6
16
8
13
13
7
7
10
5
6
9
14
12
11
9
9
13
15
12
12
9
17
10
7
8
6
7
10
14
6
13
8
5
18
9
6
9
7
7
14
4
15
11
8
7
10
5
7
11
15
15
13
16
9
9
13
5
15
11
11
9
9
9
12
9
9
13
13
10
11
9
9
9
6
9
10
15
9
10
12
14
14
8
6
10
8
16
12
14
13
14
5
8
12
9
9
7
15
7
13
10
13
6
10
11
13
12
9
13
10
6
10
9
12
13
13
11
6
6
10
8
16
6
12
5
8
15
8
19
11
3
5
7
11
8
14
15
14
8
11
7
7
7
8
5
11
10
16
9
13
11
5
11
13
8
5
9
10
8
10
13
9
14
6
13
8
11
7
8
7
7
14
12
4
10
9
10
9
9
9
9
10
9
5
12
7
3
3
7
6
8
5
6
9
15
11
4
6
9
8
10
10
2
10
2
7
11
5
4
6
11
7
4
8
8
8
15
5
4
10
8
6
11
5
6
11
11
13
3
7
8
7
12
11
8
15
4
7
10
7
10
5
6
5
6
7
2
14
8
6
4
9
5
8
4
6
6
7
5
5
4
11
7
8
11
6
4
12
3
8
3
8
7
5
9
6
3
7
7
2
4
8
6
5
11
7
5
5
11
6
9
8
4
5
5
5
10
3
8
10
7
2
5
3
5
5
7
6
7
1
5
7
6
7
10
4
2
2
4
5
7
3
4
8
3
4
7
4
9
7
8
5
6
2
9
6
7
4
7
6
7
5
6
4
4
2
2
8
4
3
4
5
8
4
3
7
4
6
4
7
7
1
3
1
2
3
2
1
3
4
6
4
5
5
7
3
2
2
4
6
3
8
9
3
2
5
2
4
7
5
5
3
7
2
7
5
7
5
4
3
4
6
3
5
5
1
1
3
5
3
4
4
7
2
3
3
6
5
5
3
6
2
4
2
1
6
4
6
4
2
2
6
3
3
2
3
4
3
5
3
5
5
7
2
4
5
3
3
4
9
7
1
6
3
2
5
3
4
4
3
5
6
1
6
5
2
6
5
3
1
8
6
1
6
3
3
9
0
5
5
5
5
4
3
5
1
5
4
4
10
8
2
2
4
7
11
2
1
1
4
3
4
2
3
6
3
4
5
2
3
10
4
5
8
3
5
5
4
5
5
6
2
10
3
4
4
4
3
4
8
9
5
6
4
7
7
3
5
3
7
5
2
3
0
8
4
5
4
7
5
6
2
4
7
1
2
7
3
4
3
6
6
3
5
5
6
7
9
4
4
3
3
3
12
5
8
5
7
2
5
11
5
3
5
6
3
6
6
7
3
2
7
4
8
5
6
9
11
9
8
7
8
5
9
13
3
7
6
6
9
11
6
7
8
7
10
15
11
8
8
9
6
11
12
10
9
11
14
2
5
7
13
8
13
14
11
13
10
14
14
14
15
12
7
12
12
11
19
18
17
20
20
15
14
18
16
18
20
13
21
30
17
20
20
15
21
18
16
18
12
28
16
26
23
31
16
28
16
19
28
22
17
15
21
28
22
17
25
27
18
23
25
19
16
22
32
17
34
28
24
22
18
28
21
20
38
33
26
21
25
22
23
31
12
28
27
28
34
21
35
42
35
19
31
23
23
23
28
28
21
23
25
32
30
26
30
27
36
26
37
23
25
31
30
26
32
33
23
34
37
29
30
26
25
26
26
33
24
28
32
25
26
24
27
22
28
21
35
24
32
19
28
24
26
19
22
23
14
19
25
22
30
33
26
26
19
27
22
16
18
27
22
21
17
12
15
22
16
17
26
13
12
12
19
16
17
14
14
20
15
12
14
14
14
16
12
16
8
11
14
20
11
6
9
17
12
9
16
12
4
8
9
8
6
7
12
11
7
7
12
6
7
5
10
4
10
3
8
7
6
6
4
5
5
8
4
6
5
8
4
8
3
5
4
5
4
1
6
4
4
2
6
4
4
3
2
1
1
1
7
1
4
4
2
4
3
3
2
4
1
6
1
4
1
4
2
3
3
1
2
0
1
2
2
2
2
2
0
0
1
2
2
2
2
3
1
5
0
1
2
0
1
0
1
3
0
2
2
4
1
2
2
3
0
2
1
3
1
2
2
2
5
0
3
1
0
1
0
2
0
4
1
2
0
0
2
1
2
4
2
4
1
0
3
1
1
0
1
1
2
2
4
0
2
0
2
0
1
1
2
2
2
0
2
3
2
1
3
1
0
1
2
3
1
3
1
1
0
2
2
2
0
2
2
2
0
4
2
1
0
3
1
2
1
1
0
0
1
3
0
4
0
1
1
0
1
0
5
1
0
0
2
2
3
0
3
2
0
2
0
0
1
5
1
2
0
0
1
1
1
1
2
2
1
3
2
3
1
0
0
0
1
0
0
0
1
0
0
0
2
1
2
1
2
3
4
1
0
1
5
1
2
4
2
2
2
1
2
2
0
1
1
6
1
2
0
1
0
4
0
0
3
3
0
0
0
1
1
2
3
1
0
2
1
1
3
1
2
2
1
1
1
0
1
2
1
1
3
1
0
0
1
0
1
2
1
2
2
0
2
0
2
1
1
3
0
0
2
3
4
1
3
1
1
1
2
1
0
0
3
2
0
0
0
1
0
2
4
1
1
2
0
0
1
1
1
2
1
1
1
0
0
0
2
1
0
2
1
1
1
0
4
2
0
0
2
1
2
0
1
0
2
2
1
3
1
1
0
3
1
3
1
2
0
2
0
0
2
3
0
0
1
3
1
0
4
1
0
0
1
0
2
1
0
0
1
2
0
0
0
0
0
4
3
1
1
3
0
2
3
1
0
0
1
2
0
0
1
1
0
2
0
0
2
1
3
0
0
1
2
0
4
2
5
3
1
0
1
2
2
0
3
2
4
1
3
3
4
2
2
1
0
0
1
1
3
2
1
2
3
0
1
1
1
1
1
1
1
1
1
1
0
1
2
2
1
1
1
0
1
0
1
0
3
1
1
1
1
2
1
3
1
0
1
1
0
3
1
1
1
1
0
0
0
0
1
2
1
0
1
2
1
2
0
0
1
3
1
2
1
3
1
2
2
1
1
0
1
3
1
0
2
2
0
0
1
1
0
2
1
2
2
0
0
1
2
2
0
2
2
2
1
1
3
0
2
0
0
2
1
2
3
2
1
4
1
0
2
1
1
1
2
1
1
1
0
0
1
2
1
3
0
2
0
1
1
1
1
0
0
2
0
1
2
1
0
1
1
0
1
0
0
0
0
3
2
1
0
1
1
0
0
3
1
1
0
0
0
0
3
0
2
0
1
0
1
0
2
0
1
4
1
1
1
0
1
0
0
1
0
2
0
0
0
1
1
0
1
2
0
0
1
1
3
2
1
0
3
1
1
2
0
0
1
1
0
0
1
2
2
1
3
0
3
0
1
1
0
1
0
1
2
2
3
0
1
0
0
1
0
2
0
3
3
0
0
2
0
3
0
0
0
1
0
3
4
2
0
1
2
0
0
1
0
1
0
1
1
1
2
3
2
0
0
0
3
2
2
1
0
1
2
0
0
2
1
1
1
1
1
0
2
2
0
2
0
0
1
0
1
1
0
1
1
1
0
1
2
2
0
1
2
0
1
0
1
2
1
2
1
0
0
0
2
1
0
0
0
0
2
1
0
0
1
2
0
0
2
1
0
0
2
0
0
0
2
1
0
0
1
0
0
1
0
1
0
1
2
0
0
0
1
2
1
0
0
0
0
2
1
0
0
3
1
1
1
1
2
1
0
0
2
0
2
1
1
0
1
0
1
0
1
1
1
0
2
0
1
0
1
0
0
2
1
1
2
1
2
1
0
1
0
1
0
1
0
1
0
0
0
0
1
0
3
1
1
3
1
1
1
1
3
1
0
0
0
1
0
1
0
0
1
0
0
0
4
2
0
0
1
2
0
0
2
1
1
2
1
0
1
0
2
1
1
4
1
0
1
2
1
2
1
0
1
2
1
0
0
1
0
1
0
2
2
0
1
0
1
1
1
2
0
1
1
0
1
0
3
0
0
1
0
1
0
1
1
1
0
1
0
0
0
0
1
0
2
1
0
0
0
0
0
0
0
1
0
0
2
0
1
0
1
1
0
1
0
1
1
2
1
0
0
0
0
1
2
0
0
0
0
0
3
2
1
0
2
1
1
0
0
1
2
0
0
2
0
0
0
0
0
1
1
0
0
1
3
1
0
1
1
0
0
2
0
0
0
0
1
2
0
0
0
2
0
0
4
1
0
0
0
1
0
1
1
2
0
0
1
1
2
1
0
0
1
1
1
1
0
0
1
1
0
1
1
0
0
0
1
1
0
0
1
1
2
0
1
2
0
0
0
0
1
0
0
0
2
0
0
2
1
0
3
1
2
0
0
0
0
0
1
1
1
0
0
1
0
1
1
2
1
2
0
1
0
0
2
0
1
1
2
0
1
0
0
1
1
1
0
0
0
0
1
0
0
0
1
0
0
2
0
0
0
2
0
0
0
0
1
2
0
3
2
1
1
0
2
2
1
0
0
3
4
2
2
1
0
1
2
2
1
0
0
0
0
0
0
1
1
3
1
2
1
0
1
0
0
0
0
0
1
0
2
1
1
0
0
2
0
1
0
0
2
0
0
0
0
0
1
2
0
0
2
0
1
0
1
0
1
2
1
1
0
1
0
0
1
0
2
1
0
0
0
0
0
1
1
0
1
0
2
1
1
0
1
2
2
0
0
0
1
0
0
0
1
1
1
0
1
0
1
2
0
0
1
0
0
2
0
1
0
1
0
1
0
0
1
0
0
1
0
0
2
0
0
1
2
1
0
0
0
0
0
0
1
0
0
2
0
0
1
0
0
0
0
0
1
1
0
1
0
0
0
1
0
0
0
0
0
0
2
1
0
0
0
1
0
0
0
1
2
0
1
0
0
0
0
0
0
1
0
0
1
1
1
0
1
1
0
0
1
0
0
0
0
0
0
0
1
0
1
1
0
2
0
0
0
0
1
0
1
0
0
1
0
0
0
0
0
0
0
0
0
0
0
0
0
1
2
1
0
0
0
1
2
1
3
0
0
1
1
0
0
0
2
0
1
0
2
2
0
0
0
0
0
0
0
1
0
0
1
0
0
0
1
1
0
0
0
0
0
0
0
0
1
0
0
0
0
0
0
0
1
0
0
1
0
0
1
0
0
0
2
0
0
2
0
0
0
0
1
0
0
0
0
0
1
0
0
0
0
0
0
0
0
0
1
1
1
0
0
2
0
1
0
0
0
0
0
1
0
1
0
0
0
1
0
0
0
0
0
0
2
2
3
0
0
0
0
1
1
0
1
1
0
0
0
0
1
0
0
1
0
0
1
2
1
1
0
1
0
0
0
1
0
0
2
1
1
0
0
2
0
0
0
0
2
0
2
0
1
1
0
0
1
0
0
0
0
1
0
0
1
1
1
1
2
0
0
0
0
1
1
0
1
0
1
0
2
0
0
1
1
1
0
0
0
1
1
0
1
1
0
0
1
0
0
0
0
1
0
1
0
0
1
1
0
1
0
1
1
1
0
0
0
0
0
0
0
0
1
0
0
0
0
0
0
0
0
0
2
0
0
1
0
0
1
0
0
0
1
0
2
0
0
0
0
0
2
0
0
2
0
0
0
0
1
0
0
1
0
2
0
1
0
0
0
0
0
0
0
1
0
0
1
0
0
0
0
1
0
2
0
1
0
0
0
0
0
0
0
0
1
0
0
0
1
2
1
2
1
0
0
0
2
0
0
0
0
0
0
0
0
1
0
1
2
0
0
0
3
0
2
0
0
0
0
0
0
0
0
0
0
0
1
2
1
0
1
0
1
0
0
0
0
0
0
0
0
0
0
0
1
1
0
2
2
0
1
0
0
0
1
1
2
1
1
0
2
1
0
1
2
0
0
1
0
0
0
1
1
2
1
0
0
2
0
1
0
2
0
0
1
1
0
0
0
0
2
1
1
0
3
2
2
0
1
1
1
0
0
1
0
3
1
1
1
0
0
1
0
0
2
0
0
2
0
0
0
1
0
0
1
1
2
1
0
1
3
0
0
4
2
0
0
0
0
0
0
2
1
1
0
2
2
2
0
1
2
2
1
1
2
1
0
2
1
1
0
0
2
1
1
1
0
2
0
1
4
1
0
0
1
1
0
0
2
0
0
0
3
1
1
0
0
2
1
2
0
0
0
0
1
1
0
1
0
0
1
3
1
1
0
2
0
1
2
1
0
0
1
1
1
2
0
1
0
2
2
0
1
2
0
1
1
0
2
3
0
0
1
0
0
0
1
0
1
1
0
0
1
1
1
1
0
1
0
0
1
2
0
0
0
0
0
2
0
1
0
0
0
0
0
0
0
0
1
0
2
1
0
0
0
0
1
0
0
0
0
0
1
2
1
0
0
0
2
0
0
0
0
0
0
0
1
0
1
0
2
0
0
1
0
0
0
1
0
0
1
0
0
2
0
0
2
1
1
0
1
1
0
0
0
0
0
2
0
0
1
0
0
0
0
0
0
0
1
0
0
1
0
0
0
1
0
1
0
0
0
1
0
0
0
1
0
1
2
0
1
0
1
0
0
0
1
0
1
0
0
0
0
0
0
0
1
1
1
1
0
1
1
1
0
0
0
0
0
0
0
0
0
0
0
0
0
0
0
0
1
0
0
0
0
0
0
1
0
0
0
0
0
0
0
0
1
0
1
0
0
0
1
0
0
1
1
0
1
0
0
0
0
1
0
0
0
0
0
0
0
1
1
0
1
1
0
0
1
2
0
0
0
2
0
0
1
1
1
2
0
0
0
0
0
0
0
0
0
1
0
