14
0
2
2
0
1
2
1
0
0
3
2
2
2
0
2
0
0
2
1
1
1
0
4
4
1
2
2
2
4
3
2
4
8
3
3
3
5
1
4
1
3
2
1
0
1
4
2
0
4
2
5
9
3
5
5
3
1
8
4
5
10
6
9
3
6
12
6
9
18
12
16
9
13
12
19
19
18
14
11
21
26
33
20
27
39
39
32
36
50
55
45
70
41
62
58
68
85
72
83
110
99
101
118
114
121
108
108
118
162
121
158
155
162
183
194
198
201
183
244
226
255
260
233
272
299
321
304
326
373
344
376
364
408
424
425
407
487
495
565
551
555
577
627
679
693
732
740
797
852
915
945
942
1054
1061
1101
1122
1311
1235
1450
1373
1399
1596
1679
1666
1812
1903
1976
2031
2117
2180
2290
2340
2574
2613
2806
2935
3041
3132
3363
3449
3556
3718
3767
4116
4157
4367
4496
4670
4758
5006
5243
5398
5553
5904
6150
6314
6633
6719
7034
7355
7579
7772
7843
8177
8662
8864
9080
9157
9491
10213
10332
10799
11210
11436
11711
11979
12514
12635
13141
13429
13734
14271
14587
15016
15340
15703
16088
16728
16925
17456
17626
17571
18381
18625
19174
19392
19838
19766
20958
20610
21033
21362
21962
22267
22685
22615
23250
23351
23663
24204
24205
24316
24757
25330
25510
25694
25798
26148
25869
26274
26999
26643
27325
26837
27165
27358
27600
27691
27980
27789
28278
27318
27956
27997
28294
27836
27910
27963
27879
27582
27931
27580
27609
27164
27329
27576
27448
26985
26605
27005
26834
26231
26493
26498
26297
25941
26162
25677
25917
25327
25113
25405
24922
24544
24722
24427
24234
24101
23885
23787
23635
23235
23650
22856
23092
22942
22469
22501
22318
21804
21910
21758
21879
21701
21630
21390
21224
21073
21062
20663
21093
20300
20457
20484
20183
19705
20198
19946
19969
19725
19708
19391
19429
19258
19512
19280
19295
19129
19005
19451
19237
18816
18809
18902
18829
18648
18483
18861
18427
18327
18529
18330
18353
18270
18328
18649
18249
18116
18421
18149
18188
17685
18184
18396
18055
18126
17925
17754
18143
18034
18052
17930
18010
17999
18297
17999
17886
18057
17891
17883
17911
17954
18210
18148
18275
17785
18197
18078
18057
17939
18198
17993
18123
18157
18360
18326
18443
18127
18631
17988
18329
17924
17951
18597
18515
18304
18650
18409
18654
18657
18422
18628
18805
18679
19027
18791
18868
18665
19068
18952
18926
18721
18954
18747
19086
18799
19152
19184
18786
18830
19136
19201
19193
18879
19102
19237
19236
19155
19515
19263
19142
19043
19287
19429
19282
19139
19456
19523
19406
19167
19603
19109
19313
19004
19550
19160
19285
19314
19346
19335
19305
19190
19559
19161
19252
19247
19146
19332
19178
19126
19081
19047
19039
19081
19198
19230
19121
18868
18936
18840
19179
18687
18773
18692
18638
18516
18669
18603
18646
18182
18283
18200
18303
18454
18624
18405
18236
17866
17875
17895
17576
17755
17899
17936
17859
17699
17638
17664
17411
17156
17664
17329
17479
17219
17037
17152
17090
16845
16860
17053
16957
16777
17061
16651
17078
16468
16655
16681
16236
16631
16506
16219
16315
16000
16383
15881
16443
15833
16071
16019
15860
15895
15935
15460
15925
15477
15691
15600
15552
15524
15407
15543
15241
15207
15366
15051
15316
15144
15080
15325
15079
14877
14930
15033
15068
14726
14933
14895
14778
14685
14635
14738
14512
14629
14773
14306
14421
14289
14630
14298
14506
14215
14326
14519
14303
13995
14164
14127
14132
13867
14144
14290
14072
14008
13921
14006
13858
13824
14178
14108
13913
13654
13824
13864
13945
13702
13701
13528
13967
13597
13918
13630
13712
13555
13906
13595
13348
13557
13716
13325
13503
13315
13329
13581
13261
13239
13583
13410
13312
13204
13514
13172
13312
13044
13241
13126
13075
12983
13205
13190
13302
12813
13157
12920
13253
12934
13017
12946
12912
12878
12965
12767
12751
12867
12800
12616
12691
12589
12784
12698
12812
12640
12665
12843
12675
12536
12558
12579
12427
12473
12614
12370
12345
12312
12433
12165
12298
12395
12303
12450
12194
12220
12457
12404
12165
11984
12124
12274
12174
11843
12298
12098
12205
11856
12007
11884
12151
11879
11992
11855
12101
11933
12122
11908
11717
11681
12010
11814
11727
11692
11757
11574
11594
11737
11817
11754
11873
11543
11609
11802
11405
11502
11672
11611
11568
11154
11703
11431
11604
11305
11268
11467
11410
11154
11497
11346
11254
11199
11357
11200
11379
11198
11292
11259
11214
11334
11272
11125
11011
11114
10997
11060
11058
11131
11073
11090
11149
10818
11170
11081
10896
10893
10981
10983
10960
10710
10957
10742
11004
10769
10946
10779
10881
10834
10594
10584
10704
10737
10719
10728
10524
10542
10707
10558
10704
10697
10576
10761
10314
10550
10422
10535
10369
10545
10555
10324
10480
10375
10390
10571
10547
10281
10288
10290
10376
10190
10491
10357
10288
10096
10161
10508
10212
10052
10391
10214
10284
10204
10231
10153
10152
10181
10124
10173
10244
10142
10096
9967
9999
10062
10068
9964
10072
9749
10019
9966
10009
9944
10008
10099
9821
9824
9733
9931
9907
9836
9999
9638
9887
9785
9798
9927
9884
9583
9696
9649
9680
9572
9828
9855
9896
9654
9675
9638
9687
9599
9630
9520
9570
9702
9600
9689
9473
9420
9385
9441
9366
9431
9637
9462
9515
9465
9416
9546
9353
9359
9348
9539
9298
9385
9397
9341
9419
9231
9405
9252
9238
9031
9179
9247
9155
9160
9389
9232
9074
9055
9309
9132
9137
9015
9141
9043
9192
9016
9051
9086
9193
9009
8860
9052
9079
8757
9123
9075
9280
8900
8982
9160
8982
8810
8921
8939
8964
8932
8991
8940
8928
8836
8738
9024
8674
8796
8968
8878
8777
8473
8779
8715
8592
8656
8691
8674
8760
8612
8624
8681
8605
8566
8466
8585
8639
8483
8733
8814
8567
8307
8520
8631
8560
8437
8579
8431
8395
8420
8608
8373
8436
8082
8363
8310
8159
8378
8372
8570
8423
8349
8462
8286
8329
8221
8469
8206
8258
8179
8377
8345
8242
8316
7988
8273
8285
8059
8410
8370
8230
8021
8140
8052
8079
8221
8084
8131
8034
8005
8068
7926
8072
8245
7979
8060
8156
7777
8010
8081
8017
8030
8088
7845
8099
7849
7864
7883
7870
7621
8054
7929
8094
7725
7723
7780
7720
7781
7974
7915
7707
7850
7680
7808
7664
7812
7683
7759
7658
7609
7589
7607
7628
7671
7775
7572
7664
7652
7496
7833
7618
7601
7497
7711
7697
7469
7527
7586
7534
7462
7484
7583
7632
7462
7382
7467
7518
7401
7510
7445
7569
7408
7456
7609
7325
7438
7491
7301
7489
7246
7264
7454
7354
7228
7304
7281
7443
7253
7338
7300
7429
7428
7274
7252
7264
7079
7335
7322
7243
7163
7332
7237
7222
7172
7167
7199
7039
7050
7173
7021
7303
7142
7200
6992
7287
7084
7055
7016
7209
7079
6990
7332
7163
6923
7080
7142
7089
6988
6912
7002
6955
6924
6916
6875
7003
6976
7030
6957
7066
6833
6906
6939
6913
6726
6832
6909
6920
6702
6763
6949
6797
6828
6863
6946
6915
6754
6819
6666
6673
6894
6652
6850
6692
6707
6709
6610
6849
6538
6550
6663
6711
6692
6777
6499
6625
6662
6599
6734
6468
6566
6653
6546
6589
6430
6546
6638
6512
6559
6739
6578
6534
6560
6641
6482
6448
6526
6412
6327
6451
6530
6376
6465
6462
6388
6445
6466
6382
6448
6224
6304
6318
6387
6501
6327
6467
6467
6482
6357
6425
6219
6310
6352
6366
6149
6492
6457
6249
6287
6374
6143
6224
6130
6206
6361
6405
6244
6395
6146
6221
6309
6246
6276
6206
6069
6300
6123
6203
6166
6210
6243
6068
6125
6153
6161
6091
6093
6092
6049
6001
6083
6193
6060
6004
6015
6164
5993
5889
6014
6043
5997
6048
6013
6025
5979
6153
5983
5992
5940
6089
5923
6025
5939
5994
5830
5937
5905
5982
5804
5852
5881
5942
5829
6064
5955
5884
5773
6016
5730
5771
5635
5855
5678
5747
5760
5880
5809
5844
5817
5834
5712
5713
5747
5875
5773
5857
5742
5540
5818
5617
5717
5750
5694
5808
5701
5671
5671
5875
5610
5812
5714
5682
5693
5538
5548
5553
5575
5611
5738
5624
5569
5569
5541
5605
5404
5485
5434
5598
5365
5602
5603
5603
5494
5533
5639
5435
5568
5521
5553
5465
5347
5535
5268
5383
5248
5524
5434
5357
5328
5520
5333
5568
5202
5372
5379
5379
5227
5364
5409
5429
5307
5344
5214
5287
5247
5166
5367
5242
5142
5231
5269
5164
5269
5402
5159
5143
5150
5222
5230
5243
5096
5274
5214
5217
5015
5149
5169
5069
5138
5211
5198
5118
5089
5259
5148
5104
4946
4915
4997
5127
5044
5107
5114
5128
5069
5023
5035
4950
4969
5001
5020
5051
5087
4910
4892
4980
4939
5056
5019
4944
4837
5036
4861
4910
4842
4963
4835
4952
4917
4880
4834
4804
4761
4731
4732
4730
4707
4772
4952
4791
4855
4742
4835
4624
4660
4697
4707
4777
4655
4632
4747
4748
4641
4790
4625
4591
4637
4593
4704
4759
4673
4637
4690
4662
4690
4496
4688
4670
4554
4586
4531
4644
4545
4561
4555
4545
4640
4623
4504
4572
4466
4446
4446
4600
4377
4521
4498
4553
4439
4563
4560
4491
4446
4454
4512
4531
4523
4433
4425
4392
4394
4477
4270
4434
4369
4315
4354
4451
4166
4441
4330
4403
4354
4392
4382
4323
4198
4261
4298
4221
4176
4200
4173
4280
4243
4331
4317
4281
4314
4087
4287
4204
4086
4276
4203
4323
4054
4368
4162
4236
4139
4262
4172
4179
4114
4220
4141
4315
4128
4058
4052
4101
4101
4082
4121
4183
4050
4095
4004
4144
4052
4002
4012
4259
4012
4069
3941
4080
3972
4132
3926
4021
3913
3975
4012
3976
3855
4040
4021
3949
3933
3988
3925
3992
3856
4070
3898
3977
3859
4012
3867
4007
3912
3950
3924
3863
3871
3911
3936
3890
3630
3900
3888
3870
3924
3816
3858
3915
3747
3906
3861
3822
3838
3783
3814
3784
3683
3853
3912
3808
3711
3836
3838
3805
3704
3792
3771
3771
3729
3762
3742
3677
3641
3831
3699
3807
3645
3690
3766
3832
3677
3699
3678
3693
3781
3658
3679
3704
3629
3622
3579
3792
3658
3739
3849
3729
3778
3679
3660
3661
3697
3745
3639
3693
3599
3706
3725
3659
3576
3682
3640
3755
3605
3624
3717
3645
3588
3675
3683
3649
3634
3604
3590
3562
3579
3715
3621
3591
3609
3658
3588
3635
3636
3561
3641
3515
3538
3615
3562
3557
3495
3555
3621
3577
3394
3687
3523
3471
3616
3564
3542
3633
3471
3579
3595
3559
3448
3560
3549
3415
3376
3451
3542
3461
3464
3625
3505
3507
3499
3618
3527
3508
3410
3495
3589
3405
3569
3471
3536
3534
3487
3498
3485
3413
3480
3482
3491
3547
3451
3467
3382
3457
3525
3440
3387
3376
3293
3457
3420
3545
3422
3532
3349
3460
3404
3419
3494
3439
3472
3581
3420
3513
3488
3518
3469
3477
3510
3522
3433
3427
3336
3377
3435
3359
3456
3557
3441
3446
3537
3552
3556
3379
3443
3501
3552
3523
3418
3432
3500
3489
3512
3531
3457
3548
3460
3611
3469
3615
3357
3509
3526
3577
3559
3565
3523
3500
3450
3571
3560
3512
3508
3495
3439
3500
3437
3603
3583
3601
3414
3720
3625
3605
3727
3497
3606
3593
3721
3611
3538
3617
3699
3639
3615
3723
3650
3636
3809
3681
3606
3715
3558
3673
3655
3693
3659
3690
3659
3700
3699
3733
3654
3676
3741
3739
3680
3812
3724
3828
3803
3770
3710
3814
3778
3771
3920
3787
3755
3913
3831
3768
3793
4022
3829
3917
3830
3805
3842
3838
3817
4050
3793
3838
3886
3914
3858
3931
3833
3987
3930
3896
3967
3949
3778
4040
3836
3946
3969
3941
3990
3902
3959
4047
3994
3947
4016
3936
3969
3940
3981
3994
4019
4050
3921
4096
3970
4012
4067
4022
4005
3931
3983
4018
4073
4049
4125
3969
4016
3888
4037
3949
3982
4033
3997
3924
3992
3932
3937
3896
3902
4030
3905
3747
3932
3898
3931
3894
3810
3856
3861
3825
3878
3868
4000
3920
3817
3863
3863
3715
3764
3827
3797
3777
3738
3728
3769
3878
3697
3792
3728
3661
3624
3655
3703
3561
3667
3733
3652
3726
3569
3573
3692
3488
3495
3690
3662
3485
3544
3601
3539
3531
3436
3478
3599
3528
3403
3454
3315
3423
3322
3386
3321
3361
3266
3312
3312
3264
3146
3245
3211
3260
3036
3133
3219
3148
3128
3130
3065
3125
3108
3123
3095
2995
3074
2984
2933
3011
3016
2916
3021
2934
2876
2906
2837
2922
2828
2777
2883
2848
2791
2734
2748
2758
2847
2757
2813
2676
2723
2823
2594
2665
2630
2655
2599
2590
2538
2564
2550
2524
2609
2544
2531
2554
2460
2562
2524
2518
2322
2383
2449
2347
2363
2487
2329
2441
2223
2328
2275
2316
2405
2292
2292
2327
2253
2280
2205
2290
2241
2197
2210
2230
2233
2271
2266
2182
2116
2135
2206
2134
2137
2076
2154
2103
2020
2103
2109
2097
2093
1971
2114
2055
1995
2082
2054
2044
2003
1945
2073
2006
1857
2039
1921
2022
2028
1973
1911
1953
1961
1905
1977
1849
1917
1937
1996
1952
1961
1937
1827
1879
1800
1843
1924
1900
1876
1865
1857
1897
1921
1888
1844
1912
1819
1797
1819
1804
1808
1872
1885
1817
1739
1794
1825
1767
1793
1758
1777
1802
1727
1815
1806
1735
1795
1810
1828
1767
1744
1798
1792
1733
1713
1660
1719
1683
1730
1664
1713
1767
1737
1727
1801
1686
1783
1821
1697
1741
1715
1674
1710
1753
1738
1721
1713
1749
1598
1741
1719
1673
1581
1615
1729
1684
1621
1682
1661
1702
1618
1687
1682
1687
1655
1691
1691
1623
1709
1734
1605
1692
1589
1695
1692
1575
1627
1628
1661
1693
1721
1683
1650
1705
1641
1633
1649
1694
1680
1620
1637
1576
1583
1664
1679
1644
1591
1569
1577
1644
1639
1688
1609
1554
1658
1597
1629
1656
1627
1629
1628
1664
1576
1667
1622
1627
1632
1692
1610
1523
1592
1642
1607
1636
1585
1623
1562
1625
1564
1594
1620
1591
1534
1566
1552
1561
1604
1628
1528
1668
1558
1570
1589
1568
1539
1579
1562
1569
1574
1630
1480
1560
1513
1497
1575
1694
1476
1607
1526
1534
1552
1558
1511
1531
1571
1521
1542
1559
1590
1599
1589
1521
1539
1527
1580
1528
1462
1544
1545
1561
1577
1525
1570
1585
1518
1580
1596
1548
1562
1553
1638
1554
1487
1648
1626
1536
1472
1649
1591
1496
1526
1655
1550
1649
1646
1566
1619
1596
1631
1618
1597
1555
1594
1587
1697
1621
1625
1576
1618
1686
1647
1645
1598
1670
1632
1664
1689
1694
1680
1665
1739
1624
1631
1703
1652
1683
1701
1712
1639
1707
1728
1711
1773
1735
1827
1788
1736
1746
1810
1739
1783
1845
1831
1816
1830
1854
1784
1896
1883
1825
1889
1788
1959
1932
1892
1921
1862
1892
1972
2033
2029
1879
1989
1988
2043
1999
2041
2114
2093
2109
2107
2063
2099
2120
2063
2069
2190
2128
2176
2154
2164
2145
2267
2180
2188
2248
2210
2259
2276
2375
2220
2336
2469
2350
2328
2326
2436
2471
2428
2400
2422
2460
2427
2497
2489
2456
2564
2484
2543
2653
2492
2569
2599
2625
2582
2587
2701
2660
2693
2722
2708
2711
2722
2848
2802
2780
2830
2751
2795
2861
2735
2862
2950
2850
2866
2900
2813
2965
2881
2955
2919
2997
2954
2974
3008
2943
2965
3093
3049
2927
2930
3098
2986
3040
2969
3057
3114
3153
3017
3105
3170
3105
3118
3100
3022
3071
3028
3104
3000
3101
3056
3130
3075
3188
2993
3169
3125
3148
2964
3292
3159
3016
3084
3083
3183
3089
3023
3127
3127
3149
3130
2987
3116
3050
3037
3138
3047
3067
3081
3032
3045
2910
2998
2963
2910
2917
2835
3020
2954
2975
2886
2915
2928
2831
2899
2849
2851
2890
2760
2781
2733
2894
2741
2859
2669
2728
2761
2697
2710
2659
2719
2596
2724
2591
2580
2626
2619
2557
2563
2499
2475
2481
2439
2399
2442
2500
2346
2451
2248
2381
2275
2373
2284
2362
2233
2225
2246
2226
2122
2221
2135
2188
2150
2086
2114
2010
1983
2058
2032
1968
1968
1980
1986
1894
1967
1881
1827
1781
1879
1784
1737
1756
1734
1766
1634
1702
1641
1605
1653
1633
1554
1598
1511
1574
1567
1560
1492
1472
1440
1543
1474
1451
1439
1494
1407
1482
1395
1353
1328
1370
1283
1402
1288
1308
1246
1338
1284
1221
1203
1175
1154
1266
1175
1213
1183
1225
1075
1098
1097
1136
1126
1141
1063
1085
1043
1050
1075
1020
1007
1028
1014
1070
999
996
984
971
939
934
976
941
937
913
913
880
890
905
849
922
875
934
888
909
899
850
842
904
830
796
836
856
778
855
843
797
847
810
773
792
800
800
783
849
782
730
801
732
791
771
761
732
717
751
734
716
776
731
785
731
712
727
710
763
702
687
723
672
694
699
699
729
675
729
731
697
694
753
713
683
687
663
652
673
683
723
617
672
650
675
660
685
677
660
678
659
630
633
672
631
627
644
639
640
607
637
670
674
653
630
620
666
604
605
621
671
637
593
656
629
604
636
574
579
615
577
637
601
576
654
602
656
598
583
556
553
586
563
564
571
578
549
556
584
637
578
602
586
565
624
565
611
544
550
575
543
579
572
553
611
601
601
529
558
515
581
575
579
577
559
537
582
546
549
562
548
542
482
545
533
545
596
532
582
543
503
539
584
505
522
532
538
539
512
538
547
529
515
528
518
537
551
504
501
470
513
505
490
505
550
505
534
531
506
472
510
496
550
500
525
520
519
491
517
499
486
489
498
530
531
491
507
467
506
482
497
532
483
502
469
519
505
526
478
506
494
474
509
425
450
495
512
439
441
520
529
464
489
460
502
477
473
468
471
454
508
500
506
477
464
475
487
467
473
482
486
490
502
456
479
506
475
476
489
493
481
456
481
479
457
429
508
454
485
458
477
492
465
444
429
436
460
465
476
439
436
495
454
477
517
477
458
444
467
458
462
451
453
429
482
438
446
441
438
441
422
408
438
456
398
413
414
422
427
452
445
421
459
436
446
417
429
435
433
450
426
453
443
450
434
427
411
434
454
412
457
429
436
416
437
446
469
461
409
416
411
404
410
423
413
431
426
441
454
410
421
382
419
452
444
407
397
400
435
401
419
443
411
374
387
383
372
404
371
395
418
410
390
399
430
405
414
376
402
403
417
400
427
414
372
361
405
387
393
399
391
366
403
392
379
383
381
396
419
364
382
379
382
377
387
356
371
384
339
377
383
401
367
371
360
336
377
371
402
382
400
369
322
322
378
360
386
347
346
354
343
358
348
343
359
369
382
328
341
339
370
316
368
347
354
346
355
344
352
327
383
326
329
357
323
349
321
338
364
341
319
310
346
326
348
315
353
344
332
320
315
336
318
314
340
340
312
354
328
311
304
310
331
341
297
351
310
328
326
327
324
290
336
354
295
319
314
334
297
296
339
334
351
336
326
317
343
289
299
354
326
308
290
311
305
286
284
294
305
305
312
309
331
284
302
291
301
290
307
308
286
296
327
267
302
277
299
285
297
314
305
285
272
303
314
317
299
310
264
298
311
279
307
302
296
282
304
269
286
269
260
312
284
278
286
276
277
284
281
302
259
287
266
268
321
264
275
261
295
270
277
284
281
266
269
336
295
257
256
299
305
270
283
284
280
257
290
279
270
254
275
283
272
284
266
263
266
291
289
269
231
233
252
286
296
277
285
243
275
263
272
246
260
245
265
241
255
227
291
257
273
275
246
275
267
274
263
284
244
286
226
283
267
284
228
252
259
241
258
240
254
280
282
254
268
238
288
216
257
272
259
263
252
231
251
257
254
259
231
245
269
206
255
236
208
249
260
263
246
246
223
266
241
257
260
255
226
237
229
242
251
226
222
251
243
250
233
241
274
230
243
231
227
254
240
283
253
243
244
258
236
224
248
242
238
229
241
286
232
248
251
238
262
231
229
235
226
237
245
223
252
272
242
215
227
259
265
247
232
233
228
259
231
227
220
237
258
217
224
238
262
233
221
231
235
231
224
249
241
244
208
225
263
236
210
229
242
225
240
233
250
220
223
223
250
230
226
217
246
262
230
260
243
241
228
228
216
215
226
231
227
226
240
223
235
255
221
210
240
229
239
234
227
243
244
237
216
222
232
229
243
230
217
253
215
216
235
253
217
248
215
215
206
216
211
244
253
220
235
227
252
206
224
222
222
246
230
244
249
253
239
219
201
247
277
201
240
223
217
215
228
224
238
252
199
221
227
214
225
222
225
250
225
221
236
228
216
204
212
219
238
221
203
229
212
220
236
188
221
236
226
216
198
214
225
218
195
220
189
206
232
220
236
225
218
211
216
210
251
212
224
199
222
229
197
209
240
210
218
217
193
205
227
210
214
203
215
200
222
209
202
188
217
220
232
205
221
213
228
216
181
222
204
222
202
228
211
218
195
233
196
213
204
198
211
184
209
215
188
237
189
193
197
216
198
196
202
213
215
221
230
190
213
222
225
213
224
221
187
223
231
192
229
201
211
174
200
186
200
198
214
173
207
217
194
195
187
191
174
191
197
211
199
191
190
187
195
207
205
180
179
181
194
198
181
225
199
190
192
176
170
199
227
182
198
195
198
184
182
208
196
213
196
185
189
180
215
190
207
202
192
202
188
200
175
204
221
194
200
193
171
203
179
186
188
187
177
187
198
197
171
181
166
176
191
193
173
182
198
159
184
209
187
166
201
190
195
185
198
183
188
168
200
186
176
180
170
183
197
195
184
206
191
193
214
172
178
203
196
187
156
182
176
154
187
207
218
157
183
202
165
194
193
187
185
165
188
192
181
190
190
186
178
178
181
221
169
162
178
177
156
188
191
169
170
167
183
167
193
197
163
183
163
186
169
173
156
162
163
185
158
189
177
172
188
173
176
160
184
141
161
166
155
178
153
195
153
196
188
198
197
165
161
161
180
163
181
185
164
148
179
163
193
172
181
170
157
182
165
160
151
140
171
153
153
152
171
142
158
157
126
168
155
151
180
152
137
167
159
160
133
149
149
165
151
148
154
147
161
135
149
126
159
135
159
150
147
153
147
146
134
140
134
145
131
134
125
136
133
139
155
133
143
151
145
160
142
129
138
149
131
149
144
125
116
132
144
129
121
144
145
116
147
144
120
119
122
129
130
125
145
147
134
130
128
127
131
129
126
131
117
125
120
143
121
128
103
120
118
132
108
131
114
137
122
119
123
131
137
134
135
133
121
125
133
131
132
122
108
106
106
134
126
94
102
114
123
107
112
141
124
129
124
139
0
