532
30
27
33
33
38
33
41
36
41
67
63
60
61
71
77
67
85
73
118
85
104
114
128
107
135
131
161
168
177
169
167
169
200
196
228
195
227
193
197
204
203
210
202
206
183
192
186
180
184
186
183
182
143
151
175
181
163
149
166
165
188
167
175
173
190
199
177
197
210
237
219
250
223
252
242
252
275
255
308
299
320
317
299
329
309
382
375
389
374
438
434
450
495
505
463
535
485
576
592
631
624
660
699
723
715
736
795
810
920
876
957
932
947
1006
1102
1099
1167
1207
1260
1293
1300
1401
1472
1547
1549
1666
1654
1760
1855
1884
1950
1944
2139
2093
2154
2191
2398
2424
2451
2634
2608
2760
2794
2913
3057
3174
3082
3206
3265
3363
3438
3593
3540
3791
3783
3823
3877
3862
4030
3979
4028
4133
4214
4275
4410
4315
4521
4546
4614
4703
4640
4763
4667
4716
4867
4975
4879
5037
5042
5104
5324
5216
5473
5301
5493
5379
5608
5570
5764
5845
5790
5977
6026
6203
6228
6347
6672
6602
6805
6934
6967
7202
7190
7498
7677
7580
7839
7818
8130
8391
8652
8519
8711
8842
9328
9133
9512
9985
9828
10039
10246
10361
10458
10981
11187
11281
11477
11544
11938
12269
12266
12566
12787
13049
13252
13324
13627
13480
14214
14288
14614
14661
14959
14911
15350
15494
15911
15999
16211
16672
16545
16905
17042
17169
17603
17592
18038
18229
18313
18700
19138
19200
19432
19582
19805
19939
20141
20242
20616
20257
20857
20381
21181
21017
21220
21328
21785
21949
21824
22004
22420
21923
22817
22459
22469
22963
23073
23223
23362
23680
23343
23681
23684
23868
23904
23922
24365
24199
24615
24443
24746
24681
24887
24745
25170
25002
25498
25181
25130
25281
25580
25163
25786
25995
26013
26228
25949
26151
26610
26416
26195
27092
26611
26299
26701
26545
26870
26872
27307
26822
27066
27038
27138
26899
27330
26871
27572
27170
27762
27675
27917
27478
27440
27418
27957
27519
27930
27931
27387
28200
27860
27891
28164
28278
28230
27936
28126
27864
28317
27783
28382
28015
28477
28116
28213
28443
28101
28329
28248
28186
28338
28155
28222
28329
28342
28194
28512
27804
28445
28379
28195
28543
28149
28474
28320
28618
28042
28158
28317
28479
28475
28127
28629
28101
28580
28262
28325
28361
28078
28178
28341
28232
28611
28285
28534
28543
27957
28186
28688
28062
28563
27732
28438
28488
28307
28226
28385
28492
28176
28269
28170
28380
28257
28149
28286
28560
28656
28422
28259
28196
28488
28430
28938
28133
28760
28201
28358
28282
28364
28370
28292
28323
28699
28261
28524
28442
28770
28529
28998
28401
28796
28592
28889
29029
28408
28394
28623
28589
29059
28332
28594
28932
28640
28001
29296
28717
28885
28354
28653
28939
28844
28815
29152
28562
29010
28724
28973
29125
28976
29187
28799
29201
28949
29095
29140
29209
29172
29008
29103
28945
29092
28946
29057
29540
29451
29112
29762
29560
29711
29338
29528
29737
28960
29284
29756
29559
29632
29260
29682
29582
29586
29398
29575
29624
29721
29539
29611
30002
30241
29661
30292
29718
30049
30123
30303
30226
30232
29614
30161
30027
29707
30065
30396
30290
30358
30040
30234
30506
30567
30607
30642
30175
30535
30017
31184
30389
30705
30352
30652
30564
30686
30531
30920
30559
30938
30384
31081
30536
31212
30922
30998
31131
31066
30821
31320
31126
31289
30768
31204
31204
31422
31374
31571
31205
31747
31281
31680
31662
31881
31046
31883
31805
31815
31710
32010
32038
31989
31392
32294
31779
32019
31672
31678
32184
32093
32089
32465
32308
32548
32168
32801
32746
32515
32825
32875
32609
32803
32351
33136
32560
32957
32682
32462
32720
32463
32864
33224
32773
33308
32613
33360
33080
33481
33481
33208
33446
33166
33351
33591
33254
33518
33368
33641
33592
33552
33479
33770
33493
33935
33387
33792
33805
34088
33545
34099
34506
34008
33500
34331
34021
34237
33695
34502
33767
34364
33951
34402
34434
34182
34050
34447
34177
34649
34333
34483
34634
34742
34090
34784
34364
34537
34204
34815
34558
35072
34496
34808
34668
34898
34635
35002
34937
34929
34667
35104
34848
35195
34889
34869
35094
35195
34876
35309
35149
35540
34992
34934
35388
35064
34825
35386
35098
35570
34902
35065
35294
35561
34786
35241
35723
35342
35137
35664
34994
35671
34961
35626
35020
35388
34281
35329
35495
35189
35216
35696
35283
35635
35318
35350
35500
35499
35097
35590
35236
35708
34951
35860
35202
35304
34879
35127
35493
35222
35114
35722
34967
35447
34768
35341
34826
35424
34930
35216
35074
35047
34764
35235
34590
35109
34780
34438
34893
35236
34585
35069
34404
34863
34489
34527
34673
34744
33967
34214
34405
34045
33797
34240
33628
33970
33782
33876
34105
33835
33580
33714
33644
33320
32982
33199
33248
32881
32602
32983
32802
33144
32685
32444
32742
32641
32245
32269
32110
31944
31572
32140
31311
31859
31247
31488
31323
30977
30617
31020
30836
30743
30443
30191
30350
30003
29618
30032
30031
29736
29427
30010
29318
29673
28792
28717
29155
28669
28476
28478
28464
28055
27920
28198
27414
28057
27271
27087
27326
26728
26677
26977
26458
26606
26006
26173
26101
25646
25493
25441
25636
25076
24583
24989
24856
25256
24256
24423
24419
24053
23502
23543
23790
23291
22998
23463
22894
22976
22574
22572
22480
22375
21826
22024
21874
21808
21480
21526
21582
21101
20988
20839
20919
20307
20799
20504
19924
20407
20165
19993
19864
19641
19463
19246
19405
19091
18897
18869
18520
18660
18504
18407
18288
18124
17881
18066
17721
17991
17721
17508
17445
17286
17017
17140
16889
16997
16706
17011
16714
16734
16447
16248
16266
16101
16083
15839
16090
15659
15476
15508
15391
15667
15144
15372
15275
15185
15331
15070
14696
14967
14603
14685
14693
14482
14449
14353
14395
14237
14288
14146
14010
14070
13774
13882
14102
13734
13806
13490
13558
13492
13327
13589
13366
13344
13074
13302
13119
13340
13017
12972
12741
12893
12688
12652
12759
12775
12644
12557
12737
12552
12364
12690
12283
12522
12072
12346
12158
12367
12129
11977
12250
12064
11764
12187
11990
12127
11766
12022
11884
11819
11717
11754
11750
11605
11620
11589
11603
11557
11613
11470
11361
11399
11371
11527
11301
11435
11359
11255
11267
11183
11235
11168
11155
11094
11186
11177
11079
11242
10917
10999
11416
10871
10811
10973
10912
10861
10804
11009
10874
10773
10611
10908
10584
10781
10535
10566
10620
10474
10572
10512
10549
10630
10358
10472
10440
10479
10182
10406
10427
10147
10307
10332
10588
10135
10381
10296
10153
10327
10162
10306
10187
10147
10212
10278
10045
10035
10034
10067
10125
9889
10081
9876
10085
9908
9862
9965
9916
9943
9911
9878
9766
9857
9923
9522
9867
9623
9797
9823
9720
9710
9535
9599
9804
9590
9661
9671
9596
9777
9499
9530
9422
9444
9404
9596
9463
9563
9520
9353
9495
9518
9511
9332
9373
9528
9373
9510
9367
9353
9319
9414
9272
9267
9361
9401
9308
9237
9147
9354
9263
9303
9165
9284
9325
9352
9248
9230
9215
9251
9115
9202
9254
9135
9047
9242
8956
9231
9072
9160
9003
9154
8993
9106
9087
9161
9098
9138
9131
9059
9124
9164
8893
9034
8963
9062
8991
8876
8983
8952
9053
9081
8982
9131
9051
8892
8804
8974
8905
9165
8933
9019
8974
8816
9002
9177
8998
9013
9134
8882
8908
9026
8876
8946
9016
9025
8783
9061
9156
9048
8842
9144
9076
8969
8874
9095
9034
9136
8916
9249
8978
9305
9102
8970
8954
9082
9114
9112
9177
9332
9040
9107
9268
9181
9194
9254
9154
9339
9131
9354
9344
9434
9399
9388
9467
9355
9582
9415
9555
9577
9690
9636
9448
9632
9507
9726
9683
9770
9682
9897
9720
9731
9794
9895
9748
9895
9750
9951
10169
10134
9995
10103
10079
10222
10101
10185
10129
10226
10216
10113
10310
10611
10475
10425
10353
10719
10428
10487
10669
10531
10706
10745
10921
11056
10869
11144
10961
11263
10989
11229
11220
11241
11097
11451
11394
11503
11280
11348
11458
11623
11635
11920
11860
11836
11933
11951
12141
11927
11937
12384
11794
12501
12333
12124
12626
12313
12450
12679
12669
13005
12868
12627
12884
13145
13118
13150
12920
13365
13196
13167
13455
13457
13375
13545
13495
13646
13530
13940
14064
13758
13883
14334
14132
14529
14280
14556
14598
14486
14375
14704
14592
14831
14602
15080
15161
15061
14730
15354
15074
15570
15351
15231
15573
15666
15605
15603
15666
15783
15778
16122
16218
16004
16043
16434
15951
16450
16065
16403
16576
16295
16776
16709
16499
16880
17089
16736
17232
17039
16859
17169
16917
17171
17130
17321
17506
17278
17411
17677
17652
17520
17571
17728
17782
17702
17585
17983
17731
17870
17891
17836
18075
18049
17975
18135
18149
18260
17916
18206
18236
17991
18265
18552
18282
18534
18317
18567
18538
18454
18336
18621
18733
18312
18428
18427
18807
18494
18393
18567
18521
18750
18403
18839
18454
18453
18427
18660
18547
18700
18219
18511
18514
18550
18466
18567
18336
18531
17937
18510
18649
18338
18121
18248
18213
18186
18207
18406
18370
18101
18097
18034
17921
18077
17952
17874
18123
17851
17314
17874
17746
17666
17398
17447
17472
17475
17237
17449
17199
17358
16837
17164
17147
17069
17046
16846
16978
16797
16645
16931
16611
16401
16342
16376
16310
16381
16160
15974
16092
16045
15661
15798
15754
15537
15284
15697
15447
15412
15247
15190
15357
15143
14674
14775
14747
14869
14813
14555
14636
14210
14286
14174
14319
14208
13844
14125
13889
13955
13597
13773
13510
13397
13243
13522
13333
13352
13205
13348
12882
12923
12805
12834
12805
12729
12290
12325
12197
12388
12103
12148
12088
12031
11773
12005
11828
11777
11646
11714
11520
11517
11139
11665
11177
11208
11091
11129
10913
10675
10707
10886
10695
10859
10539
10504
10408
10434
10166
10316
10080
10379
10141
10265
10000
10120
9760
9893
9763
9911
9742
9658
9429
9537
9199
9369
9534
9505
9018
9287
9272
9297
9176
9170
8971
9032
8943
8973
9006
8819
8662
8958
8805
8707
8598
8716
8598
8670
8415
8557
8378
8290
8303
8405
8376
8434
8156
8309
8213
8181
8175
8109
8126
7846
7937
8067
7818
7928
7825
7899
7662
7837
7752
7778
7715
7893
7507
7776
7738
7582
7659
7680
7645
7428
7553
7570
7508
7629
7427
7713
7367
7538
7284
7370
7316
7380
7319
7416
7361
7384
7219
7272
7146
7179
7143
7208
7305
7324
6991
7262
7008
7238
7151
7029
7098
7156
6970
6984
6962
7034
6969
7106
6891
6967
7092
6948
6939
7009
6873
7050
7106
6925
6980
6908
7023
6813
6855
7043
6764
7068
6829
7018
6813
6849
6859
6858
6877
6950
6744
6925
6866
6937
6699
6889
6736
6846
6634
6856
6771
6788
6643
6843
6886
6837
6741
6695
6813
6856
6808
6810
6736
6827
6527
6841
6843
6893
6721
6737
6978
6658
6561
6748
6577
6710
6580
6860
6527
6756
6631
6786
6674
6652
6693
6694
6640
6769
6568
6654
6584
6765
6697
6786
6690
6660
6416
6720
6885
6612
6916
6677
6811
6731
6660
6622
6760
6669
6664
6661
6679
6623
6546
6682
6750
6679
6675
6892
6684
6569
6716
6719
6781
6794
6775
6750
6607
6551
6701
6617
6707
6662
6626
6637
6700
6723
6683
6722
6598
6589
6483
6741
6577
6782
6617
6851
6778
6692
6523
6729
6712
6681
6529
6694
6729
6709
6604
6643
6544
6523
6563
6774
6514
6523
6546
6603
6599
6525
6594
6561
6563
6670
6566
6767
6596
6725
6463
6588
6595
6674
6522
6687
6753
6671
6579
6615
6598
6571
6593
6586
6519
6621
6596
6644
6522
6447
6445
6471
6453
6477
6349
6443
6562
6501
6374
6479
6464
6499
6557
6387
6321
6346
6348
6442
6435
6500
6322
6389
6458
6576
6391
6456
6415
6308
6414
6286
6244
6509
6271
6432
6219
6410
6282
6393
6354
6260
6259
6357
6251
6452
6209
6231
6102
6260
6029
6155
6130
6070
6122
6215
6171
6259
6055
6137
6039
6076
6101
6070
6114
6132
6079
6276
6045
6029
5935
5915
6023
6058
6160
6128
6049
5919
6013
5869
5893
5949
5977
5974
5917
5899
5858
5940
5845
5812
5736
6004
5826
5900
5828
5692
5841
5851
5863
5704
5653
5745
5665
5748
5673
5778
5721
5818
5721
5762
5612
5619
5661
5627
5739
5525
5641
5589
5529
5652
5550
5572
5586
5629
5637
5590
5614
5458
5425
5514
5442
5524
5496
5526
5422
5511
5521
5461
5386
5518
5433
5450
5387
5412
5350
5308
5263
5492
5325
5217
5326
5326
5328
5412
5197
5330
5342
5283
5217
5130
5096
5328
5154
5277
5185
5135
5151
5149
5227
5264
5227
5324
5146
5170
5002
5181
5202
5233
5143
5165
5086
5094
5027
5179
4922
5053
5019
5115
5144
5110
5038
5018
5055
4992
4981
5124
5115
5061
4974
5015
5129
5097
5028
5183
4967
5008
4876
4916
4850
4885
4878
4914
4946
4870
4943
4956
5000
4918
4820
5037
4980
4945
5025
4990
4986
4841
4845
4987
4790
4900
4835
4841
4838
4726
4774
4975
4823
4927
4596
4906
4760
4899
4754
4855
4881
4908
4658
4793
4836
4771
4800
4821
4792
4877
4712
4852
4832
4662
4745
4873
4881
4835
4706
4597
4817
4656
4594
4730
4640
4791
4662
4639
4641
4731
4758
4676
4684
4734
4543
4722
4577
4597
4528
4697
4649
4674
4715
4628
4656
4666
4663
4671
4625
4651
4569
4688
4619
4712
4620
4609
4548
4651
4549
4652
4632
4590
4594
4745
4561
4710
4514
4491
4494
4528
4557
4617
4631
4551
4491
4634
4488
4464
4458
4536
4510
4630
4486
4635
4566
4634
4442
4624
4505
4526
4566
4471
4589
4609
4600
4614
4464
4554
4502
4751
4596
4491
4413
4418
4651
4472
4469
4497
4418
4512
4503
4567
4348
4501
4409
4484
4429
4568
4418
4508
4490
4583
4423
4458
4286
4434
4342
4503
4380
4350
4459
4352
4352
4571
4485
4473
4344
4347
4390
4385
4445
4482
4409
4492
4409
4489
4347
4291
4350
4308
4327
4411
4260
4304
4287
4362
4342
4290
4390
4340
4328
4325
4353
4245
4331
4287
4265
4246
4478
4318
4376
4353
4351
4256
4230
4234
4359
4240
4093
4305
4273
4133
4055
4247
4200
4379
4121
4283
4109
4215
4160
4286
4079
4214
4195
4261
4100
4254
3982
4121
4115
4242
4167
4120
4156
4110
4065
4207
4166
4097
4080
4059
4075
4169
3959
4094
4028
4062
4004
3913
4013
3935
4097
3989
4058
3938
3967
3992
4122
3910
3875
3986
4006
3945
3861
4004
3908
3874
3953
3901
3757
3872
3747
4021
3877
3835
3888
3832
3976
3785
3796
3807
3827
3839
3766
3817
3749
3773
3948
3838
3914
3796
3713
3864
3739
3724
3759
3684
3745
3876
3577
3685
3660
3633
3721
3743
3682
3757
3574
3610
3683
3681
3606
3625
3621
3654
3612
3565
3631
3574
3492
3665
3541
3724
3643
3712
3627
3625
3629
3556
3468
3552
3500
3541
3501
3535
3516
3572
3539
3623
3584
3571
3560
3492
3393
3561
3499
3453
3509
3527
3523
3442
3324
3605
3433
3468
3429
3532
3454
3548
3420
3527
3359
3493
3329
3442
3528
3193
3451
3456
3334
3369
3281
3340
3302
3313
3369
3372
3427
3396
3371
3296
3487
3432
3317
3425
3335
3453
3352
3429
3420
3252
3428
3305
3343
3300
3287
3400
3425
3359
3244
3311
3315
3487
3226
3349
3265
3457
3272
3292
3312
3432
3271
3485
3387
3336
3389
3349
3268
3305
3315
3326
3216
3285
3399
3351
3320
3275
3247
3342
3360
3375
3360
3460
3309
3365
3302
3265
3324
3325
3411
3398
3408
3350
3421
3354
3421
3446
3344
3469
3391
3412
3370
3483
3500
3472
3299
3417
3382
3359
3397
3352
3505
3385
3540
3580
3464
3508
3406
3550
3475
3445
3466
3433
3480
3541
3500
3496
3451
3725
3574
3398
3488
3592
3583
3586
3613
3525
3560
3604
3576
3496
3523
3562
3630
3732
3473
3694
3718
3738
3679
3747
3658
3709
3764
3695
3740
3671
3794
3716
3693
3835
3656
3738
3697
3823
3767
3811
3790
3728
3687
3890
3813
3897
3773
3907
3825
3870
3850
4073
3888
3967
3959
3881
4025
3888
3934
4010
4056
3892
3934
4068
4068
4031
3928
4105
4027
4032
4102
4114
4156
4178
4159
4130
4043
4172
4157
4121
4139
4205
4119
4218
4203
4239
4115
4273
4101
4279
4276
4330
4317
4277
4224
4278
4333
4409
4260
4312
4218
4340
4357
4411
4361
4395
4280
4444
4428
4438
4477
4359
4506
4496
4384
4514
4454
4480
4411
4536
4447
4633
4534
4633
4539
4539
4375
4521
4595
4598
4588
4626
4657
4716
4527
4655
4614
4597
4531
4664
4548
4620
4674
4647
4755
4566
4619
4721
4736
4634
4592
4867
4743
4634
4662
4734
4674
4773
4672
4803
4622
4776
4797
4875
4906
4705
4711
4620
4790
4745
4796
4729
4662
4794
4706
4790
4752
4665
4682
4762
4619
4779
4722
4592
4669
4764
4569
4790
4706
4716
4655
4694
4591
4732
4674
4657
4643
4799
4656
4709
4614
4740
4662
4645
4716
4742
4498
4673
4671
4556
4667
4635
4639
4676
4580
4618
4500
4562
4522
4697
4583
4484
4522
4744
4507
4629
4555
4516
4591
4517
4472
4487
4522
4417
4401
4569
4411
4449
4377
4389
4433
4312
4375
4386
4463
4454
4287
4511
4406
4503
4289
4379
4420
4296
4118
4352
4284
4292
4236
4451
4161
4257
4194
4199
4190
4132
4083
4272
4125
4106
4205
4166
4035
4140
4020
4031
4073
4197
4083
4096
4130
4026
4051
4062
4031
4028
3984
4094
3999
3875
3934
3952
3900
4075
3948
3822
3832
3939
3856
3938
3867
3817
3768
4035
3719
3933
3762
3925
3864
3760
3777
3905
3679
3793
3654
3816
3750
3781
3690
3769
3592
3764
3717
3640
3519
3603
3658
3620
3626
3613
3628
3674
3627
3613
3609
3573
3623
3728
3585
3546
3567
3585
3570
3600
3583
3667
3520
3507
3595
3541
3483
3423
3629
3488
3499
3531
3547
3573
3431
3414
3478
3446
3482
3505
3508
3355
3553
3466
3425
3551
3380
3453
3420
3389
3377
3379
3328
3434
3414
3370
3486
3338
3271
3396
3489
3424
3340
3399
3301
3427
3346
3433
3356
3179
3351
3337
3429
3275
3328
3431
3257
3361
3297
3347
3348
3453
3307
3391
3312
3370
3395
3231
3284
3221
3287
3406
3339
3352
3274
3277
3375
3390
3356
3352
3382
3221
3181
3299
3295
3338
3189
3311
3327
3329
3234
3203
3315
3297
3281
3373
3319
3363
3144
3340
3322
3223
3254
3342
3339
3365
3202
3343
3175
3371
3289
3277
3313
3210
3317
3188
3285
3225
3278
3303
3312
3344
3232
3235
3314
3294
3116
3309
3202
3302
3189
3194
3199
3204
3181
3241
3206
3284
3216
3262
3200
3149
3126
3228
3258
3208
3233
3158
3219
3142
3080
3225
3091
3242
3135
3180
3108
3132
3113
3199
3137
3205
3050
3069
3119
3209
3090
3143
3078
3214
3100
3222
3115
3063
3081
3079
3048
3059
2985
3149
3076
3000
3103
3111
3034
3135
2898
3046
3191
3049
3128
2983
3037
3140
3078
3018
3025
2989
3070
2953
2954
3004
2962
3030
2877
3038
2889
3055
3049
2969
2948
2919
2993
2959
2906
2957
2928
2986
2798
2928
2935
2905
2848
2923
2789
2837
2887
2938
2752
2799
2792
2900
2824
2845
2759
2935
2851
2834
2752
2776
2865
2884
2796
2878
2790
2898
2869
2901
2812
2794
2791
2724
2767
2698
2765
2700
2693
2695
2710
2705
2759
2699
2650
2768
2704
2761
2772
2704
2704
2792
2722
2701
2782
2678
2725
2745
2786
2689
2600
2673
2695
2707
2691
2617
2717
2742
2600
2676
2637
2796
2712
2697
2704
2607
2616
2707
2534
2570
2663
2658
2621
2651
2556
2615
2603
2633
2531
2659
2594
2699
2570
2601
2593
2728
2566
2597
2701
2622
2502
2684
2579
2590
2573
2564
2661
2575
2646
2692
2568
2675
2673
2747
2675
2640
2561
2639
2661
2659
2602
2630
2584
2634
2663
2599
2620
2628
2610
2616
2619
2549
2537
2663
2597
2612
2602
2608
2653
2627
2574
2634
2648
2568
2517
2706
2637
2637
2672
2713
2573
2654
2672
2664
2671
2617
2636
2766
2595
2632
2635
2656
2666
2651
2636
2690
2638
2701
2650
2641
2722
2657
2622
2668
2637
2753
2651
2663
2780
2800
2662
2656
2666
2730
2682
2676
2661
2608
2736
2723
2713
2804
2750
2669
2779
2758
2703
2772
2682
2783
2755
2704
2708
2804
2709
2666
2764
2761
2717
2797
2750
2820
2741
2811
2810
2736
2784
2800
2889
2712
2638
2763
2814
2743
2791
2749
2803
2835
2768
2754
2823
2821
2759
2897
2787
2795
2711
2817
2794
2780
2679
2911
2842
2814
2789
2823
2942
2860
2865
2794
2829
2889
2759
2810
2792
2852
2719
2886
2796
2914
2701
2830
2790
2728
2565
2816
2712
2887
2796
2871
2762
2822
2870
2730
2772
2935
2726
2754
2881
2823
2789
2845
2873
2784
2769
2909
2817
2832
2801
2797
2714
2863
2774
2691
2772
2784
2756
2807
2795
2755
2690
2801
2736
2750
2798
2796
2825
2861
2678
2683
2822
2711
2763
2685
2704
2787
2688
2778
2750
2740
2799
2723
2680
2774
2734
2730
2777
2833
2775
2748
2718
2588
2632
2686
2644
2652
2597
2731
2563
2722
2629
2653
2688
2733
2572
2743
2694
2622
2587
2559
2622
2613
2560
2514
2607
2651
2596
2618
2605
2593
2479
2573
2548
2473
2623
2524
2534
2559
2554
2576
2485
2549
2475
2534
2663
2521
2558
2470
2539
2567
2508
2560
2539
2454
2519
2548
2388
2581
2452
2498
2485
2411
2479
2497
2389
2441
2383
2485
2452
2489
2485
2345
2366
2412
2347
2352
2440
2360
2451
2376
2380
2426
2347
2356
2335
2341
2351
2351
2320
2297
2269
2327
2342
2326
2230
2389
2270
2350
2277
2309
2375
2233
2312
2307
2147
2239
2243
2246
2284
2212
2247
2202
2206
2280
2290
2269
2298
2256
2186
2323
2161
2209
2223
2183
2279
2169
2098
2224
2224
2255
2220
2322
2178
2223
2091
2220
2159
2192
2099
2307
2203
2258
2135
2191
2196
2202
2109
2097
2175
2238
2117
2241
2042
2094
2078
2169
2087
2221
2017
2107
2141
2111
2208
2134
2162
2197
2073
2166
2116
2065
2066
2067
2007
2082
2058
2079
2148
2016
2113
2099
2072
2116
2063
2113
2000
2101
1976
2053
2028
2012
1955
1970
2028
2004
2086
2059
2054
2025
1996
2101
1975
2113
2060
2056
1945
2057
1964
2023
2029
2004
1920
2074
2089
2018
2012
1947
2015
1894
1897
2011
1901
1985
2030
2007
1903
1893
1976
1981
1955
1935
1944
1944
1937
1869
1976
1889
1880
1964
1851
1818
1857
1909
1953
1898
1900
1850
1918
1964
1891
1893
1944
1890
1867
1840
1851
1866
1830
1779
1896
1830
1827
1856
1883
1807
1844
1885
1782
1856
1839
1884
1788
1842
1793
1859
1815
1873
1884
1846
1814
1813
1841
1729
1769
1745
1841
1882
1803
1746
1874
1833
1773
1774
1814
1798
1811
1798
1818
1653
1766
1785
1712
1817
1700
1746
1700
1704
1784
1669
1769
1724
1746
1746
1799
1705
1700
1780
1674
1669
1615
1650
1757
1690
1633
1650
1661
1683
1652
1674
1703
1582
1618
1588
1686
1646
1573
1645
1682
1616
1651
1627
1650
1639
1587
1638
1599
1585
1577
1641
1648
1605
1524
1607
1583
1562
1577
1597
1631
1612
1588
1569
1513
1504
1512
1530
1528
1602
1492
1689
1515
1619
1494
1520
1574
1559
1451
1513
1489
1525
1518
1599
1432
1521
1442
1537
1515
1442
1493
1517
1511
1492
1511
1452
1405
1474
1432
1540
1497
1482
1467
1416
1561
1489
1375
1518
1365
1449
1435
1421
1436
1411
1397
1420
1402
1419
1397
1460
1407
1399
1386
1399
1442
1392
1408
1403
1396
1432
1371
1337
1367
1329
1362
1396
1393
1439
1360
1382
1341
1344
1410
1381
1334
1344
1299
1470
1306
1339
1311
1344
1366
1324
1302
1398
1320
1293
1300
1336
1377
1323
1280
1324
1372
1308
1256
1275
1292
1300
1318
1318
1294
1308
1320
1238
1328
1294
1263
1259
1329
1312
1287
1317
1277
1291
1283
1256
1309
1310
1316
1250
1290
1263
1331
1272
1213
1255
1287
1234
1165
1270
1237
1320
1251
1248
1261
1274
1304
1232
1206
1302
1247
1266
1290
1249
1208
1251
1211
1233
1297
1269
1328
1266
1275
1232
1266
1319
1229
1199
1260
1272
1311
1219
1215
1270
1233
1197
1251
1259
1288
1309
1270
1301
1260
1198
1179
1233
1226
1276
1204
1215
1276
1261
1248
1261
1276
1252
1194
1267
1263
1246
1282
1266
1338
1263
1280
1253
1219
1283
1220
1313
1273
1262
1297
1322
1243
1259
1207
1227
1308
1261
1224
1253
1234
1221
1261
1296
1251
1264
1292
1326
1263
1320
1303
1325
1269
1291
1207
1299
1336
1284
1278
1270
1245
1326
1268
1282
1315
1302
1268
1339
1319
1277
1320
1404
1288
1197
1299
1305
1299
1359
1301
1328
1318
0
