0
0
0
0
0
0
0
0
0
0
0
0
0
0
0
0
0
0
0
1
0
0
0
0
0
0
0
0
0
0
0
0
0
0
0
0
0
0
0
0
0
0
0
0
0
0
0
0
0
0
0
0
0
0
0
0
0
0
0
0
0
0
0
0
0
0
0
0
0
0
0
0
0
0
0
0
0
0
0
0
0
0
0
0
0
0
0
0
0
0
0
0
0
0
0
0
0
0
1
0
0
0
0
0
0
0
0
0
0
0
0
0
0
0
0
0
0
0
0
0
0
0
0
0
0
0
0
0
0
0
0
0
0
1
0
1
0
0
1
0
0
0
0
2
1
2
1
0
0
8
1
6
3
4
6
2
2
7
4
6
8
1
9
4
4
10
12
14
12
7
8
10
20
10
16
14
21
12
14
16
21
22
30
23
24
35
31
30
37
46
37
46
67
68
87
82
127
135
172
196
233
262
306
362
342
429
483
485
576
650
754
800
819
915
944
1123
1174
1199
1308
1356
1464
1575
1529
1658
1623
1758
1924
1950
2084
2066
2101
2153
2226
2253
2298
2418
2362
2371
2520
2481
2555
2527
2611
2737
2723
2758
2731
2796
2614
2806
2761
2691
2547
2678
2589
2660
2599
2446
2470
2534
2326
2463
2401
2437
2365
2385
2326
2265
2351
2367
2306
2279
2224
2144
2159
2156
2258
2125
2123
2168
2164
2220
2132
2239
2109
2144
2086
2108
2093
1983
2031
1994
2057
2083
2087
2045
1975
2050
2073
1952
1910
2046
1974
1967
1930
2046
1970
1944
1961
1933
1954
1840
1883
1907
1920
1861
1896
1815
1817
1859
1791
1789
1814
1790
1744
1725
1767
1674
1776
1708
1657
1628
1632
1631
1659
1626
1642
1553
1608
1616
1534
1568
1508
1596
1508
1512
1480
1576
1503
1425
1454
1454
1382
1455
1469
1427
1378
1391
1381
1401
1421
1411
1394
1411
1408
1360
1378
1326
1370
1285
1353
1412
1311
1277
1391
1297
1293
1305
1353
1270
1329
1345
1347
1268
1238
1376
1307
1340
1302
1257
1291
1276
1256
1309
1278
1302
1236
1297
1281
1304
1341
1417
1290
1307
1345
1289
1338
1276
1290
1389
1358
1317
1327
1312
1383
1298
1272
1328
1349
1337
1296
1303
1334
1227
1203
1219
1286
1358
1305
1319
1256
1236
1346
1244
1242
1323
1277
1302
1267
1260
1284
1222
1224
1253
1232
1224
1290
1249
1267
1297
1272
1254
1241
1223
1173
1255
1130
1161
1216
1245
1198
1095
1233
1182
1139
1112
1182
1243
1098
1152
1108
1149
1167
1168
1216
1115
1058
1104
1142
1146
1140
1108
1088
1094
1128
1092
1078
1025
1097
1073
1022
1006
1075
1033
1091
1058
1052
1107
1034
994
1005
974
1006
1051
986
1082
1104
1029
1021
988
1026
971
977
994
1024
921
980
1030
989
973
969
1025
1006
949
973
952
1050
1005
969
906
929
997
1001
910
978
957
964
945
955
980
987
976
979
950
942
971
937
986
923
1001
910
920
943
994
901
962
902
934
920
922
918
931
908
952
896
922
931
922
918
966
979
936
925
891
879
898
866
933
810
917
894
806
834
873
927
887
824
800
871
873
847
913
867
850
899
878
868
830
894
812
833
856
868
880
778
886
797
865
777
836
827
848
795
843
826
807
826
768
795
735
722
841
820
843
778
773
814
788
778
808
806
808
727
769
795
769
792
791
740
730
729
713
748
736
717
707
741
716
714
700
762
692
693
726
706
714
692
724
733
693
676
669
683
746
647
649
702
685
653
668
746
673
653
708
681
703
639
620
661
647
674
710
614
695
586
676
698
679
628
621
652
641
645
643
682
599
637
627
614
626
648
633
622
615
631
650
589
643
647
608
612
609
596
639
616
651
648
621
602
652
594
541
556
585
564
588
571
612
606
573
585
587
594
562
546
606
584
596
516
579
530
554
571
576
569
573
575
581
527
577
580
526
567
575
547
567
630
559
511
527
522
575
582
566
524
571
526
555
576
504
536
523
558
502
525
539
524
511
538
574
521
498
536
543
504
556
556
512
479
557
477
566
527
490
514
535
539
559
528
503
529
523
548
541
517
558
533
469
504
531
534
524
533
528
507
501
565
505
542
482
497
550
507
503
521
501
520
533
498
510
528
533
532
523
548
563
515
527
476
535
494
533
526
514
522
511
542
555
522
550
522
543
542
497
508
519
527
559
526
553
509
550
540
515
552
510
497
537
570
526
549
489
570
563
554
517
578
553
574
549
499
555
517
524
523
550
588
590
524
523
521
526
519
570
581
550
524
537
539
535
501
525
536
476
570
535
534
585
549
508
538
534
527
528
539
518
530
529
535
524
546
521
534
515
511
534
529
563
532
503
522
506
537
533
493
505
496
508
524
518
507
518
530
512
521
531
526
532
565
523
538
480
475
545
502
500
508
515
566
528
524
534
478
481
496
510
502
519
507
488
476
462
460
474
474
480
495
474
485
457
467
482
453
424
488
414
444
491
440
468
462
455
458
479
454
445
435
446
442
443
437
452
440
431
410
487
425
431
422
485
445
445
408
442
416
423
404
404
428
416
408
433
453
409
445
459
428
405
378
459
420
454
406
387
419
384
418
420
454
451
381
422
425
379
392
366
367
436
380
379
376
390
377
395
393
395
420
381
349
363
384
394
388
392
392
373
398
369
387
374
400
360
392
379
355
396
351
383
368
382
326
348
347
356
366
342
386
362
320
328
366
335
350
332
345
327
339
349
320
353
339
352
304
372
340
317
349
320
322
338
301
281
307
357
289
280
303
314
347
285
292
292
292
294
357
280
284
304
297
271
298
264
297
291
293
299
260
278
281
281
276
285
251
311
281
283
290
300
274
288
312
254
261
244
249
278
235
271
282
271
273
276
269
293
269
263
300
264
287
272
277
281
257
262
286
268
277
285
275
248
268
258
259
286
252
227
250
296
292
238
267
261
260
249
256
233
278
273
262
231
259
262
270
255
257
262
257
257
251
237
226
292
228
251
228
257
247
259
261
246
252
246
270
224
244
241
216
259
221
233
263
249
227
226
257
219
261
236
250
243
233
243
238
205
247
232
264
227
215
241
234
237
186
221
220
229
244
242
245
206
216
239
240
212
230
198
216
205
206
222
226
209
184
221
230
198
215
226
230
232
208
235
224
215
203
216
219
228
210
260
191
182
219
227
206
230
219
204
209
212
228
212
206
215
184
218
189
200
196
205
205
229
226
188
239
200
211
216
216
211
185
182
199
195
190
207
220
205
200
211
216
204
193
193
192
227
215
205
205
199
205
204
214
202
221
212
208
200
185
213
184
210
189
203
200
185
244
212
197
227
202
210
195
210
214
223
196
193
186
219
222
203
223
212
195
194
188
186
187
210
186
235
206
203
205
211
177
208
207
192
204
186
212
211
214
187
222
188
201
198
220
214
201
218
211
232
198
206
186
186
190
216
189
195
198
178
193
176
191
193
190
205
202
205
181
175
183
200
176
177
187
195
171
178
191
190
201
169
225
197
178
173
167
165
172
184
198
182
195
193
174
176
172
149
173
161
156
204
194
162
145
190
184
157
172
178
153
152
169
173
159
152
169
158
180
161
168
162
152
160
160
143
150
164
143
165
140
169
166
158
155
164
140
148
149
141
146
144
127
156
161
135
141
158
135
139
155
151
147
179
139
147
153
150
136
140
126
137
116
158
123
151
153
132
133
163
143
123
133
133
113
148
139
140
114
135
136
137
147
130
123
123
138
142
141
128
141
117
121
130
139
123
123
135
128
127
121
149
132
126
118
147
125
138
115
106
116
146
138
133
129
131
152
130
127
139
129
114
111
136
112
128
125
136
124
111
152
150
106
131
137
135
133
147
133
116
127
116
119
135
122
127
145
127
135
121
138
124
143
135
124
132
120
133
108
144
131
154
136
117
133
128
124
145
125
132
126
138
146
145
136
121
150
137
134
151
131
144
137
129
147
132
134
164
131
136
132
144
114
139
123
146
138
124
132
149
128
137
149
141
127
146
144
149
143
139
131
144
139
157
142
137
149
161
159
155
162
130
142
130
134
169
154
173
140
145
141
155
152
154
147
155
152
146
129
152
152
162
160
154
169
157
170
147
157
156
146
142
147
139
142
163
168
151
176
164
183
166
171
176
176
175
173
175
183
176
184
177
173
174
178
196
184
172
185
192
164
179
171
169
175
192
193
189
186
178
198
180
196
205
203
234
191
210
209
168
236
191
186
188
196
214
204
193
212
196
208
236
215
205
218
237
212
222
231
226
217
213
215
226
215
205
210
224
216
225
224
218
235
250
242
218
239
221
215
228
227
210
221
227
222
249
209
246
218
265
230
202
255
217
237
238
228
238
230
236
231
221
253
229
215
237
241
234
228
234
206
242
236
191
220
232
222
228
212
238
206
209
199
229
215
180
217
210
215
212
231
226
205
205
208
190
207
193
222
184
199
215
216
196
207
198
190
207
154
216
184
219
206
191
177
194
155
185
183
188
196
174
157
171
165
175
154
214
187
171
168
209
174
180
152
163
181
187
165
156
165
168
186
161
153
158
145
158
153
177
148
160
185
139
165
161
172
141
133
138
153
134
146
175
156
159
160
146
130
171
140
158
125
148
147
142
167
166
129
150
153
155
148
121
176
160
131
125
157
153
151
171
133
135
143
159
122
163
147
141
150
157
139
128
157
157
159
137
135
164
128
140
138
148
151
132
129
164
135
131
141
145
135
154
138
143
131
151
135
143
136
132
123
151
163
132
133
129
136
119
109
120
153
132
123
109
129
122
130
112
124
113
127
102
112
135
119
114
119
136
131
104
110
105
101
113
115
122
118
112
88
117
114
116
97
95
99
93
78
108
92
96
89
105
89
99
108
83
90
93
101
87
94
79
103
89
95
79
102
83
83
107
86
99
76
90
109
95
74
85
74
67
71
76
79
76
82
63
64
83
87
70
58
69
77
59
82
76
77
61
74
80
73
75
85
70
65
70
74
62
59
76
62
64
62
60
70
63
52
57
67
57
61
59
57
63
53
61
65
47
57
78
66
64
63
53
63
60
57
70
47
55
53
62
67
58
58
57
46
52
57
60
48
55
55
48
56
53
55
53
58
50
60
50
55
53
43
53
52
59
49
42
48
56
50
50
58
38
58
49
51
40
47
43
54
41
55
44
49
44
42
48
55
34
46
35
38
40
42
39
40
41
38
63
53
49
46
48
44
30
39
52
43
45
43
36
45
36
48
35
43
39
38
47
55
39
52
52
41
50
35
40
40
41
29
46
35
47
44
51
37
48
47
46
32
48
38
29
34
37
46
37
36
33
36
35
47
33
40
31
33
34
44
47
28
40
43
36
40
31
35
47
38
37
39
35
38
38
27
43
48
36
45
53
45
34
41
38
42
44
38
30
36
35
41
26
41
32
42
43
40
48
35
40
39
40
34
38
39
30
34
39
34
43
26
34
30
24
43
34
28
34
44
49
41
35
32
42
39
40
37
35
36
35
36
36
39
37
30
43
31
28
32
31
27
41
46
31
41
29
40
27
33
39
39
45
26
36
41
27
32
28
36
47
43
39
36
33
44
42
31
38
37
36
32
31
32
35
31
39
43
27
37
38
28
28
36
44
36
21
41
39
37
36
42
32
28
39
33
56
34
35
25
32
37
31
33
49
51
27
33
34
38
47
33
35
29
34
34
30
30
29
44
37
34
28
34
33
34
45
37
41
32
44
29
28
33
24
26
39
31
26
35
36
37
43
27
25
37
27
36
33
39
41
28
37
32
32
25
38
28
29
29
46
35
50
34
37
40
25
33
41
30
41
39
26
30
28
28
38
35
36
32
35
42
36
32
35
30
32
29
32
29
38
34
36
26
34
39
26
21
37
37
49
40
43
28
39
40
42
32
27
47
47
36
39
44
36
25
33
29
31
34
23
33
31
32
33
35
31
36
34
43
27
33
24
38
27
43
38
29
28
33
26
40
34
26
34
40
33
33
43
36
28
47
32
34
31
36
34
31
25
46
36
41
37
30
41
26
35
35
28
40
38
39
36
31
30
38
39
32
29
39
29
35
37
34
42
50
39
37
29
27
42
30
31
37
37
33
48
25
28
38
22
34
43
30
39
29
34
27
30
32
27
32
32
33
36
39
32
28
35
43
35
48
27
27
31
32
44
34
47
35
33
54
27
36
29
31
40
45
37
33
33
37
32
42
37
37
33
39
51
36
33
42
34
24
43
38
32
42
35
41
27
46
37
37
42
32
42
35
33
42
36
24
31
43
46
20
31
39
44
36
34
30
33
35
37
33
40
33
38
42
30
29
31
38
42
43
34
33
34
46
37
41
35
29
34
41
34
37
24
39
39
34
34
28
40
36
25
37
35
29
33
33
26
28
32
32
36
36
32
27
37
27
32
30
31
41
43
36
34
33
37
31
39
27
46
35
34
33
40
23
32
33
30
30
32
24
30
38
23
32
34
30
25
34
29
24
28
35
28
25
22
30
37
26
37
36
22
27
32
21
20
34
35
33
16
13
27
26
24
18
31
30
26
12
35
24
22
26
28
14
21
23
17
30
19
31
22
26
17
24
16
23
23
24
27
26
29
23
31
25
28
26
21
22
32
12
21
29
19
22
23
22
19
24
22
22
28
21
19
20
26
22
16
32
32
22
23
13
26
30
25
29
24
16
26
13
23
21
23
27
24
20
21
14
29
22
19
24
20
18
31
17
20
23
20
17
22
14
19
20
28
19
20
29
33
26
26
13
18
19
28
21
25
29
18
18
20
23
23
15
28
22
25
22
22
19
28
22
25
23
17
20
28
20
18
21
26
21
30
14
22
18
23
23
15
20
25
15
23
23
21
28
19
15
20
14
33
24
18
26
26
19
26
12
21
15
18
19
16
24
24
17
22
19
18
24
14
30
25
29
24
17
19
19
25
17
14
14
16
24
30
30
14
18
13
19
25
24
15
18
16
18
18
12
14
20
28
17
18
24
22
12
15
31
26
34
24
21
21
11
27
23
17
13
28
21
22
17
25
21
22
20
20
12
20
11
19
15
21
26
18
22
32
24
22
21
27
18
19
21
22
28
27
15
19
15
26
24
13
16
19
19
16
18
20
21
22
24
14
25
17
19
21
29
27
18
25
23
19
27
24
15
21
25
21
25
16
24
13
24
24
17
23
20
16
19
18
23
29
24
21
24
16
24
29
32
23
21
22
16
18
25
29
20
19
22
17
21
23
17
25
19
30
19
22
14
19
19
18
24
21
23
22
23
22
22
21
17
21
23
21
25
22
15
26
17
20
15
12
11
22
25
26
20
20
21
11
25
15
22
16
20
21
23
23
19
25
17
20
14
20
20
20
19
26
21
21
19
28
20
17
19
22
18
18
22
28
25
21
20
23
18
17
27
15
21
22
20
19
18
14
22
11
24
20
25
17
15
24
16
21
17
18
18
11
19
12
16
20
28
22
24
23
17
24
20
23
21
20
15
16
25
17
19
16
21
23
26
21
18
19
24
19
20
17
18
17
16
31
13
13
23
30
14
15
27
16
27
21
21
30
14
29
26
16
25
30
17
22
26
26
13
17
25
19
20
23
16
34
16
27
23
19
21
26
20
20
24
18
12
27
23
26
17
31
18
24
30
22
18
20
20
19
22
27
15
18
18
19
16
20
14
20
14
25
20
16
31
19
10
20
16
14
21
27
18
17
21
19
21
18
18
28
15
28
18
9
23
28
12
20
20
18
17
28
12
16
24
19
13
20
22
25
19
28
22
27
24
19
19
23
23
24
21
22
16
20
22
32
17
24
18
23
16
15
28
20
18
15
23
18
8
19
18
23
24
21
22
25
16
18
11
23
13
18
11
19
19
21
20
18
10
17
18
19
19
15
18
19
22
16
19
18
20
26
17
21
19
18
23
12
21
14
16
22
19
21
16
12
16
14
20
15
12
27
22
14
18
22
18
14
12
18
19
18
26
11
21
24
13
15
12
19
16
17
15
15
16
8
15
17
7
18
8
10
10
11
15
13
22
22
14
16
13
17
13
9
8
18
12
19
8
15
17
14
22
12
12
9
14
12
11
15
17
15
11
6
11
14
19
13
16
17
24
12
14
14
9
6
16
9
15
14
30
14
8
16
10
15
15
17
17
13
17
20
19
15
10
8
18
17
22
14
10
15
11
15
13
10
11
12
18
15
20
16
16
11
9
17
17
17
18
10
11
14
16
12
10
6
9
16
11
14
8
11
16
9
11
10
14
12
10
14
9
17
9
13
12
19
12
10
10
12
21
9
13
12
14
16
13
15
13
10
11
9
13
15
14
16
13
13
13
12
11
13
16
18
19
9
14
11
9
11
20
16
12
13
9
14
16
16
18
19
11
13
15
8
15
9
19
18
13
13
15
9
8
6
14
7
12
11
11
18
10
15
8
14
15
20
9
16
18
15
15
13
10
9
16
8
13
14
11
12
6
19
15
16
17
14
10
16
16
15
12
13
11
16
14
11
19
11
14
13
14
11
11
13
10
16
18
15
12
16
17
11
16
18
14
21
12
10
18
14
16
10
15
18
14
16
9
11
16
13
18
9
10
11
13
14
21
11
14
16
10
13
10
14
15
14
13
15
16
17
16
23
12
11
12
16
12
17
15
10
15
12
13
10
13
15
11
16
19
13
18
18
15
20
14
23
12
17
12
21
17
20
8
14
23
18
17
11
21
18
13
13
19
14
15
14
13
16
20
10
16
13
16
19
15
14
11
18
16
13
11
17
25
25
21
12
18
16
18
15
21
15
9
13
19
17
20
12
21
13
11
16
18
11
18
16
14
15
17
23
16
17
13
15
17
15
18
23
27
16
13
22
14
21
12
14
13
13
20
10
26
21
15
11
15
15
18
14
17
22
20
16
15
14
20
17
21
17
14
15
18
16
19
18
21
12
16
22
26
10
24
25
16
15
17
13
15
16
13
15
15
17
21
22
11
26
20
21
17
12
17
13
16
18
13
17
16
11
15
20
19
20
12
14
20
20
15
10
17
11
14
17
16
13
12
13
18
9
9
19
17
23
24
11
13
11
15
9
13
13
19
14
13
14
11
15
15
13
15
18
16
12
11
17
15
16
11
16
8
14
14
8
14
15
13
11
21
12
14
11
11
14
14
17
13
11
12
16
6
9
8
12
13
11
13
12
11
15
15
15
13
14
18
13
13
11
11
9
13
19
6
13
13
8
11
13
14
8
8
11
15
15
12
11
16
18
6
7
14
9
16
10
10
8
8
7
18
11
17
11
11
12
7
9
19
13
12
7
15
14
15
11
14
15
5
11
10
11
13
14
13
12
11
13
12
4
10
14
10
11
17
13
12
12
8
11
13
8
16
10
12
14
21
12
13
11
9
14
11
6
16
9
10
7
6
11
9
8
14
11
13
10
10
7
11
10
3
14
7
11
10
9
14
9
16
17
11
9
15
10
12
10
9
11
9
12
15
10
15
11
10
15
10
11
11
10
11
8
8
14
14
6
17
0
