0
0
0
0
0
0
0
0
0
0
0
0
0
0
0
0
0
0
0
0
0
0
0
0
0
0
0
0
0
0
0
0
0
0
0
0
0
0
0
0
0
0
0
0
0
0
0
0
0
0
0
0
0
0
0
0
0
0
0
0
0
0
0
0
0
0
0
0
0
0
0
0
0
0
0
0
0
0
0
0
0
1
0
0
0
0
0
0
0
0
0
0
0
0
0
0
0
0
0
0
0
0
0
0
0
0
0
0
0
0
0
0
0
0
0
0
0
0
0
0
0
0
0
0
1
0
0
0
0
0
0
0
0
1
1
0
0
1
0
0
0
0
1
0
0
0
0
0
3
0
1
0
1
1
1
0
1
0
0
3
1
2
1
4
3
2
3
2
2
2
6
7
3
7
3
3
4
3
5
8
5
3
5
3
6
8
7
9
3
13
3
13
8
6
12
20
22
25
33
36
49
64
73
83
115
137
153
203
252
296
372
490
558
591
714
817
847
908
1085
1055
1214
1216
1322
1416
1451
1555
1579
1724
1670
1801
1870
1820
1969
1987
1970
1992
2043
2026
2096
2121
2094
2157
2073
2129
2090
2178
2180
2097
2160
2147
2148
2164
2178
2155
2188
2186
2161
2244
2232
2298
2188
2294
2238
2302
2343
2356
2371
2334
2338
2375
2366
2491
2348
2530
2529
2520
2512
2524
2545
2619
2648
2681
2715
2710
2739
2637
2792
2713
2837
2751
2772
2805
2759
2914
2888
2938
2802
2907
2930
3059
2935
2903
2947
2952
3030
3044
2940
3105
2967
3129
3102
3025
3040
3026
3111
3135
3064
3136
3120
3094
3113
3143
3171
3052
3139
3154
3156
3311
3149
3298
3039
3185
3093
3310
3142
3150
3035
3104
3184
3199
3214
3180
3218
3141
3103
3167
3087
3104
3052
3093
3141
3130
3068
3109
3041
3025
2921
3031
3040
2959
2915
3024
2924
3042
2892
3004
2958
2892
2829
2825
2881
2833
2763
2856
2811
2760
2790
2742
2733
2864
2811
2737
2734
2580
2685
2590
2660
2665
2565
2684
2501
2667
2526
2504
2553
2540
2483
2487
2606
2523
2467
2445
2471
2390
2461
2333
2418
2285
2279
2327
2270
2358
2206
2347
2202
2213
2200
2176
2167
2178
2135
2136
2124
2012
2012
1984
1956
1991
1884
1994
1961
1868
1923
1871
1803
1848
1764
1808
1827
1754
1745
1731
1756
1769
1649
1666
1617
1618
1653
1558
1586
1624
1573
1553
1579
1505
1544
1491
1449
1530
1439
1523
1464
1427
1447
1376
1408
1413
1373
1386
1320
1424
1411
1327
1314
1387
1342
1300
1291
1304
1254
1280
1282
1275
1286
1262
1255
1253
1264
1214
1238
1196
1196
1200
1193
1158
1165
1285
1117
1187
1119
1177
1099
1093
1172
1090
1139
1089
1094
1104
1017
1045
1134
1062
1129
1094
1013
1073
1105
1048
1042
1134
1072
1038
1068
1073
1032
1033
974
984
1004
1025
1012
969
993
955
997
1010
954
1010
954
979
978
935
911
1011
940
1014
945
889
962
939
944
934
861
922
921
968
944
917
937
938
964
947
879
916
869
931
843
957
899
898
897
902
876
884
833
885
853
879
806
858
884
859
860
885
831
868
828
843
845
883
833
826
833
812
821
838
777
829
891
816
789
814
816
788
784
770
788
859
736
744
775
744
739
767
757
769
797
762
765
797
739
814
748
744
755
716
736
753
695
735
714
735
713
708
744
743
684
728
649
740
694
730
682
686
706
660
677
668
663
711
698
644
622
655
647
651
668
660
642
692
620
651
606
661
667
648
661
687
663
673
657
656
651
616
635
613
629
621
632
614
590
583
589
596
552
625
607
590
603
572
549
586
568
570
590
507
610
550
556
564
576
584
549
548
555
539
522
529
547
571
516
554
522
493
529
497
520
528
443
491
506
485
481
455
479
487
477
448
490
505
458
484
473
473
456
441
462
469
454
468
465
460
473
419
447
459
441
431
447
436
402
449
405
421
409
416
424
412
414
429
388
373
406
396
399
418
404
404
374
403
379
392
392
370
372
395
370
398
369
387
363
388
379
381
400
357
398
398
346
356
401
383
380
354
331
326
364
351
377
344
323
353
347
341
354
330
342
341
338
346
319
332
326
353
359
349
318
286
330
324
303
356
288
341
343
333
318
290
331
337
363
348
309
294
297
342
317
304
313
317
318
324
282
295
296
260
295
303
282
263
270
292
284
304
268
290
285
288
282
314
278
285
289
289
296
283
301
272
278
286
279
288
250
273
257
273
290
245
253
265
241
246
234
279
266
270
260
249
285
271
235
256
248
246
253
273
247
253
221
273
257
235
269
245
267
250
257
234
241
243
222
257
222
256
254
265
250
226
234
222
196
231
224
242
236
219
203
227
260
215
225
271
208
221
212
221
241
225
216
211
204
226
236
233
208
195
227
213
234
223
224
224
226
230
214
189
210
188
204
223
257
202
216
226
210
208
187
204
195
230
217
211
186
196
213
222
217
171
221
226
212
205
194
210
211
198
176
201
216
194
187
188
188
221
222
184
196
226
195
188
162
185
164
177
196
204
177
186
178
187
176
199
179
191
200
184
175
191
175
200
174
149
175
177
169
173
158
210
160
183
174
156
179
172
174
155
149
187
142
189
159
170
148
146
180
149
150
175
155
160
166
153
135
140
159
122
149
168
133
152
162
167
138
134
160
134
127
151
147
170
146
132
180
137
141
146
127
162
125
146
151
149
120
138
122
127
139
128
137
123
121
127
141
136
138
129
147
124
130
151
145
129
98
124
129
123
117
138
123
116
117
126
128
119
131
123
137
111
109
123
140
119
138
135
107
110
105
119
140
135
124
125
109
113
141
125
121
108
127
119
101
119
108
128
98
110
130
116
116
126
104
101
111
97
108
106
99
97
111
109
125
102
111
112
105
104
106
114
134
125
113
91
113
133
128
115
101
121
91
85
107
105
111
104
115
119
130
109
103
108
98
100
102
126
99
109
83
105
90
107
94
88
89
126
114
95
93
106
91
98
110
93
90
113
104
102
98
92
97
109
102
106
118
102
94
107
101
101
97
99
80
85
88
109
91
86
97
90
71
97
100
83
105
99
93
109
96
105
78
95
93
82
101
100
89
92
101
67
94
80
95
78
99
104
106
79
85
84
96
108
101
90
80
86
93
97
80
106
97
86
105
97
83
105
77
95
85
110
90
111
112
89
89
75
94
112
91
89
86
88
110
101
100
102
95
82
92
84
94
89
86
108
87
89
86
83
70
86
82
81
99
66
87
93
73
76
104
79
115
89
89
84
95
86
84
83
90
90
86
80
80
100
88
78
78
77
87
83
79
73
69
72
99
99
90
75
74
74
92
91
93
89
75
99
54
75
91
92
81
86
83
73
79
68
85
83
75
82
89
79
91
93
80
97
90
93
76
95
82
80
95
88
77
74
99
97
87
100
78
75
78
81
84
82
91
91
87
77
85
77
81
105
86
83
85
97
103
84
76
76
90
86
67
91
79
82
83
98
85
83
64
92
71
93
87
90
77
74
74
75
78
74
58
75
79
66
84
77
68
80
71
66
77
67
77
81
66
71
64
83
70
71
54
84
83
91
68
80
71
60
66
86
70
77
87
65
67
86
83
74
66
70
76
56
71
65
71
49
65
71
67
63
63
72
57
64
71
72
81
77
69
65
63
58
64
64
70
79
62
63
56
51
57
69
72
63
70
72
66
70
71
62
53
65
66
51
76
67
58
81
61
67
58
66
66
80
60
60
69
51
84
54
57
67
58
60
69
70
54
71
66
69
59
55
71
81
67
67
69
73
75
61
76
76
67
68
54
75
57
63
80
72
73
64
67
66
67
87
58
76
65
76
57
61
59
70
70
71
67
73
69
57
83
67
64
63
70
68
81
77
65
76
70
57
74
70
63
71
63
69
62
71
52
76
64
71
76
78
76
75
74
73
69
69
55
83
87
76
68
82
91
73
72
57
71
77
65
65
62
64
80
91
77
65
76
73
70
69
86
83
74
61
60
69
66
65
72
73
80
74
86
62
70
73
68
62
75
73
59
64
62
73
70
65
79
76
55
66
56
68
72
68
73
82
67
68
70
58
58
63
57
76
66
71
71
49
67
68
65
64
62
65
65
65
61
59
64
68
62
55
57
55
50
68
68
59
44
52
60
58
50
50
57
61
62
38
61
51
62
50
44
40
48
59
62
51
57
56
47
48
63
43
48
54
45
40
59
51
42
40
50
51
41
63
53
56
39
50
45
44
56
51
50
51
53
43
44
58
37
47
49
46
43
45
44
39
48
45
28
43
47
45
35
46
37
33
53
45
41
50
44
42
52
55
42
52
55
34
51
36
43
32
40
41
41
50
48
56
40
36
32
32
36
35
49
34
45
43
39
43
33
36
39
37
39
44
43
40
44
55
38
50
35
43
37
28
43
44
42
39
39
48
42
41
37
42
32
42
52
41
31
47
30
41
41
48
40
40
38
28
39
39
33
37
39
33
27
44
27
39
36
38
44
44
44
38
45
34
36
46
43
42
35
43
54
31
34
44
36
32
38
47
50
33
36
40
36
32
39
40
54
37
39
27
34
30
46
45
33
41
30
48
37
40
35
40
35
44
48
32
32
34
44
42
39
34
32
48
48
33
41
32
40
41
36
45
47
42
29
36
37
35
42
38
49
39
49
32
47
35
39
34
31
35
38
29
38
30
39
35
43
41
48
44
35
38
31
27
44
34
38
28
27
40
46
33
35
34
48
34
31
51
42
37
35
36
38
40
33
46
28
42
42
38
32
35
39
45
27
45
43
31
40
38
41
26
29
45
42
35
43
36
33
37
32
38
36
37
46
29
27
31
40
37
44
35
37
44
29
25
34
35
35
43
37
37
35
54
39
35
40
41
30
27
32
33
39
38
31
33
37
39
28
30
36
42
31
31
39
35
30
36
40
31
44
34
37
41
28
33
40
30
26
35
27
32
26
42
38
29
46
43
41
33
25
30
31
42
40
36
44
37
34
29
30
31
29
33
40
37
32
39
38
41
30
40
32
32
50
27
42
28
25
29
29
29
35
30
37
26
36
23
34
35
29
19
30
33
42
32
26
27
27
46
30
37
33
23
31
36
30
30
38
32
36
17
33
35
31
29
28
40
32
22
28
37
31
32
22
38
32
31
29
31
28
34
34
29
35
33
27
31
43
34
33
19
18
32
29
29
32
26
34
43
27
26
23
34
27
26
29
23
40
25
36
36
36
29
35
24
36
27
20
28
36
41
33
23
26
26
21
29
33
36
40
23
31
26
24
36
25
33
30
31
32
31
26
28
33
38
32
31
34
39
32
34
25
23
30
21
35
29
19
29
27
35
33
26
19
25
27
37
31
28
26
31
35
26
31
24
34
37
36
29
33
30
29
30
36
29
30
28
30
32
29
32
22
25
30
30
30
29
28
35
24
28
29
30
26
31
35
27
27
30
26
29
27
29
24
34
21
32
27
22
27
30
27
33
37
27
18
30
27
24
21
46
27
26
32
33
27
24
22
31
29
26
24
27
30
28
21
29
24
20
27
24
28
22
21
19
23
23
22
33
25
25
23
30
29
26
24
31
28
25
28
29
28
28
26
25
39
26
18
29
21
27
29
27
22
25
25
32
27
30
34
25
29
19
33
20
21
26
30
27
31
28
29
28
37
35
39
41
34
36
24
21
30
28
20
25
21
21
30
27
38
31
35
38
24
30
29
23
34
22
35
35
34
26
27
25
33
33
32
33
28
27
27
26
22
30
25
26
29
23
23
30
22
35
29
34
28
19
26
36
32
29
25
29
30
27
23
29
31
36
28
27
35
33
32
24
28
34
26
30
35
31
30
31
23
25
26
27
26
32
24
17
33
30
31
28
31
24
29
32
27
25
29
20
29
31
33
25
35
34
30
33
25
20
30
25
23
28
25
35
18
30
33
23
29
31
35
40
24
29
28
36
25
28
38
31
30
29
20
30
29
24
34
29
30
30
23
30
30
45
30
29
35
24
26
30
32
30
17
22
29
29
28
27
28
24
24
28
22
25
25
36
23
32
26
29
18
22
24
25
26
30
23
32
27
25
27
22
28
28
20
27
23
24
21
24
25
28
28
20
29
22
29
27
31
30
28
28
27
26
19
26
28
30
20
22
28
25
23
24
30
26
28
27
25
29
38
32
30
25
25
30
29
22
26
23
30
25
27
24
31
26
32
24
25
27
22
26
28
28
25
30
22
25
27
26
21
23
21
31
21
24
30
23
22
22
29
31
19
24
14
26
25
21
24
21
29
13
16
24
17
25
25
36
21
20
19
17
33
24
23
29
20
36
21
22
20
14
22
19
17
27
18
21
20
20
24
25
27
9
23
12
24
25
10
23
27
24
19
18
13
16
22
17
24
20
18
25
16
20
25
17
19
15
17
18
20
23
27
16
17
19
22
19
22
15
20
21
19
20
17
10
23
24
17
23
12
25
20
21
12
14
22
29
23
22
11
21
24
12
15
23
25
12
20
16
12
20
21
25
23
17
16
13
23
19
22
17
23
20
24
18
12
18
26
15
23
10
19
28
17
28
20
23
23
17
24
31
17
15
14
18
21
19
19
25
17
23
12
14
12
20
19
16
15
14
17
16
22
19
11
21
21
16
23
19
15
22
16
24
22
18
20
17
23
19
14
12
18
21
12
18
19
17
22
21
17
25
18
15
19
24
26
17
15
26
16
20
15
18
20
17
23
24
25
21
17
19
21
15
21
22
21
18
11
19
15
21
10
21
18
12
23
11
18
21
21
15
17
20
19
18
14
17
15
20
13
15
23
9
19
21
18
16
26
19
20
29
14
18
19
20
14
21
15
17
17
25
18
17
23
15
15
27
22
18
16
16
21
18
22
11
24
17
18
18
12
25
18
24
23
23
18
25
11
22
26
21
26
17
19
13
17
20
23
13
13
13
24
24
20
19
18
28
22
23
18
24
12
20
20
20
20
18
29
16
24
19
30
23
26
19
15
13
20
19
22
20
19
22
12
19
15
26
26
12
19
14
28
14
23
18
22
11
22
21
14
21
19
17
23
21
22
14
25
15
22
16
22
15
17
15
22
25
20
25
20
22
15
19
8
19
20
17
17
18
15
22
18
10
17
18
18
18
23
15
8
20
16
16
28
15
16
16
16
19
18
17
20
27
13
22
15
14
15
20
13
26
10
23
14
10
15
17
23
19
11
13
13
14
23
20
13
20
11
16
15
15
23
24
12
25
25
14
14
18
20
19
16
23
11
28
13
21
15
17
20
18
24
24
17
21
11
17
18
18
18
18
18
16
15
16
17
19
17
23
10
13
19
15
15
18
14
12
12
20
18
17
16
13
20
19
19
21
17
11
15
14
12
22
18
9
18
25
17
13
18
7
18
15
18
12
10
10
14
22
11
23
15
12
16
19
25
16
18
12
17
16
18
18
20
16
17
10
20
23
20
16
19
14
19
19
22
16
21
13
17
17
15
21
20
17
17
21
14
23
16
17
8
17
14
15
21
11
16
8
9
13
13
17
13
17
13
15
10
15
8
16
13
12
15
17
16
15
20
14
15
14
16
13
11
20
23
19
21
15
16
16
13
15
13
11
13
16
11
13
12
13
17
14
15
15
12
18
9
13
17
20
19
15
25
15
18
14
12
21
11
19
16
13
25
16
11
18
14
14
12
16
18
12
13
11
16
18
16
13
12
17
17
15
11
14
17
14
22
19
14
7
17
14
14
19
16
18
22
10
18
15
17
11
12
15
11
20
12
14
14
16
7
12
17
12
16
19
12
10
14
17
13
15
6
20
16
16
17
11
15
15
16
9
23
19
14
16
17
8
16
10
19
17
12
15
15
12
8
10
17
14
13
12
10
17
12
11
11
10
11
10
17
16
13
10
9
18
13
12
20
10
13
6
9
15
8
8
12
13
14
12
14
14
14
13
15
11
17
12
14
26
10
2
16
11
13
12
10
12
8
8
8
10
13
3
9
11
14
7
10
7
16
15
9
13
18
9
6
5
4
8
10
13
7
6
13
7
19
15
13
11
14
9
6
13
8
14
7
12
12
9
9
12
13
14
10
7
20
15
10
7
8
8
5
17
6
10
5
9
14
7
8
8
12
14
10
16
13
14
9
17
8
10
8
9
10
14
8
7
17
10
13
15
18
11
9
9
9
14
8
11
4
9
12
13
9
9
10
8
13
9
6
15
10
11
12
11
18
8
8
12
11
18
9
7
14
6
10
11
6
8
5
11
9
14
11
17
10
14
15
11
8
13
10
11
7
10
9
14
6
16
13
14
12
8
13
13
8
7
20
8
14
6
8
12
10
6
9
8
8
8
14
12
9
8
13
10
13
10
12
9
10
9
9
15
9
10
7
13
13
15
14
11
11
17
15
12
13
7
8
11
13
14
8
10
9
11
13
9
14
18
12
11
5
18
7
16
10
18
13
13
10
11
20
17
13
10
8
9
11
13
11
7
12
5
12
3
13
12
12
8
20
6
14
14
10
10
12
13
7
9
10
13
8
13
15
14
9
17
14
9
6
13
9
14
10
8
11
12
13
13
16
19
11
12
14
11
21
11
16
15
12
15
10
15
14
14
8
13
14
8
13
10
15
15
18
18
16
16
14
11
13
13
21
8
11
12
10
12
14
8
15
16
20
14
20
7
16
21
12
18
20
13
10
14
15
17
19
14
13
19
10
13
15
15
17
22
21
15
16
27
18
11
25
17
19
17
15
17
16
18
16
17
14
19
27
19
18
17
16
18
18
15
14
8
19
17
19
18
20
28
27
10
20
16
14
14
14
25
14
13
14
19
18
25
20
14
15
14
22
21
25
18
19
20
18
27
17
24
24
19
33
23
23
21
21
19
20
33
27
16
25
22
14
23
25
18
19
16
15
22
8
24
21
16
25
20
18
25
17
17
16
22
11
20
19
27
24
21
20
22
15
16
18
20
19
19
16
16
13
25
15
17
12
23
18
18
15
14
23
17
20
14
19
13
13
13
16
15
17
15
15
22
16
19
15
14
15
13
11
14
11
13
16
15
11
12
12
15
19
18
19
18
19
14
9
15
16
15
18
17
14
18
16
9
16
22
15
13
12
11
13
14
8
6
17
14
16
12
15
15
20
15
16
15
18
17
12
11
8
10
11
13
5
9
13
11
12
17
12
14
11
16
5
10
13
13
12
16
8
17
9
10
10
8
8
21
15
13
15
12
15
17
9
9
9
17
6
8
5
8
11
10
3
10
12
10
5
16
16
11
5
10
6
16
11
13
10
8
11
11
10
6
8
9
3
8
4
7
7
8
5
8
9
9
6
8
10
11
7
14
10
10
5
5
12
8
6
6
9
7
4
8
8
5
7
6
6
8
9
11
7
4
5
11
5
10
6
6
8
6
7
15
8
11
14
7
11
6
12
3
9
6
6
6
7
12
7
12
12
8
6
4
11
12
6
6
10
7
5
9
7
8
10
11
5
13
3
11
12
5
5
9
2
4
9
5
12
7
16
13
13
0
