5
0
0
0
0
0
0
0
0
0
0
0
0
0
0
0
0
0
1
0
0
0
0
0
0
0
0
1
0
0
0
0
0
1
0
0
0
0
0
0
0
0
0
0
0
0
0
0
1
0
0
0
1
0
0
0
1
1
0
0
0
0
0
0
0
0
0
0
0
0
0
1
0
0
1
0
0
3
1
1
0
1
1
0
0
1
2
2
0
2
3
3
1
4
5
1
2
3
4
2
7
6
2
12
5
6
11
5
6
12
13
10
18
12
14
22
14
12
21
20
22
26
29
23
36
28
24
35
35
41
44
46
56
67
75
67
80
74
103
77
106
106
106
129
122
128
160
166
193
190
189
205
247
242
297
308
330
339
393
432
495
516
607
630
692
797
866
962
1002
1143
1211
1412
1512
1621
1757
1985
2247
2342
2539
2650
2849
3273
3297
3612
3809
4110
4304
4474
4715
5041
5118
5618
5720
5817
6428
6580
6740
6935
7097
7255
7310
7368
7547
7573
7530
7707
7643
7851
7802
7995
8007
7979
7836
8161
8018
8103
8135
8122
8316
8134
8314
8145
8279
7999
8293
8150
8162
8311
8227
8305
8266
8415
8224
8306
8355
8098
8046
8423
8465
8438
8238
8458
8321
8529
8304
8588
8508
8535
8500
8497
8667
8546
8629
8713
8520
8815
8874
8839
8894
8912
8988
8899
8990
8964
9207
9091
9040
9315
9301
9269
9226
9303
9244
9501
9443
9596
9472
9448
9692
9596
9516
9931
9891
9643
9640
9766
9880
9663
9832
9820
9800
9827
9722
9718
9642
9861
9459
9589
9468
9703
9459
9665
9620
9367
9412
9482
9429
9419
9257
9136
9230
8905
8953
8929
8594
8977
8715
8436
8418
8428
8214
8221
8245
8066
7841
7900
7922
7670
7562
7510
7443
7464
7258
7123
6978
7080
6819
6812
6605
6599
6600
6621
6359
6436
6185
6256
6233
6088
6038
5945
5943
5915
5768
5703
5612
5575
5560
5453
5463
5292
5265
5349
5004
5055
5108
4959
5045
4780
4767
4956
4806
4721
4756
4709
4761
4659
4609
4623
4570
4556
4434
4385
4454
4455
4386
4340
4271
4323
4159
4183
4157
4242
4257
4336
4180
4059
4041
4058
4065
4105
4073
4026
3963
4144
3991
3887
4003
3951
4039
4124
3919
3948
3909
3878
4031
3868
3904
3875
3862
3977
3977
3799
3933
3899
3866
3897
3842
4023
3799
3878
3835
3838
3923
3934
3711
3851
3754
3787
3855
3817
3861
3926
3769
3880
3794
3892
3885
3750
3843
3865
3832
3848
3677
3722
3973
3837
3843
3924
3612
3676
3752
3705
3703
3815
3621
3890
3790
3919
3815
3935
3848
3903
3777
3823
3773
3762
3781
3793
3917
3826
3738
3806
3855
3717
3709
3795
3878
3797
3703
3794
3918
3754
3784
3742
3781
3858
3816
3713
3771
3938
3841
3828
3771
3801
3829
3924
3800
3836
3784
3707
3782
3749
3685
3886
3823
3781
3725
3839
3765
3798
3788
3862
3703
3880
3783
3692
3878
3777
3617
3797
3783
3808
3698
3794
3670
3715
3722
3759
3747
3750
3806
3754
3626
3716
3595
3706
3562
3652
3528
3569
3741
3525
3602
3686
3662
3687
3583
3646
3495
3560
3628
3546
3695
3480
3486
3622
3515
3552
3455
3521
3501
3676
3570
3591
3382
3415
3297
3421
3370
3412
3355
3286
3318
3372
3243
3337
3276
3326
3161
3287
3287
3202
3209
3236
3236
3202
3182
3243
3219
3227
3116
3183
3210
3068
3076
3253
3144
3140
3085
3184
3060
3010
2993
3056
3052
3060
3058
3002
2942
2906
2980
3035
2998
3016
2964
2919
3019
2840
2804
2883
2817
2848
2867
2814
2789
2751
2873
2873
2842
2812
2784
2888
2792
2726
2762
2771
2697
2768
2788
2733
2692
2696
2689
2839
2697
2821
2651
2660
2737
2712
2669
2652
2807
2644
2735
2763
2633
2630
2673
2659
2656
2659
2611
2566
2466
2644
2582
2573
2605
2546
2511
2566
2585
2567
2500
2626
2555
2588
2490
2478
2572
2580
2460
2523
2432
2596
2396
2420
2470
2381
2393
2418
2512
2507
2452
2413
2455
2452
2302
2457
2414
2402
2314
2444
2326
2328
2431
2475
2325
2394
2380
2325
2340
2347
2232
2370
2342
2377
2307
2299
2294
2283
2228
2277
2308
2317
2199
2365
2314
2306
2259
2189
2267
2394
2260
2284
2239
2270
2174
2257
2257
2234
2142
2161
2236
2165
2229
2155
2209
2202
2180
2216
2142
2211
2061
2256
2123
2166
2145
2129
2146
2083
2070
2009
2139
2106
2088
2161
2059
2085
2106
2133
2078
2128
2100
2042
2060
2052
2135
1965
2094
2135
1972
2032
2044
2030
2100
2106
2061
2054
1975
2005
2042
2014
2040
2007
2032
1955
1913
1988
2072
1955
2030
1958
1932
2028
1868
2094
1909
1978
1931
1943
1922
2048
1975
1966
1850
1960
1890
1854
1997
1833
1946
1907
1840
1901
1914
1897
1945
1862
1863
1945
1899
1984
1851
1905
1889
1864
1867
1850
1873
1800
1856
1842
1814
1929
1764
1897
1810
1857
1866
1825
1845
1900
1913
1772
1780
1809
1819
1791
1808
1796
1820
1802
1817
1793
1725
1791
1812
1734
1837
1876
1721
1816
1726
1775
1772
1771
1720
1791
1706
1774
1655
1799
1771
1795
1794
1748
1708
1742
1723
1692
1770
1739
1727
1750
1756
1677
1709
1702
1788
1687
1691
1681
1728
1628
1615
1682
1726
1679
1653
1658
1765
1711
1672
1669
1707
1626
1634
1609
1688
1646
1685
1722
1609
1644
1570
1664
1722
1586
1638
1656
1627
1572
1584
1622
1639
1642
1634
1557
1649
1584
1591
1673
1584
1544
1603
1662
1572
1585
1590
1611
1647
1609
1584
1604
1552
1515
1538
1565
1519
1536
1526
1587
1611
1555
1471
1557
1633
1521
1509
1591
1545
1533
1557
1575
1567
1538
1437
1428
1523
1495
1516
1535
1479
1482
1553
1482
1542
1569
1553
1517
1434
1497
1532
1552
1478
1471
1453
1506
1435
1415
1458
1479
1535
1536
1523
1527
1416
1430
1368
1441
1428
1417
1443
1459
1497
1478
1447
1443
1426
1369
1405
1397
1488
1407
1411
1438
1425
1401
1389
1444
1413
1458
1348
1403
1387
1408
1275
1403
1387
1381
1373
1423
1355
1360
1372
1388
1365
1415
1358
1422
1360
1349
1301
1315
1289
1282
1368
1344
1307
1276
1349
1400
1327
1327
1352
1343
1376
1291
1383
1355
1258
1285
1252
1214
1300
1366
1331
1288
1259
1263
1316
1267
1237
1312
1220
1357
1336
1318
1217
1282
1315
1286
1246
1305
1311
1304
1314
1307
1284
1253
1272
1225
1222
1289
1310
1247
1277
1303
1272
1192
1211
1281
1206
1271
1198
1299
1178
1236
1213
1243
1213
1259
1187
1218
1235
1194
1193
1261
1191
1256
1154
1152
1208
1233
1228
1204
1230
1189
1216
1178
1188
1193
1159
1190
1155
1228
1151
1219
1180
1160
1163
1148
1151
1113
1204
1191
1185
1180
1224
1138
1172
1139
1121
1121
1050
1127
1131
1101
1152
1127
1118
1140
1120
1134
1162
1167
1104
1064
1078
1130
1157
1113
1091
1113
1083
1083
1095
1135
1074
1081
1149
1094
1061
1148
1142
1164
1086
1075
1107
1114
1097
1108
1115
1085
1075
1057
1127
1101
1104
1113
1119
1087
1091
1024
1069
1088
1088
1099
1058
1109
1027
1011
1130
1055
1105
1036
1036
1045
1078
1052
1040
1057
1070
1064
1025
1049
1045
1040
1081
1035
1072
1123
980
1069
1029
1008
1084
1023
1038
1058
1062
1069
1008
1029
1003
1074
1036
956
1043
1060
1007
992
1100
993
1030
1006
942
1059
969
972
1016
1023
1014
1012
990
984
969
1037
960
977
1063
1021
986
1000
968
961
942
985
964
997
951
1000
993
963
976
984
975
1004
975
981
942
952
958
986
929
1019
973
991
929
980
954
954
942
927
882
937
943
939
962
938
911
886
923
952
931
941
957
946
941
916
909
935
909
913
857
877
901
856
971
925
924
900
905
874
950
888
957
923
905
858
915
927
966
879
884
901
891
909
909
908
908
896
900
901
915
898
893
944
916
856
829
920
884
908
869
904
942
872
905
913
885
858
892
894
869
856
865
877
870
860
883
863
857
838
884
845
876
847
851
820
885
875
872
863
855
899
825
800
821
841
841
837
795
876
802
852
815
852
857
805
831
876
836
847
811
856
846
818
853
851
823
838
834
798
792
811
859
820
828
788
851
796
832
798
832
815
811
799
765
792
843
784
814
758
808
787
785
816
845
783
803
817
742
783
769
740
779
742
807
767
797
729
774
788
831
780
707
714
733
701
717
717
757
741
759
789
754
773
763
726
681
729
769
756
760
760
749
715
721
705
736
744
720
705
687
721
770
712
738
768
743
748
745
738
710
748
711
749
706
711
703
746
716
696
779
720
692
706
692
711
714
745
685
709
753
708
702
727
706
735
695
691
707
685
654
702
696
660
663
692
667
687
668
680
712
663
689
741
651
642
668
691
704
655
663
675
632
658
691
694
687
638
671
723
669
661
624
617
666
690
631
675
663
681
644
653
669
674
686
666
664
666
654
702
657
641
650
639
612
624
590
672
665
665
636
626
634
602
626
628
630
624
589
664
620
598
590
626
657
636
611
653
600
622
647
643
565
592
589
617
628
611
576
606
604
657
615
615
602
541
641
581
617
629
584
589
628
604
613
629
568
642
582
646
622
554
593
637
571
536
566
585
583
531
605
537
576
554
564
574
547
564
582
531
582
572
557
593
586
533
535
601
581
584
572
528
556
599
554
574
570
567
540
541
555
548
516
525
571
531
542
552
534
553
523
571
534
589
511
533
576
527
520
568
524
489
475
538
507
561
517
539
545
541
535
535
550
543
502
525
525
551
513
533
534
506
478
549
520
526
499
544
557
547
534
530
489
532
505
542
519
502
531
537
513
545
499
548
521
512
519
495
509
506
463
469
501
460
523
485
477
523
482
497
500
443
497
490
504
477
475
497
509
496
511
489
501
507
471
500
453
439
480
546
491
499
480
459
502
506
441
477
497
498
489
468
512
475
473
467
466
470
482
449
448
501
458
531
445
468
485
477
474
467
461
460
504
469
453
443
457
470
481
465
498
477
478
501
472
475
455
466
504
467
516
457
474
472
489
438
491
470
481
463
478
461
469
468
449
469
446
454
455
513
436
483
475
462
457
477
508
472
457
457
471
487
465
466
409
463
460
452
445
497
455
471
467
486
457
504
453
472
474
444
469
493
435
486
489
447
468
455
480
411
466
503
434
484
454
469
454
487
454
506
462
448
509
459
449
461
511
499
457
478
467
506
495
495
523
448
500
493
487
474
529
492
495
464
462
492
490
498
457
489
502
468
493
525
490
475
508
489
510
493
501
539
480
506
481
482
501
511
517
493
536
512
509
493
504
525
523
520
537
476
540
523
536
523
536
544
545
501
523
543
537
531
569
526
542
527
549
506
528
527
545
530
534
524
535
566
550
538
547
569
545
523
563
527
523
527
557
495
488
565
526
571
561
565
548
545
544
559
564
576
515
587
574
499
552
544
526
565
556
575
606
584
529
514
568
537
547
608
555
544
547
601
590
532
566
566
551
513
541
518
559
593
547
556
577
531
587
535
544
581
549
547
548
519
521
525
531
535
506
498
523
498
463
546
513
497
532
516
465
504
486
495
506
491
460
477
512
518
502
459
501
505
471
491
460
494
435
463
482
453
442
433
444
502
401
439
413
451
389
400
450
404
411
416
397
451
443
383
406
405
377
418
418
385
426
365
396
387
388
374
367
362
350
347
365
373
370
349
316
358
363
369
342
348
354
346
346
322
329
328
346
317
327
318
311
336
316
319
338
307
297
312
325
336
315
305
302
282
332
317
298
322
287
280
283
298
272
311
267
277
273
278
272
278
293
290
277
254
278
246
277
288
281
248
299
271
257
278
239
278
264
282
276
275
247
246
264
272
239
234
205
223
225
224
233
262
237
266
230
236
254
232
248
221
229
227
238
250
219
258
222
247
227
244
229
227
244
239
236
237
230
203
237
219
209
212
273
214
229
224
222
231
237
215
227
245
219
227
224
234
204
224
206
208
224
225
216
220
224
235
227
202
241
209
231
217
198
207
235
216
192
206
213
246
196
213
210
207
248
230
235
213
191
213
226
204
230
195
216
210
211
206
196
225
198
214
210
249
219
183
217
199
196
198
201
204
200
206
195
214
199
231
196
230
201
222
226
225
188
189
204
194
226
224
208
185
215
221
195
211
200
203
185
204
206
226
202
214
223
224
208
228
202
199
227
239
222
181
202
195
221
199
186
235
214
204
198
208
184
169
221
177
221
183
193
193
185
184
208
214
223
206
208
185
190
181
198
194
202
200
197
175
196
215
185
192
202
205
192
197
190
216
200
201
201
211
186
191
190
168
197
228
187
249
193
172
196
179
203
200
195
185
185
213
202
204
178
199
203
181
202
188
238
210
195
181
178
213
204
196
176
191
182
187
184
179
173
181
179
212
199
186
187
202
198
205
171
200
205
213
178
203
221
185
204
208
206
194
213
200
191
200
207
184
207
209
200
197
200
186
209
208
196
220
208
210
193
206
208
223
204
211
206
198
219
244
222
210
234
224
211
209
209
205
227
234
228
195
248
230
209
221
212
239
241
229
257
232
248
223
240
255
244
234
257
245
257
246
269
268
259
278
254
272
255
281
263
272
248
312
258
306
283
270
281
283
263
294
306
328
297
304
291
325
302
305
324
313
306
300
322
350
325
322
316
346
347
314
338
329
312
359
317
316
350
394
330
388
358
364
375
379
381
344
379
371
364
380
380
385
390
380
404
388
396
418
380
387
432
407
389
404
426
417
415
460
406
357
358
425
404
435
398
456
408
437
415
452
439
400
442
458
454
461
441
408
448
437
456
445
484
452
476
455
455
424
446
463
442
478
389
460
447
466
441
431
465
439
436
455
412
426
445
457
446
463
423
438
425
443
440
434
451
427
455
418
466
442
414
440
415
384
417
399
395
421
414
393
415
395
389
416
386
403
360
396
387
364
372
415
391
372
375
345
337
360
353
355
338
346
312
326
337
330
300
331
299
287
305
304
312
318
302
270
297
276
276
278
264
308
279
290
292
271
239
252
270
238
254
280
281
226
236
235
220
246
233
218
230
221
206
197
229
213
207
190
209
175
182
209
184
203
178
196
153
188
186
197
169
159
156
152
161
172
139
143
156
161
133
133
134
132
171
152
134
114
129
139
134
152
135
134
124
117
132
111
106
122
124
132
115
101
118
113
104
125
101
119
100
114
106
121
92
92
95
109
104
93
101
95
85
107
94
87
82
110
108
96
95
69
94
85
72
106
74
78
91
84
93
92
92
82
79
84
84
79
72
76
86
65
79
87
80
80
80
76
86
85
76
73
81
77
68
81
74
69
67
64
72
61
81
83
69
74
70
87
78
73
60
79
73
76
52
75
59
69
68
76
65
80
69
66
81
79
67
62
80
75
74
68
60
70
74
69
71
58
63
72
65
71
60
65
76
55
70
71
62
55
63
70
53
59
68
67
60
63
70
58
72
65
54
47
68
69
76
66
78
72
65
65
74
60
64
76
68
52
59
68
61
70
62
58
53
51
69
80
54
53
75
54
61
54
49
58
58
51
73
69
70
58
71
65
61
75
53
55
54
54
53
54
60
69
55
68
58
59
55
64
66
57
59
67
59
70
48
61
62
64
48
65
61
55
54
57
61
70
69
57
48
50
34
63
51
51
69
60
51
58
56
61
73
55
57
64
50
71
59
65
64
51
63
46
67
62
60
66
54
57
68
63
68
48
46
41
51
59
55
50
61
57
55
63
63
75
42
57
53
39
54
58
53
67
47
59
55
62
65
63
62
69
60
66
56
54
47
57
48
56
64
66
56
56
55
56
56
46
71
58
53
60
42
51
51
43
45
68
48
42
46
55
51
50
49
58
55
49
48
51
62
42
58
55
62
54
51
57
53
54
40
39
51
54
54
57
70
59
40
54
55
50
58
40
58
57
47
57
49
53
51
43
49
57
44
51
50
49
52
43
62
50
47
50
46
48
50
52
51
69
42
51
40
44
54
57
45
48
46
49
38
53
46
55
49
48
52
44
46
49
41
39
58
49
46
50
51
53
52
47
40
44
55
44
46
51
57
44
39
49
42
49
40
42
61
45
42
39
44
44
57
49
48
45
46
51
38
52
50
50
44
51
33
44
37
52
45
46
49
45
58
53
55
36
49
45
42
42
39
40
35
54
62
45
52
41
47
45
43
51
52
34
44
44
39
51
39
46
43
40
48
38
37
40
35
44
39
42
38
30
46
38
35
37
47
55
34
41
43
29
33
44
41
32
55
41
38
42
30
34
40
41
36
45
27
34
32
40
41
43
36
30
41
37
39
37
38
42
41
37
44
40
30
36
38
41
25
34
42
35
35
35
31
41
39
36
54
41
32
43
36
28
34
43
32
41
38
41
35
24
32
36
26
35
25
37
34
37
36
45
33
29
36
33
40
32
34
40
39
59
44
29
34
28
42
35
30
34
30
34
30
34
23
25
41
36
29
23
36
41
25
47
38
39
35
43
30
30
30
36
37
37
38
29
20
34
41
37
28
30
35
22
28
33
38
30
25
35
38
32
30
25
30
32
50
30
21
33
39
44
25
33
32
36
24
34
33
35
26
32
41
32
31
24
39
32
30
29
32
32
29
33
28
28
31
38
32
36
27
31
36
27
34
38
27
29
23
35
35
26
29
45
42
21
28
40
33
28
38
23
37
37
32
26
32
28
20
35
29
33
27
21
26
34
22
35
25
30
29
36
27
27
35
31
31
26
25
25
35
37
36
26
21
35
34
22
28
40
35
29
43
32
26
28
29
23
24
26
38
29
26
32
22
33
38
25
29
33
32
39
39
24
21
34
30
38
33
38
37
24
28
29
39
33
31
36
27
33
25
35
27
23
32
32
36
29
35
35
32
31
26
37
20
31
25
38
27
41
32
31
27
30
33
37
36
32
24
34
25
30
25
26
31
28
26
23
38
27
47
33
30
36
38
32
32
24
33
36
39
33
29
33
20
26
28
29
24
34
34
32
27
32
27
39
33
25
34
32
26
35
30
21
34
33
16
35
39
30
27
34
33
36
44
38
36
29
42
29
35
35
36
31
31
34
32
33
35
38
26
50
37
32
39
32
35
32
28
28
28
33
34
23
31
31
30
38
26
31
32
29
39
36
37
25
36
23
30
29
38
32
26
44
23
32
43
35
37
37
32
41
32
31
30
36
39
34
22
52
28
45
44
38
34
42
27
36
46
36
35
43
38
27
37
34
31
35
38
35
37
41
31
36
32
38
39
29
35
38
38
55
31
35
36
33
33
34
30
41
32
37
34
41
34
28
37
32
32
28
40
37
42
35
27
32
44
39
28
25
35
32
38
33
33
38
41
42
38
35
48
44
38
42
48
30
36
42
32
30
37
33
41
31
37
26
28
26
33
34
34
44
39
32
37
27
25
28
31
28
41
27
35
30
42
29
40
36
39
34
40
33
30
28
28
36
40
32
29
28
37
47
40
27
32
31
45
23
38
25
25
29
33
32
33
25
41
27
22
36
33
37
31
27
33
26
34
24
34
28
29
29
24
29
22
37
36
29
29
33
34
24
18
34
30
25
23
31
18
27
29
23
24
30
29
33
33
24
28
28
23
34
26
38
30
21
23
25
23
33
31
28
23
32
22
24
26
27
26
28
28
22
29
34
21
23
30
24
27
33
27
29
27
39
28
23
24
30
28
21
19
22
22
34
38
23
34
17
31
17
30
24
29
24
38
22
26
28
24
22
32
17
33
21
29
28
20
31
19
24
12
31
25
21
26
21
26
30
18
19
20
25
25
27
20
21
23
17
26
27
18
19
15
32
17
27
22
23
19
26
24
17
24
20
30
29
35
27
18
19
25
20
22
16
20
24
28
23
23
25
21
17
18
22
21
27
19
19
22
19
20
24
24
21
18
20
17
20
20
18
23
20
24
22
26
21
21
22
25
23
23
19
24
22
24
22
18
24
14
29
26
21
22
20
25
19
27
16
25
17
18
14
24
19
25
20
24
19
19
20
28
27
19
23
21
25
26
22
22
21
19
26
20
17
18
12
13
19
16
22
22
18
25
24
26
18
15
22
23
18
26
17
26
0
