1
0
0
0
0
0
0
0
0
0
0
0
0
0
0
0
0
0
0
0
0
0
0
0
0
0
0
0
0
0
0
0
0
0
0
0
0
0
0
0
0
0
0
0
0
0
0
0
0
0
0
0
0
0
0
0
0
0
0
0
0
0
0
0
0
0
0
0
0
0
0
0
0
0
0
0
0
0
0
0
0
0
0
0
0
0
0
0
0
0
0
0
0
0
0
0
0
0
0
0
0
0
0
0
0
0
0
0
0
0
0
0
0
0
0
0
0
0
0
0
0
0
0
1
1
0
1
0
0
1
1
0
0
1
1
1
0
1
1
0
0
0
4
3
1
5
1
2
0
1
1
1
1
2
1
4
5
3
4
3
4
6
5
5
8
6
8
3
8
6
6
6
7
7
11
9
8
5
14
16
13
13
12
9
15
22
17
15
24
16
22
24
27
30
36
32
41
59
72
65
99
87
98
129
157
182
203
228
291
311
406
459
587
643
692
814
841
908
1053
1100
1167
1287
1347
1390
1547
1544
1672
1728
1756
1902
1878
1860
1954
2036
2050
2209
2069
2129
2276
2307
2226
2294
2303
2259
2277
2281
2341
2299
2287
2258
2305
2329
2305
2413
2371
2354
2426
2411
2414
2322
2444
2498
2455
2393
2456
2486
2497
2450
2584
2574
2498
2657
2456
2577
2678
2638
2698
2670
2686
2698
2553
2692
2708
2783
2764
2869
2855
2768
2732
2805
2849
2832
2873
2887
2957
2730
2749
2947
2890
2976
2994
2824
2903
2870
2965
2955
2934
2890
2974
2940
2879
2939
2917
2936
2940
2934
2935
2909
2957
2883
2905
2845
2886
2734
2808
2754
2841
2715
2750
2782
2746
2762
2753
2771
2676
2728
2577
2781
2677
2670
2577
2597
2573
2592
2419
2640
2545
2459
2532
2479
2509
2415
2474
2463
2393
2454
2351
2369
2281
2315
2334
2284
2265
2310
2278
2220
2202
2247
2289
2233
2257
2264
2173
2190
2220
2215
2140
2220
2121
2116
2133
2083
2148
2164
2117
2178
2109
2077
2146
2097
2041
2156
2164
2157
2119
2103
2053
2183
2153
2112
2088
2057
2149
2151
2040
2075
2064
2206
2151
2136
2076
2013
2073
2124
2132
2118
2109
2048
2125
2145
2143
2057
2060
2058
2118
2136
2044
2108
2044
2071
2070
2071
2089
2070
2074
2060
2050
2019
2020
2078
2050
2082
2026
2034
2093
2036
2036
2002
2003
1990
2022
1996
2000
1973
1983
1919
1939
1973
1904
1974
1903
1923
1892
1949
1853
1974
1924
1970
1791
1839
1861
1833
1932
1850
1744
1823
1844
1830
1854
1772
1764
1735
1871
1747
1729
1721
1704
1803
1707
1779
1735
1695
1745
1689
1759
1677
1642
1684
1705
1665
1659
1682
1683
1644
1662
1616
1645
1692
1582
1600
1654
1617
1574
1587
1625
1536
1623
1594
1602
1525
1487
1557
1485
1600
1472
1572
1519
1475
1501
1499
1534
1493
1526
1578
1507
1473
1533
1509
1520
1551
1490
1462
1450
1571
1455
1448
1505
1498
1471
1487
1440
1483
1484
1471
1495
1424
1383
1485
1430
1444
1469
1410
1479
1447
1436
1432
1452
1438
1454
1413
1356
1385
1438
1374
1384
1385
1458
1438
1464
1431
1383
1465
1394
1444
1372
1346
1294
1353
1306
1403
1358
1338
1336
1291
1338
1354
1301
1320
1375
1371
1341
1373
1361
1339
1367
1303
1242
1353
1269
1296
1334
1349
1407
1275
1360
1352
1360
1332
1288
1330
1352
1277
1329
1328
1309
1297
1267
1300
1184
1303
1274
1336
1250
1333
1257
1301
1271
1309
1303
1258
1279
1231
1249
1275
1299
1311
1299
1343
1290
1233
1240
1364
1262
1290
1224
1248
1274
1254
1256
1325
1274
1252
1266
1246
1307
1255
1291
1314
1254
1293
1277
1257
1195
1281
1210
1261
1218
1198
1273
1254
1151
1227
1208
1242
1221
1234
1240
1196
1193
1179
1170
1234
1153
1226
1227
1148
1176
1130
1185
1211
1148
1147
1220
1141
1139
1101
1111
1128
1070
1053
1108
1124
1067
1097
1034
1017
1080
1098
1090
1060
1038
1056
1034
929
989
962
1062
1015
958
1017
949
952
986
939
974
919
886
956
939
888
888
931
910
880
867
857
885
844
834
861
805
897
847
847
816
873
817
809
769
859
758
815
779
802
807
854
744
816
797
767
790
773
735
732
758
746
797
755
740
753
713
778
729
735
756
752
720
745
706
735
749
785
687
767
715
727
690
736
692
686
739
683
674
726
728
649
694
728
737
648
673
709
696
655
692
644
641
696
666
723
671
688
690
625
667
648
702
665
688
659
665
653
643
681
654
627
668
656
616
653
628
670
625
612
663
644
655
627
623
656
600
592
634
588
589
664
610
600
576
550
574
604
617
602
592
621
600
601
602
632
610
576
621
612
617
609
616
589
575
558
573
589
622
583
512
587
573
584
536
563
548
581
554
563
539
577
570
555
634
587
571
544
559
586
553
591
559
563
537
610
530
564
594
518
579
548
531
571
557
551
530
572
548
545
551
510
536
511
544
565
548
555
509
598
552
617
554
544
555
549
585
602
558
518
562
577
529
539
531
577
544
582
587
580
558
570
528
546
549
516
563
531
585
516
550
585
564
535
530
520
542
520
538
519
533
507
514
517
543
484
509
504
523
541
521
502
517
516
505
503
480
548
502
531
511
530
513
459
493
475
494
511
484
463
500
483
504
490
439
487
503
476
418
445
492
459
452
442
413
482
465
394
433
459
439
420
437
415
454
402
396
435
406
384
429
415
425
438
386
380
400
424
414
383
371
388
395
359
355
357
391
343
383
360
366
375
351
329
368
353
366
352
382
350
369
353
369
354
335
336
330
333
312
372
320
360
320
337
285
324
313
334
354
317
305
325
317
301
348
292
312
299
319
339
322
328
309
324
307
273
297
299
308
285
306
335
280
313
307
305
274
294
262
293
309
285
285
304
351
317
254
302
297
259
293
306
295
311
321
295
281
309
274
317
248
286
273
287
288
273
270
294
277
281
267
277
284
305
254
270
258
268
266
267
269
272
305
300
262
293
281
273
241
275
258
289
272
248
286
258
287
260
272
289
268
247
258
258
249
271
262
282
269
262
259
266
253
275
290
283
273
253
244
276
252
250
239
277
242
251
242
262
245
252
262
247
244
258
238
254
264
263
245
252
234
249
248
253
238
252
234
248
253
219
239
279
269
245
251
254
259
216
233
238
238
241
229
270
263
244
267
243
225
245
222
236
254
213
276
259
258
248
238
239
248
253
244
254
253
217
240
221
251
252
233
262
207
274
247
260
249
263
246
213
235
229
243
239
250
259
258
247
265
255
258
233
245
231
225
254
222
241
218
253
266
282
238
240
232
217
234
218
256
217
239
228
229
267
213
213
253
224
258
236
257
262
253
215
225
243
237
227
265
225
239
243
244
237
215
249
230
233
237
237
223
219
230
253
232
213
240
217
230
212
241
252
248
245
227
236
237
233
215
230
236
241
225
234
229
214
226
214
246
255
243
230
226
239
235
262
223
240
244
247
251
221
248
234
229
249
238
225
241
229
236
243
248
237
250
236
268
242
235
228
259
236
234
256
249
263
234
232
248
237
235
217
263
263
238
254
224
253
249
245
203
228
238
236
259
230
239
240
234
220
235
215
250
236
250
225
239
232
217
223
222
209
246
208
212
220
201
223
218
243
210
236
222
204
189
207
187
212
204
218
231
247
225
202
222
189
216
207
215
223
198
225
214
223
207
222
223
198
214
200
217
201
201
207
205
230
192
228
213
197
205
170
210
192
188
181
194
197
173
189
193
202
202
215
172
213
191
215
216
213
182
196
184
188
197
205
200
194
181
188
211
202
215
213
211
208
189
234
200
195
205
205
206
225
183
200
210
204
207
192
237
215
215
199
207
220
231
250
250
212
251
233
228
221
231
230
235
217
227
246
264
236
259
263
252
248
228
261
261
240
228
262
217
263
281
237
227
253
255
284
252
247
241
258
260
277
255
273
266
263
251
251
294
284
258
270
289
259
264
310
274
273
279
286
278
281
264
283
293
278
274
277
311
286
269
290
252
272
258
311
268
262
260
272
283
288
292
317
290
262
283
278
287
270
294
291
288
307
284
253
278
287
301
284
271
286
251
270
299
253
246
264
244
256
287
258
258
253
257
243
259
283
248
253
254
266
257
231
262
221
248
248
257
233
258
248
228
255
216
215
216
243
224
249
223
225
226
255
242
248
237
223
182
236
194
224
196
219
202
199
209
206
217
230
191
203
195
192
179
221
209
200
183
181
190
180
191
170
200
189
170
200
177
174
165
171
174
147
164
177
175
197
178
154
159
170
155
181
147
165
164
157
151
153
181
147
136
156
136
154
150
137
148
134
151
131
149
156
116
138
142
147
145
141
136
135
109
152
144
140
129
136
140
146
125
115
155
117
146
122
127
122
122
121
120
130
131
125
128
135
122
117
134
125
122
118
123
118
127
119
121
123
111
115
116
113
127
111
133
136
124
103
126
105
151
120
122
116
110
113
106
127
112
106
92
94
118
112
109
112
117
105
114
110
101
98
125
104
115
108
103
122
115
93
98
121
112
123
103
108
121
117
117
114
105
103
110
96
119
105
111
96
97
115
94
110
110
111
89
120
109
108
108
91
113
109
107
99
106
98
120
98
120
99
134
95
127
109
117
122
92
116
111
112
108
97
99
95
124
96
103
95
118
110
124
100
118
112
101
98
109
92
94
115
114
112
110
102
111
107
102
112
102
118
103
110
107
121
108
96
116
127
96
110
110
101
103
93
104
97
116
118
105
106
99
110
88
98
108
113
101
110
128
110
118
134
111
121
116
104
116
136
107
116
113
119
91
94
112
112
122
111
118
108
120
81
137
88
107
93
104
124
101
106
99
114
99
101
113
112
115
108
98
119
104
108
118
92
97
128
110
97
121
106
101
102
102
124
108
99
109
111
127
113
112
117
125
109
106
99
98
101
100
101
123
112
117
94
102
110
107
91
99
110
100
117
112
112
123
96
92
112
101
134
120
108
89
115
88
110
109
100
109
110
91
123
112
117
103
100
110
103
97
129
110
94
100
122
90
98
108
122
113
116
120
101
92
120
108
103
103
100
91
104
99
98
107
97
99
103
96
96
113
96
87
99
106
84
93
113
98
95
96
91
101
103
89
104
102
92
96
86
112
117
81
102
83
96
90
109
94
96
88
89
104
99
82
80
96
101
103
88
106
103
89
123
107
96
95
91
103
88
100
92
100
84
96
90
94
90
79
99
85
76
83
90
96
93
92
111
97
96
98
104
99
87
101
96
95
85
91
82
102
103
94
83
107
73
82
82
107
94
66
93
86
78
99
89
83
93
99
95
125
83
78
92
82
79
81
69
104
84
94
84
89
87
80
82
73
76
86
83
88
85
70
84
75
66
90
86
68
77
67
81
73
79
72
96
76
92
81
81
96
86
79
83
74
75
74
91
77
82
79
79
77
76
81
83
64
87
85
78
78
82
70
81
83
88
76
88
72
91
72
82
78
73
80
83
66
83
94
80
56
84
76
89
76
80
87
85
73
83
78
97
95
70
69
67
76
91
78
77
79
79
73
88
78
81
79
89
87
82
67
86
95
53
78
75
68
79
95
87
81
71
86
74
66
95
86
87
79
86
83
85
82
103
94
80
85
69
91
94
80
84
91
89
83
69
84
82
86
100
85
97
79
78
80
85
81
83
75
97
90
70
94
90
89
100
100
100
86
84
96
72
89
89
98
79
92
79
86
86
81
95
86
98
92
80
88
99
112
99
96
94
99
85
111
100
111
116
104
90
99
104
86
100
104
97
94
100
84
99
103
84
113
103
88
86
117
108
108
117
103
105
109
112
118
106
101
103
97
111
118
107
105
119
112
134
122
125
114
96
105
122
120
92
110
126
124
105
101
95
105
102
127
115
125
113
104
108
116
118
107
116
120
113
124
109
129
119
110
114
112
131
121
121
120
116
101
112
101
115
123
120
103
128
111
110
105
108
133
116
122
114
110
117
122
118
102
111
124
113
123
114
112
109
105
101
105
82
104
100
115
112
97
98
95
109
103
113
109
104
112
92
94
117
102
113
115
115
104
107
108
103
119
109
115
92
81
101
105
102
110
109
90
98
100
98
106
103
87
92
121
90
105
114
100
96
92
108
83
99
107
97
97
92
84
97
101
102
83
95
88
93
108
91
85
85
105
100
101
101
96
114
94
108
107
93
102
98
100
76
99
104
96
113
97
93
100
79
70
95
95
93
93
91
74
103
85
90
93
81
97
88
94
87
90
84
88
92
95
82
104
111
92
92
92
73
95
91
89
77
83
68
70
84
73
102
83
75
63
80
77
73
83
85
81
86
74
81
71
88
78
77
69
61
67
65
73
71
64
75
70
81
85
62
70
79
74
80
68
73
62
53
67
66
63
64
52
59
57
65
69
65
52
59
49
70
72
64
59
68
64
62
49
52
53
55
52
37
49
63
68
72
55
56
55
53
54
58
46
49
46
43
41
65
52
53
48
61
60
58
48
37
51
42
43
50
49
47
54
53
51
45
40
48
45
45
54
38
51
43
46
39
57
40
41
46
40
36
47
50
42
50
39
50
33
31
30
44
30
48
45
38
38
39
44
43
29
40
48
31
37
40
43
39
39
40
44
42
36
35
26
35
45
42
35
43
51
40
34
48
34
33
46
44
30
47
47
46
27
41
44
49
45
43
51
31
44
28
42
50
40
38
30
38
53
41
33
35
34
43
32
39
43
48
35
43
45
33
41
43
39
43
36
45
45
36
42
38
43
45
41
39
26
45
35
38
27
47
48
41
37
45
37
35
46
35
41
34
42
35
47
31
36
43
41
38
35
39
43
48
55
37
34
44
44
39
38
37
36
46
47
45
47
38
40
45
44
44
33
46
52
43
54
50
45
35
35
47
40
45
35
38
33
36
40
43
49
38
38
54
43
39
53
55
55
42
37
41
38
33
54
43
51
52
55
49
53
46
37
45
37
44
37
58
40
44
42
45
46
34
49
49
37
56
47
47
49
50
54
51
39
47
54
55
41
30
49
43
58
36
54
43
43
45
31
51
48
56
60
42
39
50
57
38
51
59
47
39
42
48
47
56
58
57
48
48
37
44
59
53
49
55
47
47
41
48
52
49
37
53
49
47
34
49
46
67
36
48
45
50
23
43
54
40
83
48
44
55
43
42
44
38
44
38
45
47
42
50
52
38
47
43
48
41
52
54
32
39
36
44
45
42
38
44
43
38
42
45
45
44
41
42
40
40
46
40
39
43
40
44
32
41
34
43
43
36
51
39
40
46
42
39
33
39
36
42
30
43
33
45
47
35
29
37
38
43
33
31
35
42
35
40
33
39
44
42
32
42
33
30
30
40
27
26
31
26
35
43
43
39
37
42
43
39
36
43
38
33
44
32
35
29
35
36
35
35
39
33
28
33
29
39
37
30
28
42
42
37
42
46
26
38
35
39
41
33
31
34
34
33
29
38
41
31
32
38
35
37
30
34
32
37
42
43
41
35
29
35
36
40
40
31
31
28
43
31
22
37
31
31
36
38
36
32
33
29
30
32
29
36
31
39
33
36
37
40
33
27
35
23
37
29
39
28
33
35
35
28
31
35
38
34
34
33
35
45
34
23
26
34
37
38
38
49
41
36
27
30
34
42
35
37
34
24
31
34
41
32
35
40
28
37
31
35
36
45
31
35
30
29
33
34
46
32
33
36
29
33
30
37
42
35
39
43
39
40
30
33
37
34
31
31
40
25
23
37
30
29
30
37
33
33
29
41
33
40
32
27
39
41
42
39
38
32
29
45
37
33
35
26
33
28
21
35
36
31
37
33
31
34
33
34
39
38
46
23
26
30
37
40
31
29
41
35
37
37
19
36
29
39
40
32
29
35
29
44
35
20
37
30
31
39
32
20
23
39
31
36
22
30
28
26
33
29
31
30
32
28
36
38
28
37
33
31
34
27
28
29
29
23
27
40
27
29
20
27
28
26
29
28
28
24
25
23
33
22
32
31
30
29
28
36
25
25
28
29
39
26
37
23
26
29
35
23
31
38
24
23
34
38
27
28
22
29
30
32
15
27
29
25
21
26
26
33
21
19
34
23
25
25
22
30
37
25
30
21
25
31
25
23
24
29
31
32
26
31
22
31
32
21
32
29
24
23
20
25
27
27
32
26
22
29
32
24
27
30
21
25
28
32
18
23
22
25
35
35
28
19
28
33
28
24
28
17
26
20
27
31
30
20
28
23
28
25
30
23
27
24
37
15
24
20
22
32
30
21
25
26
22
26
28
30
30
19
27
31
34
21
22
25
21
30
22
31
30
31
28
22
28
21
19
39
21
26
19
24
32
23
23
27
32
21
22
27
23
31
19
22
18
20
24
23
25
29
19
29
22
26
28
31
31
37
23
27
25
29
35
24
32
28
23
27
40
27
27
24
26
20
19
18
25
28
19
24
33
33
20
44
17
27
29
35
25
27
25
19
26
29
24
20
27
27
22
25
18
36
25
31
23
28
28
37
42
28
31
23
25
23
34
30
26
31
28
29
28
21
19
34
22
28
24
30
30
23
21
39
30
28
32
32
37
26
29
20
37
30
30
35
28
26
24
22
33
22
21
29
19
30
30
28
23
30
31
29
30
26
37
41
32
32
24
39
23
33
30
34
30
29
28
33
24
23
32
34
25
32
21
30
30
26
35
33
30
28
28
20
32
19
36
28
27
40
30
21
34
28
33
24
31
27
30
30
36
31
31
29
36
32
26
34
27
23
31
31
37
35
31
34
25
38
34
33
33
21
28
53
20
30
30
35
35
34
34
28
32
30
30
31
38
35
20
23
33
30
36
32
41
39
25
32
27
32
22
36
48
31
29
25
34
35
30
29
40
37
20
33
28
32
43
46
27
42
31
39
32
37
31
26
34
32
29
33
24
31
30
28
30
36
43
34
28
33
35
35
32
47
24
31
32
36
33
27
30
33
23
34
36
39
25
37
38
24
29
33
28
28
32
36
37
30
27
41
24
29
24
34
31
24
29
30
35
28
28
19
29
39
31
23
30
40
37
24
29
27
42
28
31
32
41
28
29
40
33
22
24
29
25
26
38
43
36
27
26
29
31
21
33
25
37
33
29
31
32
30
24
28
24
30
25
28
31
28
26
29
25
30
30
25
39
32
24
25
28
20
26
20
22
30
22
36
25
36
25
29
25
30
39
29
26
28
21
21
31
38
28
20
23
34
25
25
29
30
30
30
28
29
36
39
27
32
44
29
35
19
30
39
22
26
23
26
22
31
32
23
23
23
20
22
26
23
31
32
20
23
18
28
24
24
24
32
21
30
36
24
17
26
24
17
25
26
28
22
33
28
27
20
28
17
33
29
24
29
27
33
29
26
30
26
24
33
20
23
21
28
26
24
26
24
33
28
24
24
23
24
27
23
18
32
27
21
33
25
35
24
23
29
21
23
21
25
19
25
26
34
27
30
33
27
23
24
17
34
25
24
42
30
29
28
33
29
26
22
17
27
36
25
29
32
23
31
27
30
26
41
33
34
31
33
31
36
26
36
37
33
31
28
23
38
29
22
40
31
33
36
29
19
28
27
41
27
37
28
26
29
29
32
40
16
36
30
31
25
31
34
44
40
31
31
28
0
