0
0
0
0
0
0
1
0
0
0
0
0
0
0
0
0
0
0
0
0
1
0
0
0
0
0
0
0
0
0
0
0
0
0
0
0
0
0
0
0
0
0
0
0
0
0
0
1
0
0
0
0
0
0
0
0
0
0
0
0
0
0
0
0
0
0
0
0
0
0
0
0
0
0
0
0
0
0
0
0
0
0
0
0
0
0
0
0
1
0
0
0
0
0
0
0
0
0
1
0
0
0
1
0
0
1
1
0
0
0
0
0
0
0
0
1
0
0
0
0
1
0
1
0
0
1
0
0
0
0
0
0
0
1
0
0
0
0
2
1
1
0
1
0
1
2
2
2
0
0
2
0
3
2
1
2
1
2
4
5
4
6
1
3
3
4
5
3
8
7
5
5
5
4
11
11
5
7
2
8
14
9
18
6
19
11
21
15
18
17
22
28
34
38
42
44
68
66
65
79
100
120
147
153
213
238
255
298
394
429
519
623
717
813
913
1037
1067
1266
1291
1345
1442
1535
1683
1826
1819
1896
1985
2074
2099
2233
2345
2461
2422
2511
2564
2648
2645
2677
2723
2811
2770
2857
2766
2867
2848
2830
2815
2888
2903
2934
2914
2922
2923
2906
3046
2954
2948
3156
3057
3035
3038
3213
3082
3172
3183
3238
3237
3188
3271
3319
3293
3334
3388
3465
3420
3465
3572
3575
3440
3490
3455
3663
3613
3705
3703
3700
3745
3788
3776
3717
3989
3818
3789
3936
3904
3868
3891
4029
3939
4092
3989
3986
3998
3982
4075
4148
4038
4199
4072
4198
4090
4243
4054
4134
4220
4009
4052
4107
4156
4119
4157
4018
4132
3976
3954
3929
3956
3958
3971
4093
3969
3937
3952
3945
3845
3783
3839
3779
3735
3856
3688
3583
3831
3646
3573
3647
3593
3642
3453
3435
3482
3535
3372
3454
3401
3430
3387
3315
3309
3276
3291
3341
3283
3179
3312
3218
3220
3167
3134
3158
3152
3097
3017
3075
3204
3057
3047
3032
3059
3031
3031
3030
3017
2905
2867
3045
3014
2940
3004
2979
2883
2846
3032
2941
2828
2977
2871
2953
3021
2962
2965
2962
2918
2957
2920
2826
2840
2898
2850
2930
2807
2938
2894
2868
2998
2953
2857
2940
3041
2906
2912
2928
2888
2853
2821
2903
2936
2755
2931
2880
2802
2834
2899
2961
2842
2934
2860
2965
2800
2815
2849
2815
2907
2890
2839
2808
2827
2844
2901
2815
2879
2824
2873
2763
2818
2774
2817
2869
2779
2870
2784
2824
2835
2831
2756
2784
2793
2807
2719
2720
2830
2831
2818
2737
2672
2774
2792
2765
2632
2674
2684
2693
2639
2655
2728
2664
2607
2599
2579
2694
2655
2666
2668
2575
2600
2638
2516
2524
2586
2582
2583
2558
2569
2552
2601
2556
2494
2534
2455
2492
2464
2432
2433
2494
2448
2411
2444
2400
2401
2415
2380
2366
2333
2410
2381
2386
2399
2368
2298
2210
2286
2258
2351
2310
2174
2272
2221
2269
2309
2237
2214
2253
2186
2202
2111
2274
2195
2154
2186
2159
2176
2036
2156
2187
2044
2105
2035
2152
2023
2008
2052
2001
2030
2010
2035
2057
1986
2030
1958
1996
2024
1975
2016
1918
1988
1982
1918
1970
1934
1860
1931
1890
1906
1949
1919
1875
1822
1957
1796
1838
1825
1802
1820
1878
1835
1808
1850
1807
1887
1846
1788
1763
1805
1770
1758
1746
1741
1800
1725
1813
1738
1722
1685
1768
1739
1722
1762
1713
1729
1690
1698
1651
1637
1668
1686
1638
1666
1684
1605
1651
1627
1676
1604
1673
1586
1586
1625
1627
1649
1625
1581
1590
1614
1567
1582
1569
1600
1539
1572
1575
1599
1584
1526
1615
1548
1642
1523
1566
1507
1492
1537
1506
1540
1554
1486
1513
1487
1527
1471
1473
1467
1527
1464
1411
1434
1550
1405
1397
1537
1407
1487
1459
1412
1449
1489
1411
1413
1418
1406
1417
1469
1350
1396
1397
1423
1398
1330
1374
1372
1370
1373
1383
1380
1396
1333
1337
1407
1334
1262
1324
1271
1304
1335
1373
1332
1259
1251
1264
1288
1293
1242
1241
1292
1246
1211
1304
1181
1262
1246
1174
1198
1241
1244
1253
1175
1309
1132
1252
1184
1222
1212
1188
1206
1142
1171
1193
1094
1158
1175
1177
1172
1154
1184
1162
1138
1103
1136
1151
1154
1171
1099
1123
1118
1085
1057
1085
1146
1106
1090
1109
1140
1070
1029
1089
1099
1024
1026
1018
1016
1009
1056
1039
964
1081
965
978
1001
1057
1084
1008
1000
1028
975
977
1015
983
1024
1028
997
969
979
958
981
1003
968
973
938
952
955
976
956
994
941
958
945
958
934
931
900
972
911
926
928
936
879
907
945
1000
891
918
915
921
894
925
921
942
869
950
963
927
873
972
969
929
895
894
944
901
886
968
918
985
920
894
926
914
954
986
917
949
982
919
870
941
973
992
974
937
970
942
991
1007
960
964
1026
920
951
997
972
1026
1009
965
1008
997
1023
1023
1031
1044
1087
1081
1011
1017
1086
1105
1003
1104
1077
1121
1057
1102
1033
1140
1106
1104
1103
1184
1100
1108
1069
1128
1255
1207
1073
1155
1114
1105
1115
1156
1245
1173
1179
1222
1177
1141
1148
1248
1261
1153
1163
1178
1196
1221
1191
1228
1189
1213
1234
1222
1208
1185
1241
1228
1181
1187
1190
1165
1147
1204
1233
1194
1224
1192
1230
1209
1181
1219
1216
1192
1217
1182
1229
1230
1227
1239
1225
1225
1100
1251
1144
1193
1188
1122
1196
1178
1154
1199
1110
1216
1166
1151
1175
1161
1181
1205
1157
1174
1206
1206
1120
1155
1135
1237
1116
1183
1146
1220
1169
1183
1203
1255
1175
1218
1201
1275
1250
1177
1182
1216
1189
1209
1229
1252
1310
1333
1269
1296
1337
1319
1317
1397
1382
1335
1340
1396
1344
1378
1451
1467
1437
1516
1481
1515
1464
1572
1598
1547
1541
1599
1624
1662
1584
1628
1720
1720
1724
1754
1749
1753
1812
1802
1736
1809
1831
1795
1828
1943
1936
1970
1920
1986
1970
1935
1927
2027
1946
1980
2098
2024
2090
2078
2087
2241
2086
2119
2135
2084
2130
2124
2176
2226
2113
2147
2192
2178
2227
2186
2108
2158
2192
2275
2191
2134
2202
2233
2108
2212
2120
2144
2145
2154
2131
2112
2046
2171
2005
2015
2107
1977
1951
2027
1947
2039
1916
1928
1897
1951
1835
1958
1893
1774
1791
1747
1730
1729
1712
1687
1641
1630
1619
1604
1497
1567
1487
1527
1489
1450
1430
1426
1360
1406
1293
1335
1284
1271
1265
1207
1213
1206
1141
1127
1128
1106
1030
1052
1038
982
1020
963
959
953
871
896
862
918
864
861
751
810
755
760
735
749
644
681
639
640
658
616
619
620
598
533
543
521
545
517
493
465
475
499
501
452
435
465
407
377
382
438
402
407
358
370
368
348
350
369
353
301
317
314
332
324
337
287
320
288
316
269
236
275
259
260
254
261
262
230
256
248
221
253
265
239
224
246
256
223
210
246
205
189
212
201
214
202
220
231
236
236
179
203
221
209
168
205
193
202
199
234
177
198
186
190
184
209
193
205
185
178
217
175
192
206
166
194
196
189
174
198
203
176
204
184
189
168
203
171
188
181
187
174
182
175
188
166
167
219
157
175
172
178
167
183
191
182
187
184
188
182
171
160
160
182
174
181
171
179
157
184
171
181
180
178
181
183
177
173
161
170
176
158
165
170
160
168
173
169
159
179
153
181
168
149
186
169
167
154
180
169
150
184
171
169
172
178
157
203
153
159
157
168
158
150
172
148
150
167
144
179
179
172
154
161
161
142
140
164
168
164
185
138
168
148
154
143
170
157
178
177
171
154
132
185
149
132
159
137
170
161
139
138
173
142
169
154
150
148
137
154
143
147
155
153
157
151
151
170
144
156
164
144
155
157
142
148
141
155
153
130
141
164
168
144
150
155
137
134
157
137
134
139
140
151
167
162
142
146
168
133
138
143
141
135
134
162
136
132
150
145
124
149
145
146
117
155
140
130
137
116
143
138
147
130
125
137
138
162
115
128
129
131
145
135
129
115
135
122
133
131
132
112
129
120
156
128
127
119
134
133
122
147
133
115
113
115
129
126
150
103
137
129
116
128
143
126
121
104
117
122
140
129
130
117
120
115
124
124
131
125
115
128
102
102
112
129
113
119
119
101
110
119
96
134
121
123
121
133
113
130
106
112
124
112
113
141
134
133
109
115
132
118
124
123
111
119
127
110
117
116
108
89
121
133
118
123
127
121
130
122
131
114
104
135
104
129
130
122
138
125
130
153
133
125
93
136
116
128
108
141
125
123
108
120
130
125
109
144
116
113
118
138
127
113
136
135
115
131
116
132
125
119
125
100
128
127
127
131
131
135
114
136
119
120
147
118
131
123
130
144
123
127
122
125
125
122
134
139
118
113
114
113
131
123
137
140
145
108
124
133
107
113
129
112
130
114
125
113
139
139
126
124
128
129
120
134
129
118
116
135
146
118
139
134
141
114
125
136
116
127
147
123
127
133
141
125
144
160
132
120
129
108
124
151
135
143
133
150
139
136
129
144
131
156
114
160
160
130
156
122
120
131
130
158
136
144
149
180
162
162
149
171
149
159
176
167
171
183
136
157
144
172
142
180
173
170
168
163
174
156
163
161
205
179
177
191
185
166
198
193
195
201
197
213
173
201
196
222
199
186
181
189
177
181
206
202
229
186
211
179
197
202
187
216
229
216
193
181
212
176
208
211
202
205
214
205
207
198
211
221
200
223
202
212
205
203
211
193
194
235
219
195
204
196
249
200
210
232
204
216
189
202
240
211
193
222
206
198
211
211
200
219
190
206
167
212
175
185
210
193
194
183
201
203
209
167
188
184
177
184
186
201
171
182
157
164
172
159
168
182
163
153
172
142
167
169
156
142
150
148
165
144
119
159
147
124
142
160
149
135
130
132
139
130
108
148
136
128
131
113
145
113
103
125
102
119
130
112
108
109
100
101
114
134
95
109
96
101
94
90
87
84
100
91
100
87
95
89
83
99
109
83
80
99
83
77
74
80
93
84
81
62
70
66
78
73
81
95
83
78
80
63
85
73
89
86
94
76
87
75
87
84
74
67
74
74
76
75
64
78
67
67
72
76
73
68
49
73
72
76
59
57
74
61
74
51
69
61
82
66
65
56
65
51
68
75
59
51
60
76
57
63
72
58
59
69
66
67
54
67
63
57
42
77
68
72
68
59
81
75
72
61
51
63
63
63
42
71
49
66
67
51
68
68
56
61
48
65
58
58
64
66
58
66
57
57
50
57
50
65
50
66
50
42
69
53
57
51
57
71
65
68
47
60
47
67
46
60
56
60
56
54
56
47
62
74
41
68
57
59
53
36
55
44
64
54
67
47
55
64
58
58
40
51
38
47
53
49
61
56
57
57
52
59
60
63
50
60
58
46
62
39
59
70
47
51
53
49
38
58
44
54
55
55
44
58
60
50
47
67
36
58
54
56
46
64
45
41
51
52
55
64
58
48
47
58
53
48
49
40
58
49
48
47
50
46
39
52
52
52
56
60
46
51
58
61
45
45
52
42
52
46
53
58
50
55
50
34
50
41
42
53
48
57
45
51
50
44
49
50
50
47
40
45
59
42
43
57
49
48
40
52
58
53
47
35
64
49
62
40
42
46
45
64
45
49
54
48
49
46
46
41
49
48
34
39
42
41
56
46
33
50
53
48
53
35
63
43
46
46
42
50
54
37
52
64
46
57
39
51
49
54
49
40
47
42
56
42
41
42
48
41
51
39
33
41
46
60
49
36
43
51
46
48
37
43
44
46
62
40
41
45
48
42
40
40
36
39
52
52
40
39
38
41
50
46
47
49
36
52
41
51
45
42
40
36
55
43
38
49
36
50
28
53
57
48
44
50
48
51
46
52
53
48
45
36
39
43
59
54
45
36
43
52
40
40
44
33
51
37
40
56
32
39
41
37
51
44
37
37
42
49
31
44
36
40
40
61
39
52
46
40
45
37
41
25
47
54
39
42
51
40
37
42
43
39
41
46
32
36
51
40
44
41
37
43
36
28
45
40
36
46
32
41
33
42
45
37
45
44
39
49
50
30
47
40
38
38
25
51
46
33
54
43
45
43
40
45
43
43
38
45
37
58
40
45
43
43
43
42
40
46
46
34
46
48
48
40
40
29
35
43
54
49
38
38
31
40
41
37
37
37
42
42
47
35
40
50
43
38
34
44
44
48
50
30
42
43
43
51
41
48
43
43
44
46
35
37
35
39
34
48
33
37
46
31
56
33
39
45
37
45
38
45
38
28
42
36
36
41
42
38
52
43
31
35
46
40
40
43
46
40
39
35
43
42
49
46
40
35
41
43
36
34
39
33
36
32
32
41
43
36
37
38
46
40
39
48
36
37
37
29
38
41
32
41
42
40
29
23
36
28
42
38
41
35
39
59
47
35
44
35
27
27
39
29
32
37
41
36
40
36
36
43
32
35
40
30
40
37
34
40
41
36
31
40
44
43
38
43
33
38
32
42
35
40
46
27
46
35
33
41
29
35
32
41
34
29
39
36
36
42
42
49
38
43
33
53
33
45
33
29
52
43
36
46
34
35
30
29
31
32
29
36
32
32
19
38
31
39
36
33
40
34
46
30
34
37
33
32
40
38
41
32
38
27
35
30
29
34
38
28
35
43
28
30
38
36
27
18
28
34
34
20
20
32
32
33
29
39
35
36
40
28
34
29
40
27
26
33
34
33
36
37
27
32
38
30
37
30
41
34
26
36
36
41
40
41
40
30
29
36
28
34
34
29
23
30
44
34
27
26
20
22
29
29
21
33
31
39
24
29
32
24
37
32
33
30
40
22
32
34
25
38
30
26
26
32
34
22
28
32
24
26
26
32
26
27
33
22
30
36
22
29
24
39
42
23
27
35
31
26
30
26
33
34
21
30
32
38
28
27
31
30
30
31
29
27
27
39
34
27
24
20
32
34
28
32
34
23
32
33
29
31
29
25
28
37
24
35
29
20
23
28
32
29
19
20
25
22
29
21
30
28
26
24
27
33
22
22
28
16
26
29
32
32
21
28
21
17
33
26
27
28
32
28
21
37
25
34
16
24
20
29
29
22
34
25
26
19
31
35
27
34
22
19
32
27
34
45
33
36
33
33
21
24
28
36
33
40
20
29
31
31
36
34
27
35
32
29
27
23
32
16
29
36
16
18
33
43
40
35
18
32
27
21
28
26
33
19
28
28
26
22
41
26
25
28
33
29
22
32
37
27
36
41
29
34
32
28
27
20
26
24
25
28
32
28
25
29
41
27
27
29
32
37
31
36
33
34
35
27
25
30
31
20
27
32
21
31
30
32
21
28
26
21
31
26
28
16
35
23
32
27
25
31
31
22
26
37
31
26
20
31
23
23
24
24
35
35
21
33
40
30
29
34
31
27
27
36
26
20
32
25
22
29
25
30
26
30
16
20
24
24
33
36
23
38
29
27
21
23
32
32
26
33
27
27
31
19
35
41
39
14
31
32
44
17
30
29
29
18
37
36
27
40
33
34
28
27
27
28
22
21
25
31
28
34
29
22
29
23
33
16
31
24
34
23
25
29
30
27
28
25
20
28
16
19
21
27
31
37
25
18
32
17
21
25
24
27
25
34
24
25
28
23
31
13
24
29
32
32
23
34
27
17
20
25
26
16
25
27
29
27
31
35
25
38
19
20
31
22
27
23
30
28
28
28
27
21
24
26
29
15
31
17
25
24
31
30
14
27
23
24
25
23
16
20
24
27
27
20
26
29
21
33
22
25
25
19
14
33
30
19
20
29
21
21
22
24
27
37
15
22
31
29
26
24
24
18
27
28
20
21
25
14
32
19
24
36
24
31
23
24
25
22
16
24
19
21
29
21
28
23
31
24
21
38
23
18
24
20
19
20
22
27
23
22
18
20
25
22
29
24
30
20
22
26
24
30
19
18
31
20
22
24
28
19
15
23
22
30
19
20
13
21
18
27
21
23
17
29
23
26
12
20
19
22
24
21
24
19
20
22
24
24
20
18
17
12
22
27
21
23
28
26
21
32
17
20
24
25
33
23
25
32
15
10
18
27
23
21
22
30
22
17
28
22
29
20
27
22
21
17
16
25
26
14
21
18
22
26
17
18
16
21
16
24
16
19
18
23
19
17
22
24
20
26
17
22
20
17
16
20
16
20
23
19
17
12
20
14
12
22
22
14
21
19
17
21
20
13
18
20
21
18
16
15
14
15
23
20
15
16
25
20
18
14
22
24
27
25
18
21
13
14
25
16
14
13
18
15
15
13
24
13
15
22
17
11
18
17
21
25
11
19
24
20
19
22
21
28
15
21
21
13
14
28
14
17
11
14
16
17
17
20
24
20
16
16
22
23
18
20
15
17
15
17
19
15
15
18
15
21
21
18
24
23
14
12
13
18
19
13
16
14
21
17
19
13
13
20
20
14
21
19
18
18
22
20
19
18
20
20
17
11
22
13
19
22
13
16
13
17
18
11
23
16
12
16
15
15
15
19
16
21
17
20
16
15
16
21
15
20
24
15
12
15
13
17
17
12
18
15
11
19
24
19
24
20
17
12
15
15
13
20
15
13
11
13
19
22
12
19
19
19
16
17
16
19
19
19
11
11
10
21
14
20
21
20
9
18
15
14
18
20
6
23
20
14
13
20
15
23
9
19
20
15
20
12
6
19
16
14
18
14
17
18
13
13
12
11
21
18
17
11
18
21
19
14
15
13
19
11
23
12
17
19
10
18
19
14
12
7
20
29
10
16
16
20
6
16
23
17
14
12
18
14
12
19
13
16
19
20
18
16
17
24
16
19
26
23
15
9
17
11
11
11
24
17
13
18
18
17
23
20
14
15
15
11
17
16
14
20
21
17
20
17
21
27
19
15
21
21
10
19
13
25
23
29
19
17
18
17
13
14
14
14
23
12
19
19
10
19
14
21
21
14
13
11
24
21
14
21
20
16
18
20
16
18
18
16
21
16
27
18
12
22
17
18
20
20
25
23
20
22
17
29
23
18
23
22
18
32
27
17
23
20
22
22
19
18
26
20
24
24
15
22
23
22
24
22
26
23
30
25
22
20
34
20
20
18
22
19
23
23
20
26
17
21
27
24
12
19
23
16
35
25
29
19
22
27
27
25
21
16
33
21
26
25
28
26
31
27
23
26
24
23
22
27
21
27
26
12
21
30
22
29
21
24
20
17
26
25
26
24
27
20
29
22
15
36
22
19
36
29
22
29
20
24
27
18
27
26
27
23
22
24
26
35
20
16
37
28
26
29
23
33
18
18
23
37
23
20
32
24
22
23
20
24
22
20
28
22
22
17
13
36
25
21
23
32
19
25
20
16
21
20
25
19
17
26
25
17
24
19
25
17
25
25
18
27
18
21
26
23
21
11
13
21
26
20
16
26
24
18
13
19
20
23
20
22
18
21
13
24
19
20
25
14
18
16
14
20
18
28
11
14
12
15
16
16
23
16
19
15
22
17
10
11
23
8
17
20
21
15
22
15
20
14
11
17
19
12
23
10
10
13
13
7
22
15
11
14
14
26
7
15
16
13
19
20
13
17
19
16
20
19
13
13
7
12
14
8
16
9
12
10
16
11
10
16
15
7
6
11
12
17
14
14
5
16
12
21
17
11
12
17
10
17
13
14
13
11
11
12
6
15
14
11
13
14
15
9
11
16
15
14
8
13
17
13
17
13
11
9
18
14
13
12
13
12
11
14
12
11
9
19
8
12
9
5
8
12
8
15
13
12
10
14
13
11
4
10
13
13
16
14
8
9
13
15
15
18
15
5
16
17
18
18
7
17
14
12
19
11
7
9
19
3
5
6
8
9
10
12
13
12
13
11
12
13
13
10
11
11
9
14
5
6
8
7
12
13
13
8
15
10
13
13
14
9
12
13
15
16
19
0
