0
0
0
0
0
0
0
0
0
0
0
0
0
0
0
0
0
0
0
0
0
0
0
0
0
0
0
0
0
0
0
0
0
0
0
0
0
0
0
0
0
0
0
0
0
0
0
0
0
0
0
0
0
0
0
0
0
0
0
0
0
0
0
0
0
0
0
0
0
0
0
1
0
0
0
0
0
0
0
0
0
0
0
0
0
0
0
0
0
0
0
0
0
0
0
0
0
0
0
0
0
0
0
0
0
0
0
0
0
0
0
1
0
0
0
0
1
1
0
0
0
0
0
0
0
1
0
0
0
0
0
1
0
1
0
0
0
0
0
0
0
0
0
1
0
1
0
1
0
0
0
0
1
0
3
1
1
2
2
0
1
1
1
2
0
2
1
5
5
3
1
2
3
6
7
2
3
5
5
2
3
9
12
6
6
3
6
10
3
10
15
10
10
13
22
35
38
43
42
53
75
65
111
102
132
172
199
237
310
393
451
539
625
724
863
891
1012
1126
1196
1298
1308
1484
1554
1585
1664
1776
1908
1881
2008
2023
2128
2077
2166
2296
2330
2346
2333
2464
2520
2566
2479
2460
2551
2499
2487
2651
2494
2522
2637
2647
2538
2582
2480
2537
2659
2543
2568
2590
2587
2633
2732
2629
2722
2675
2627
2680
2714
2796
2633
2767
2756
2791
2768
2876
2763
2804
2863
2806
2893
2820
2804
2861
2813
2896
2824
2881
2872
2823
2754
2881
2748
2886
2822
2818
2904
2802
2817
2872
2790
2923
2821
2664
2770
2862
2804
2815
2792
2873
2784
2662
2676
2733
2807
2723
2717
2687
2686
2618
2590
2589
2693
2525
2591
2497
2549
2578
2507
2536
2438
2486
2426
2433
2357
2428
2365
2355
2279
2354
2334
2349
2226
2214
2208
2251
2228
2227
2162
2201
2075
2228
2133
2078
2084
2082
2157
2074
1990
2001
2014
1994
1914
2035
1957
1953
1904
1903
1912
1974
1850
1914
1855
1870
1834
1832
1814
1874
1923
1874
1840
1770
1872
1771
1882
1867
1780
1805
1842
1759
1770
1866
1800
1742
1769
1818
1780
1770
1865
1747
1787
1792
1747
1794
1800
1782
1761
1776
1775
1772
1791
1782
1750
1791
1787
1750
1808
1742
1726
1747
1813
1756
1849
1684
1749
1770
1791
1785
1693
1769
1733
1772
1774
1789
1752
1779
1804
1748
1726
1749
1694
1762
1723
1695
1661
1735
1622
1618
1756
1657
1669
1644
1752
1640
1700
1615
1661
1677
1644
1706
1683
1608
1527
1529
1670
1602
1575
1575
1637
1640
1533
1541
1558
1504
1529
1516
1489
1480
1548
1529
1500
1442
1428
1472
1474
1416
1477
1449
1402
1528
1421
1492
1418
1394
1349
1326
1435
1395
1379
1350
1408
1399
1338
1348
1370
1310
1333
1237
1245
1323
1309
1276
1267
1260
1219
1313
1340
1231
1225
1328
1254
1253
1217
1224
1264
1306
1192
1215
1271
1177
1115
1149
1254
1224
1181
1179
1104
1204
1127
1151
1118
1129
1106
1156
1130
1126
1132
1088
1031
1074
1107
1124
1110
1130
1081
1036
1079
1119
1038
1071
1111
1052
1103
1062
1125
1013
981
993
1006
1073
1006
1081
1042
990
1017
1073
999
1026
978
917
992
1053
948
1035
1013
967
988
993
979
1004
943
972
998
968
997
989
922
943
946
935
951
916
940
925
933
902
936
920
928
921
899
913
870
890
834
941
842
879
852
912
848
901
889
910
891
843
860
870
843
844
873
942
836
808
847
787
888
786
848
773
777
842
817
870
830
814
776
857
812
841
822
784
797
810
724
814
845
737
751
754
791
748
788
806
732
760
755
742
791
723
774
734
736
738
678
781
693
752
668
747
750
692
692
694
671
752
672
716
665
705
662
683
706
707
687
669
604
662
702
659
666
615
648
674
665
701
626
683
605
617
688
612
637
665
666
677
631
611
588
659
586
637
579
633
662
603
575
662
594
627
608
595
610
603
653
652
601
588
601
556
573
584
586
576
579
585
550
574
590
575
624
591
601
633
528
571
616
553
577
562
552
549
527
558
529
529
568
625
551
604
583
614
604
597
588
563
582
587
520
557
540
570
581
611
585
585
581
576
594
592
588
576
553
548
582
594
527
548
631
573
588
553
606
577
608
590
593
590
554
590
563
553
621
541
543
577
554
573
560
554
588
588
587
594
596
570
570
571
575
583
560
624
607
589
587
568
562
537
564
612
575
576
543
588
556
540
548
556
585
550
573
591
591
567
551
562
596
593
548
547
556
544
513
591
583
526
539
493
518
610
544
595
523
559
534
519
526
496
498
552
556
533
485
531
505
483
516
534
527
527
511
528
516
515
466
503
464
513
501
464
486
484
493
485
471
492
459
517
545
487
491
501
464
451
485
468
454
491
508
479
496
482
489
457
481
474
464
502
476
494
483
498
495
436
505
492
431
454
509
491
507
504
489
493
509
549
510
515
559
513
522
527
564
568
581
568
548
547
601
575
600
592
584
609
602
621
582
592
631
641
647
641
677
692
629
654
668
639
698
631
639
688
664
659
679
709
659
696
681
732
678
699
741
706
746
756
756
756
719
747
747
697
773
675
727
745
757
741
769
720
717
753
700
719
716
694
729
745
725
666
687
716
715
661
678
633
680
736
679
639
652
670
644
679
607
674
662
618
566
657
556
603
612
599
607
537
552
580
570
558
585
525
529
512
553
553
528
513
499
467
487
464
475
470
471
414
449
394
455
428
451
423
454
434
402
382
406
392
393
386
378
331
367
357
329
322
344
350
313
353
302
305
307
339
303
282
293
289
272
236
279
260
258
280
243
264
237
217
251
216
239
250
224
222
224
184
213
209
189
237
206
242
183
203
210
181
209
183
179
167
177
163
187
154
198
186
156
156
170
166
166
151
150
154
146
174
126
143
154
160
151
142
142
164
150
136
126
127
142
133
135
148
132
143
117
105
136
121
129
128
107
134
96
125
129
113
134
130
109
115
102
113
113
104
106
128
134
100
120
105
119
128
124
99
128
122
118
114
125
122
88
119
93
106
121
86
95
119
113
103
93
111
121
114
106
109
104
100
92
98
92
100
93
112
86
104
106
103
102
102
109
98
88
98
69
119
90
107
96
92
105
100
94
79
105
99
99
106
107
114
94
120
112
90
96
93
101
89
83
79
95
85
108
116
107
92
106
111
112
85
91
112
92
87
89
80
91
86
95
110
101
99
88
94
88
99
78
95
84
99
113
87
96
92
91
97
78
89
86
90
80
101
94
103
99
79
82
83
77
91
74
72
96
86
92
100
97
95
94
85
105
86
91
82
88
83
99
92
95
94
92
96
80
89
67
82
75
105
83
92
92
81
106
76
79
75
98
109
81
81
79
101
79
102
84
99
83
90
82
83
89
98
95
88
93
84
82
100
97
91
82
86
101
102
81
73
81
78
84
79
93
91
85
72
89
89
83
82
89
86
92
85
86
72
79
93
77
81
94
85
89
86
87
76
75
93
87
72
82
88
70
73
72
77
79
87
94
70
80
86
100
83
69
91
91
86
93
101
79
90
73
55
89
68
84
85
86
98
83
59
88
83
81
73
84
82
97
87
71
81
71
78
71
84
75
71
75
78
70
65
85
75
69
79
74
68
62
83
70
64
62
74
72
53
82
63
57
77
74
70
73
59
82
63
83
63
80
79
67
57
65
67
68
53
65
70
50
69
86
63
67
66
57
62
69
70
52
71
49
67
65
55
57
81
69
72
52
65
48
70
66
62
62
80
66
68
53
75
66
63
66
64
61
60
62
58
72
79
60
66
53
69
61
74
63
62
52
68
77
70
56
74
70
50
68
70
57
55
64
71
57
52
61
71
77
55
63
71
55
83
65
61
75
84
65
57
67
74
64
84
65
72
59
61
69
68
72
70
75
60
81
62
81
59
74
75
80
64
64
73
71
70
73
66
76
69
72
74
75
63
65
92
72
80
62
77
63
55
86
70
82
63
74
76
69
70
63
68
58
74
81
77
72
78
62
67
65
63
77
74
54
88
78
81
61
61
57
57
77
80
76
67
77
59
75
69
63
72
63
71
77
78
65
52
65
66
65
66
58
69
63
57
67
84
51
63
75
94
67
78
77
88
67
72
59
76
47
66
70
67
62
66
56
72
55
65
73
48
60
53
62
61
70
60
60
54
45
62
65
57
61
59
53
66
53
51
52
52
64
56
57
59
73
61
52
58
52
53
70
44
63
52
50
47
55
56
52
53
63
67
53
55
59
38
54
45
47
69
47
37
49
53
45
41
48
48
43
44
48
51
40
53
41
55
43
51
46
43
44
44
46
45
49
53
41
36
46
39
52
42
45
32
42
49
45
48
27
52
48
39
38
40
47
48
43
49
49
53
47
46
59
42
35
37
46
53
52
45
37
44
37
46
40
36
47
47
34
41
40
34
51
30
38
48
31
41
50
58
42
39
39
41
51
50
39
33
35
36
33
32
36
34
48
26
46
41
38
37
36
39
47
46
34
39
49
41
34
43
39
42
43
35
51
40
42
36
22
47
58
33
39
36
36
29
35
35
35
43
43
42
40
42
43
42
38
35
43
31
31
44
45
48
42
32
40
41
45
43
34
33
33
37
38
36
52
43
29
29
55
39
36
34
39
43
37
32
40
40
43
35
38
31
46
35
32
42
32
35
35
29
38
30
36
41
40
35
37
42
35
30
49
39
38
40
37
34
31
49
31
32
34
29
48
47
47
38
47
34
33
44
41
39
36
26
34
36
36
39
35
45
27
30
34
39
35
37
32
34
32
29
41
40
41
32
32
37
36
45
39
33
33
28
32
36
33
44
41
43
39
44
26
33
50
43
28
46
29
45
47
30
52
30
35
49
42
42
34
43
29
42
28
38
28
39
41
34
24
42
36
43
33
39
37
25
27
25
40
23
46
38
38
23
40
31
33
40
39
46
31
33
23
34
45
45
31
48
45
28
33
40
32
36
32
40
39
38
27
37
23
36
47
50
38
31
28
21
32
30
36
42
38
39
28
31
38
26
39
32
36
25
36
27
31
35
33
38
21
29
31
25
33
31
26
26
31
42
42
31
29
30
30
31
27
36
30
27
36
27
28
33
37
31
39
36
34
27
34
31
22
41
28
35
27
29
27
38
44
25
30
36
27
32
28
32
24
24
35
27
28
30
31
34
41
23
35
35
40
27
40
29
31
26
44
25
32
45
24
32
27
36
28
40
22
31
27
33
37
29
33
30
33
27
31
30
37
21
17
24
31
27
32
35
28
31
29
20
28
24
36
25
31
35
28
27
25
33
38
41
25
28
34
27
18
33
29
24
25
28
33
24
34
28
26
30
39
31
32
22
28
27
29
28
26
31
18
29
28
36
31
33
27
26
17
27
39
35
28
27
27
28
35
39
35
34
34
19
30
36
20
19
27
29
23
27
29
23
18
36
25
44
20
35
42
21
33
28
32
34
22
23
32
33
28
27
33
29
28
22
33
27
25
27
31
31
31
31
32
18
34
30
26
36
16
31
34
28
25
19
31
28
30
29
36
26
25
28
41
23
21
23
17
36
20
34
24
21
22
30
29
26
29
24
34
35
32
27
37
31
25
26
22
25
28
34
35
26
24
29
26
19
36
35
29
30
31
23
27
17
26
35
27
27
25
28
35
28
31
34
25
35
33
41
31
21
21
30
34
30
31
31
26
31
20
30
37
33
31
33
34
24
26
29
28
21
25
33
31
25
26
35
28
33
31
19
34
34
35
31
32
32
19
24
31
34
37
34
23
31
31
21
31
31
22
26
30
28
33
29
33
27
25
36
33
24
23
30
25
23
23
35
33
26
33
30
39
27
27
28
36
27
21
27
16
22
20
23
20
29
30
25
32
32
27
35
29
21
22
22
28
26
26
35
30
37
29
45
25
32
36
44
31
22
25
29
36
32
41
34
28
23
24
26
27
35
20
26
28
28
24
27
26
28
34
30
33
31
31
25
23
29
26
30
19
26
34
25
24
23
28
29
33
31
32
25
30
35
26
22
21
30
30
27
29
28
33
28
35
33
29
37
36
40
29
26
32
23
32
23
23
31
34
28
31
24
23
29
40
41
23
26
29
31
28
28
30
27
21
32
25
31
27
21
27
21
16
26
39
24
27
20
20
23
28
20
22
38
18
31
32
39
37
26
28
24
28
23
26
18
32
26
23
31
25
32
22
25
19
15
31
19
23
27
30
26
27
24
24
16
18
18
18
25
22
21
27
20
23
15
23
19
19
32
28
21
22
26
27
20
20
23
20
20
28
33
22
19
22
21
17
23
24
26
17
32
25
23
24
20
20
21
24
20
20
14
26
28
19
20
22
18
14
25
23
19
19
30
21
20
27
17
19
18
16
19
21
21
22
20
27
21
16
19
19
28
34
18
16
14
20
31
20
20
13
29
36
15
21
18
17
22
20
22
21
15
16
15
17
15
23
14
23
22
21
21
14
26
24
28
14
22
18
17
20
30
16
19
17
21
16
17
14
22
14
21
23
20
24
20
22
18
13
15
14
21
21
15
21
28
14
21
16
26
16
18
25
14
20
21
14
26
25
24
21
18
17
14
21
18
19
17
13
17
11
15
11
22
19
17
25
20
29
17
19
25
22
12
15
24
16
15
18
16
13
21
25
11
19
12
14
20
16
25
18
17
22
26
14
17
19
14
13
17
19
25
17
16
23
26
25
16
21
19
14
26
9
23
27
16
14
17
20
11
19
28
19
22
18
23
17
26
12
12
20
21
19
10
14
22
17
17
14
16
6
17
15
14
10
12
11
21
25
11
24
20
20
13
25
17
22
18
20
17
16
13
14
15
18
25
15
20
21
16
11
17
18
25
21
14
21
17
22
17
13
25
24
11
12
25
15
23
23
22
25
13
19
15
23
20
22
15
13
12
15
20
16
29
19
17
21
25
12
15
20
20
13
22
23
26
19
16
18
22
20
23
20
24
19
20
23
16
26
24
31
19
19
32
22
12
15
20
21
17
18
24
20
28
23
19
20
19
20
21
18
26
22
27
16
16
17
27
21
17
19
14
31
25
19
16
16
30
19
19
20
17
14
20
21
22
20
23
25
27
20
19
22
25
26
24
23
19
19
13
9
22
27
18
19
20
18
18
18
20
20
19
15
15
26
18
20
23
24
16
17
25
18
18
22
21
27
22
21
23
11
22
25
17
27
20
16
17
15
11
14
19
23
20
18
14
16
18
23
26
15
19
24
15
12
17
13
16
22
23
21
17
17
12
21
20
13
16
17
25
24
12
10
26
22
22
19
20
11
28
16
16
11
11
26
21
24
23
15
15
12
10
14
21
20
21
17
26
15
21
15
9
21
15
17
23
20
18
8
27
12
21
21
20
18
13
17
17
27
16
11
15
17
11
15
15
13
11
16
16
6
20
10
12
14
11
13
23
7
18
17
14
12
18
14
13
21
12
18
17
13
18
19
23
12
14
12
15
14
13
13
16
13
18
27
9
20
17
10
14
22
19
19
15
14
21
19
16
21
13
12
26
15
20
26
9
19
10
12
16
15
17
8
10
9
14
17
12
18
23
21
14
20
19
18
17
15
10
14
11
19
13
23
12
19
15
16
14
11
16
17
10
16
17
15
10
15
9
13
16
15
11
15
15
17
16
22
11
11
21
19
18
9
16
17
18
23
12
14
15
18
16
19
18
19
12
15
17
9
15
20
20
17
17
15
14
14
6
15
13
14
11
10
12
13
14
23
15
16
11
19
14
15
15
4
10
15
10
9
5
15
13
18
13
15
14
8
23
11
14
14
15
14
16
10
11
11
16
14
12
11
18
11
15
12
12
8
12
12
12
6
12
13
11
15
14
16
15
10
14
12
16
9
12
15
15
14
18
15
14
13
17
9
19
21
13
12
11
11
15
13
17
11
11
14
11
15
18
6
7
9
12
12
7
7
8
11
12
18
8
12
9
11
11
12
14
15
15
10
9
17
18
7
9
9
17
7
8
10
10
8
7
8
10
4
14
12
12
12
15
7
8
13
9
16
10
11
11
9
8
12
17
9
13
13
6
14
13
10
3
9
15
14
11
9
9
10
20
14
11
7
10
14
10
9
9
14
9
12
4
10
14
12
4
6
16
11
8
8
16
11
11
9
7
19
14
9
18
9
14
5
12
12
8
7
11
10
11
10
11
9
10
9
10
11
7
7
11
9
10
7
15
9
14
10
12
11
11
8
6
6
12
7
8
12
11
11
9
9
9
16
6
8
14
8
11
10
13
8
17
8
13
13
4
19
5
4
14
11
9
10
10
14
10
12
7
8
10
23
16
11
5
15
9
9
10
12
9
14
8
11
9
14
14
11
9
12
5
10
7
12
13
13
10
2
7
8
11
10
13
10
14
14
9
16
14
9
13
6
13
9
9
5
12
8
11
8
15
12
10
9
10
13
14
13
18
12
8
6
9
9
11
10
17
8
14
13
14
12
17
12
16
13
7
9
6
15
8
10
18
9
11
9
7
7
14
12
14
15
15
16
15
15
18
10
10
9
13
11
13
19
9
11
2
12
11
17
15
14
10
15
9
15
13
13
9
10
15
8
10
8
6
10
16
11
18
11
13
12
22
11
15
9
18
19
13
13
12
17
13
17
11
16
16
7
20
12
13
22
22
12
17
8
20
7
15
19
21
20
21
20
19
20
12
10
18
16
10
19
12
10
8
18
21
14
6
14
17
14
21
9
21
24
26
13
17
15
10
20
20
12
11
21
16
15
19
15
15
23
20
13
21
22
17
16
14
22
18
20
16
21
15
20
13
20
20
15
9
17
22
23
20
19
16
24
20
16
17
11
21
14
12
20
23
23
13
20
15
18
19
18
17
23
27
19
20
16
17
25
15
18
18
25
19
20
18
9
17
21
18
14
21
16
17
13
13
24
20
23
23
24
31
24
16
21
26
20
21
19
19
18
13
33
15
12
20
17
20
18
16
18
11
18
20
18
21
12
25
19
19
24
13
19
27
18
9
20
14
21
9
15
15
18
16
18
18
18
17
21
16
21
11
12
12
16
15
14
16
14
13
15
10
14
23
12
9
9
18
16
19
17
15
13
10
16
10
21
21
15
12
17
21
11
8
8
19
10
8
14
16
7
8
13
8
11
13
9
14
8
9
9
16
14
11
10
9
8
4
12
14
19
11
11
11
15
15
16
15
9
15
8
12
11
7
16
9
9
13
15
13
9
7
13
11
12
15
11
11
13
8
11
10
12
6
12
10
15
7
9
8
8
7
9
7
10
9
13
14
5
6
14
11
6
6
5
12
8
8
7
10
10
11
9
8
10
13
13
9
18
5
11
6
7
8
6
6
10
7
11
10
12
8
10
10
6
8
8
6
6
9
8
6
5
10
4
4
7
12
10
6
7
10
13
13
11
9
10
9
8
8
7
13
11
12
6
10
14
10
9
5
8
7
15
9
5
7
9
11
3
8
5
13
11
8
8
8
10
9
5
12
8
7
7
10
9
12
6
12
12
13
10
9
7
9
8
7
8
8
13
5
4
11
8
8
10
6
6
10
8
3
6
13
7
10
10
0
