0
0
0
0
0
0
0
0
0
0
0
0
0
0
0
0
0
0
0
0
0
0
0
0
0
0
0
0
0
0
0
0
0
0
0
0
0
0
0
0
0
0
0
0
0
0
0
0
0
0
0
0
0
0
0
0
0
0
0
0
0
0
0
0
0
0
0
0
0
0
0
0
0
0
0
0
0
0
0
0
0
0
0
0
0
0
0
0
0
0
0
0
0
0
0
0
0
0
0
0
1
0
0
0
0
0
0
0
0
0
1
0
0
0
0
0
0
1
1
0
0
1
0
0
0
0
1
0
1
1
1
3
1
0
1
0
2
3
4
3
4
7
5
3
4
2
7
4
6
9
7
9
3
10
11
7
10
3
17
14
17
11
25
23
14
28
22
36
32
37
44
54
52
51
54
53
41
71
74
83
72
63
103
102
98
119
111
112
135
118
128
147
131
150
164
166
146
172
158
186
161
166
163
179
169
181
150
189
197
190
191
167
162
192
172
155
179
183
161
173
162
156
165
155
169
184
187
169
167
181
157
159
168
190
166
171
176
180
185
168
197
193
169
182
155
188
182
175
180
178
188
187
175
192
205
188
189
165
175
186
202
197
208
189
152
200
188
195
176
207
167
194
199
200
210
205
181
168
179
213
194
207
224
200
180
196
200
198
223
229
195
214
177
184
194
196
205
212
179
222
207
247
221
215
210
212
200
263
207
206
224
225
261
218
225
239
199
212
200
212
182
194
239
212
205
209
212
217
243
213
214
217
217
191
211
219
203
210
210
219
236
209
219
223
185
182
212
202
222
204
194
226
180
200
205
195
213
211
208
197
189
188
207
178
175
183
190
212
192
198
218
180
161
209
216
201
188
206
196
223
176
201
209
191
207
180
190
179
188
193
204
179
204
196
202
176
164
180
205
217
178
151
188
207
172
217
188
184
162
187
205
190
197
192
226
188
187
189
207
183
181
207
188
214
202
169
192
174
185
213
214
195
174
203
205
170
182
176
203
201
158
167
194
160
172
173
185
190
184
200
183
176
192
196
215
184
187
168
184
204
195
191
189
204
190
186
185
181
184
178
184
174
173
207
173
159
218
201
169
175
189
184
185
171
182
186
174
185
179
192
196
183
197
201
196
187
184
217
213
181
171
204
199
199
187
212
177
174
173
184
196
186
190
189
214
207
190
188
179
182
194
199
201
208
196
202
201
216
191
215
196
173
188
185
203
188
178
194
210
213
180
199
205
190
214
189
209
198
218
184
202
197
193
196
230
209
201
212
189
215
184
186
170
182
200
175
186
195
205
173
195
189
181
197
187
170
171
206
218
216
195
201
190
189
171
162
186
189
193
183
163
181
191
166
208
172
192
160
168
203
164
173
165
165
164
212
192
168
206
166
167
154
190
175
155
184
188
185
208
183
165
173
155
174
178
175
180
177
176
165
165
169
147
172
178
141
167
175
151
159
152
174
154
164
136
145
164
182
168
137
139
174
135
154
160
158
160
151
161
149
142
164
176
150
164
167
156
155
146
140
133
150
157
148
164
146
158
175
148
137
177
170
131
165
148
129
145
148
131
152
127
164
128
134
104
124
162
122
147
158
180
135
138
134
131
136
145
134
124
119
153
132
148
131
116
118
109
109
130
144
121
145
151
131
144
126
114
175
124
141
127
119
125
131
134
118
143
128
132
176
129
129
145
120
125
115
120
138
132
117
119
120
137
147
139
139
118
125
130
135
129
120
104
124
114
104
136
138
116
117
136
133
125
96
140
132
128
133
135
138
147
118
125
127
103
114
124
114
125
133
116
124
115
124
95
119
126
129
129
120
129
128
118
100
123
143
111
117
114
118
121
126
137
137
113
113
120
134
125
99
113
120
105
118
120
118
105
126
124
127
114
124
118
108
107
100
114
113
115
129
79
112
125
141
107
132
139
127
113
99
118
109
110
103
114
119
116
106
123
129
118
111
96
108
116
117
110
120
119
120
107
143
114
93
107
119
112
91
110
109
117
104
121
96
82
116
101
119
111
87
94
113
92
109
105
99
97
95
110
104
103
104
118
108
113
92
108
95
97
103
116
105
91
113
119
96
97
130
105
116
96
104
107
97
98
99
118
90
116
90
113
98
117
104
94
109
101
113
101
99
93
104
103
107
105
100
117
105
111
100
104
100
103
115
100
79
98
102
113
108
115
104
89
99
82
103
97
104
104
76
97
87
95
118
93
110
95
89
100
107
107
113
95
101
85
110
103
90
95
109
86
93
100
101
101
98
82
110
98
105
82
86
84
112
91
101
101
107
95
99
100
105
99
83
91
104
95
108
104
94
98
90
95
80
85
107
88
98
101
90
85
100
99
93
117
86
85
102
104
102
74
105
72
97
104
85
94
89
97
98
93
110
112
109
86
91
109
87
91
94
90
94
96
93
88
91
99
115
101
83
109
84
86
79
92
87
85
90
98
79
95
100
98
94
87
107
102
102
97
105
82
96
111
101
79
85
93
91
83
86
105
90
98
83
99
86
81
75
102
96
82
83
92
82
91
86
93
86
112
83
81
89
91
85
76
77
80
84
89
76
91
97
89
81
89
89
83
95
79
83
97
94
82
79
98
97
92
97
111
108
90
86
77
83
90
98
93
107
100
98
87
102
81
87
91
108
98
79
88
73
93
101
82
97
101
90
73
93
94
80
79
89
96
93
80
69
79
93
107
84
82
93
94
76
83
74
92
91
92
86
90
87
86
99
85
81
93
88
80
84
87
87
75
90
100
99
92
85
82
65
72
92
77
89
93
81
89
76
95
79
79
91
81
90
77
91
75
76
83
101
100
72
92
89
79
90
77
78
95
65
69
84
89
89
80
77
79
77
71
74
77
79
74
86
65
58
60
73
75
66
71
62
67
73
74
61
61
70
63
76
63
68
57
67
68
59
68
70
54
67
67
63
74
74
69
56
59
50
65
68
46
84
57
76
44
55
60
57
59
43
61
65
59
59
66
56
39
51
56
58
56
55
50
54
44
53
50
54
50
48
58
55
64
50
43
47
56
43
36
50
61
44
45
45
46
43
43
52
49
37
39
54
48
48
37
48
40
51
48
39
47
38
36
30
50
34
33
41
42
44
38
45
39
48
38
46
40
35
50
43
42
52
47
38
43
38
49
41
44
48
46
41
36
48
37
35
43
33
38
40
48
41
30
44
30
39
28
30
31
34
39
37
46
42
41
36
25
35
36
23
26
39
45
36
29
31
46
28
35
37
35
39
31
32
37
38
39
28
31
28
37
36
42
35
28
24
39
29
38
29
35
38
33
24
29
28
23
23
28
35
31
24
29
39
37
35
28
34
37
25
39
38
31
44
26
31
34
27
28
31
39
35
33
39
31
36
34
28
27
42
37
44
31
30
19
37
41
29
29
29
33
29
36
44
27
18
32
35
36
37
25
25
31
33
24
25
31
23
24
24
29
27
34
36
29
30
31
36
24
34
25
25
37
35
31
35
32
23
34
32
27
25
23
22
35
25
35
35
30
24
33
32
27
39
40
28
20
24
32
32
38
29
26
32
30
33
30
23
31
34
24
30
27
27
32
35
37
14
31
37
38
31
26
36
28
39
33
31
29
26
34
31
32
25
37
32
33
23
28
33
23
31
29
42
24
32
29
32
26
31
40
34
25
32
34
37
47
37
40
34
29
49
32
37
42
33
44
38
30
35
40
42
38
46
42
37
48
48
23
32
44
41
49
47
39
72
43
43
50
41
44
41
54
62
61
54
59
46
60
48
65
47
55
70
75
63
82
66
81
69
65
72
65
71
75
81
93
87
86
78
99
81
78
78
86
111
90
102
98
90
111
110
118
107
96
131
104
116
123
134
116
132
127
123
130
112
124
147
140
119
166
154
179
175
142
155
169
166
170
172
199
210
185
214
162
201
197
202
169
196
217
222
227
210
231
221
228
246
212
234
243
254
242
263
247
228
229
256
262
259
263
298
274
264
282
277
324
297
267
298
323
287
288
324
275
282
315
284
312
327
294
340
326
341
344
315
336
332
346
301
335
323
346
353
325
298
323
359
327
328
367
340
379
340
316
359
345
364
357
337
345
366
396
344
335
400
349
338
329
356
345
363
343
351
331
342
351
329
321
336
292
333
326
334
300
309
310
266
264
294
355
265
288
272
270
290
294
250
276
264
252
284
261
266
250
292
241
257
241
223
257
223
221
218
225
214
239
221
201
184
200
211
180
197
194
224
194
168
194
183
163
172
177
149
133
180
153
162
137
153
140
150
142
126
138
129
105
119
128
110
117
115
88
89
86
82
112
101
114
107
83
98
83
85
76
83
82
75
67
74
85
75
67
62
65
63
58
74
60
43
52
51
42
46
44
40
47
44
43
36
47
35
43
38
39
24
28
36
28
38
26
30
46
25
30
37
26
37
27
27
27
25
14
28
27
18
26
23
20
17
19
19
13
19
16
19
20
17
17
10
20
10
17
8
10
13
9
13
10
13
9
9
7
6
12
15
10
8
8
8
3
6
12
10
8
8
10
7
11
6
8
8
9
8
8
8
6
6
6
5
7
7
6
5
5
1
8
6
6
1
6
6
3
7
4
9
3
3
8
4
2
5
2
4
1
4
4
3
4
6
2
5
5
3
6
4
2
3
6
1
9
2
7
1
5
3
4
5
4
3
3
2
1
0
2
3
1
4
2
3
2
3
6
4
4
2
2
3
3
2
2
2
2
5
3
6
2
3
3
3
1
4
2
2
4
3
1
2
4
3
2
4
4
4
3
3
1
2
2
5
8
2
3
1
0
1
4
5
1
4
3
6
2
3
6
1
2
2
0
7
4
4
3
2
0
1
4
0
3
2
4
5
3
0
2
2
4
3
0
4
2
2
2
0
0
0
1
1
5
4
2
4
2
4
1
5
2
3
0
4
2
2
1
4
2
4
4
3
0
2
1
0
2
4
0
1
4
4
0
1
5
4
2
3
4
2
2
0
3
0
1
3
4
3
4
6
1
1
1
1
2
2
1
3
2
2
1
0
4
0
2
5
5
2
1
2
2
2
1
1
0
2
2
0
1
3
4
2
0
0
2
1
1
1
4
2
0
7
2
4
2
1
0
1
3
0
1
0
3
1
2
2
3
1
4
1
2
1
0
3
0
3
3
1
1
4
1
3
1
2
3
0
3
3
2
4
0
3
0
0
3
3
4
1
0
4
1
0
3
3
3
1
2
1
0
5
0
3
1
1
1
1
4
3
2
0
6
3
3
1
3
1
2
1
2
1
3
4
0
0
2
4
1
2
6
1
2
1
3
1
1
1
6
1
0
1
1
1
1
0
5
1
4
1
2
3
4
4
1
2
4
2
0
0
2
0
3
2
5
1
1
1
3
2
0
1
1
1
1
4
2
2
3
1
2
2
2
1
0
3
3
3
1
6
4
1
4
2
0
1
0
2
3
1
1
0
1
1
0
3
2
1
2
1
1
2
1
3
1
4
1
6
1
1
3
5
1
1
1
1
2
2
0
0
2
2
3
2
2
2
2
1
2
1
1
5
2
3
2
2
4
2
1
1
1
1
1
4
3
1
2
1
3
0
2
1
3
1
2
6
2
0
2
1
1
2
0
1
1
2
1
1
0
1
0
4
1
4
2
1
2
4
3
4
5
1
1
1
3
1
0
3
2
0
1
1
5
0
0
2
0
5
1
3
0
0
1
0
1
2
3
1
1
1
1
2
3
2
2
0
3
2
4
2
1
2
2
4
1
2
0
1
0
3
0
1
1
0
2
3
1
5
0
1
1
0
4
2
0
1
2
0
0
0
3
1
1
2
4
2
1
1
0
2
2
2
1
1
0
0
4
3
4
1
1
3
4
3
1
2
2
2
1
2
2
1
1
1
1
1
2
2
0
1
1
2
1
4
3
1
2
5
2
4
1
1
0
3
0
1
0
1
2
3
3
2
2
6
0
1
1
0
1
1
1
0
2
1
0
0
1
0
2
0
1
1
1
4
0
1
0
1
2
1
4
1
3
1
4
0
1
1
1
0
2
2
0
0
0
3
2
1
1
0
0
2
1
1
1
1
0
1
2
1
2
0
1
1
2
0
1
1
3
0
3
0
0
1
1
1
1
1
1
0
0
2
0
3
3
0
0
0
0
2
0
3
0
1
0
3
2
1
2
1
0
1
0
1
2
0
1
2
4
1
2
0
1
0
2
0
1
1
0
1
1
0
2
0
0
0
0
2
0
0
0
1
0
0
1
2
2
1
1
1
0
1
2
2
0
2
1
0
1
0
1
1
2
1
2
1
0
3
0
1
2
1
1
1
1
1
3
1
2
0
1
1
2
2
1
2
0
2
2
0
1
0
2
1
0
0
1
0
2
2
1
0
2
2
1
3
0
1
0
0
1
1
0
1
2
2
0
0
0
1
2
0
0
0
1
0
0
4
0
2
4
0
1
1
0
1
1
0
1
2
0
1
0
2
2
0
2
0
1
2
0
3
1
0
3
0
1
2
0
0
1
0
0
1
0
1
0
0
2
0
2
5
0
1
1
1
4
0
2
1
1
0
1
1
1
2
0
1
1
1
1
1
0
2
1
1
2
1
1
2
0
2
2
1
0
1
0
1
1
3
1
1
3
4
2
3
1
1
1
1
1
2
1
3
0
1
0
0
2
2
2
0
1
0
2
1
0
1
1
3
0
1
0
1
3
1
0
2
1
2
2
1
0
0
1
2
0
0
1
2
1
2
3
0
2
2
1
1
1
1
0
0
0
1
0
2
1
0
1
0
1
3
1
2
4
1
1
2
1
1
1
2
1
2
1
2
3
0
1
2
1
1
1
1
2
0
1
0
1
0
1
2
1
0
0
1
1
1
0
2
2
1
0
2
2
3
3
2
3
1
0
0
2
0
2
0
1
0
0
1
2
1
0
0
1
0
2
0
1
2
0
0
0
0
1
0
0
1
2
0
2
1
0
0
0
1
0
0
0
0
1
0
2
1
1
0
2
0
0
1
2
1
3
0
0
1
1
0
0
1
1
0
2
1
1
2
1
0
0
1
0
0
1
1
2
1
1
1
0
1
0
0
2
0
1
0
0
2
0
0
0
0
0
0
0
1
2
3
1
1
0
1
1
1
1
0
2
1
0
0
1
1
1
0
0
0
0
1
0
0
3
3
0
0
1
1
0
1
0
1
0
1
1
1
3
1
0
3
2
0
1
0
3
1
0
0
2
1
0
0
1
0
0
0
0
1
0
1
0
0
0
0
2
1
0
1
1
1
0
1
0
1
1
0
0
0
0
1
0
0
1
1
2
0
0
2
1
1
2
1
0
0
2
2
5
1
1
1
0
2
1
1
1
2
0
1
2
1
0
1
0
1
2
0
1
1
0
0
0
3
2
1
1
1
1
1
0
1
1
0
1
0
1
0
2
0
3
3
1
0
0
1
0
0
0
2
2
1
1
0
0
1
0
1
0
0
0
0
0
0
2
0
1
0
3
1
0
0
0
0
1
0
0
0
1
0
0
0
0
0
0
0
2
0
0
0
0
1
0
0
1
1
2
1
0
0
0
0
0
4
1
1
0
2
0
0
2
0
0
3
1
0
0
2
0
0
2
1
0
0
1
1
1
2
1
2
0
0
0
0
0
1
1
2
2
0
0
1
2
3
0
0
0
0
0
1
1
2
0
0
2
0
1
1
0
2
0
0
1
1
0
0
1
1
0
0
0
1
1
0
1
2
0
0
2
1
1
0
2
0
1
0
0
1
1
1
0
1
0
0
1
0
1
0
1
0
1
0
2
1
1
1
1
0
0
0
0
2
2
2
0
0
2
2
0
1
1
0
2
0
0
0
0
0
0
0
2
0
2
5
0
1
0
0
0
1
0
0
1
0
0
0
0
0
2
0
0
1
1
4
0
0
2
1
0
0
0
0
1
0
1
2
0
0
0
0
0
0
0
1
0
2
1
0
0
0
0
0
1
1
2
1
2
0
1
1
0
0
1
0
1
0
1
0
1
0
2
2
0
2
0
0
2
0
1
0
1
3
0
0
0
0
1
2
0
0
0
2
0
1
0
1
0
0
1
1
0
1
0
0
2
1
1
0
0
0
1
1
1
0
0
0
1
1
0
2
1
0
0
1
0
0
0
0
0
0
2
1
0
0
0
0
1
1
1
1
0
0
0
0
1
1
0
1
3
0
1
1
0
0
0
1
2
0
0
0
0
2
0
1
0
1
1
0
0
0
0
0
1
1
1
0
0
1
0
1
1
1
0
0
0
0
0
2
0
0
0
0
0
2
0
0
0
0
0
1
0
0
0
0
0
1
0
0
0
0
0
0
2
1
1
0
0
0
2
1
1
0
0
0
0
0
0
0
1
0
1
0
0
0
1
0
1
1
0
0
0
0
0
1
0
0
2
0
2
3
0
1
0
0
2
0
1
0
1
0
1
1
0
0
2
1
0
0
0
0
0
0
2
0
1
1
0
0
0
1
0
1
0
0
1
1
1
0
1
0
2
0
2
0
0
1
0
1
0
0
2
0
0
0
1
1
1
1
0
0
0
0
1
2
1
1
1
1
0
1
0
3
0
1
1
0
1
2
1
0
2
0
2
1
0
1
0
0
3
0
1
1
2
2
1
0
0
1
3
0
0
0
1
1
0
0
1
0
0
0
1
1
1
1
0
0
0
0
0
0
0
0
3
1
2
1
0
1
0
0
0
1
0
1
1
0
2
1
0
1
1
1
0
0
0
0
0
1
1
1
0
0
0
0
0
1
0
0
0
1
0
1
0
0
1
0
0
3
2
0
0
0
1
1
2
0
0
1
0
0
1
0
0
1
1
1
2
1
0
0
0
0
0
0
0
0
2
0
0
0
0
0
0
0
0
1
0
0
1
0
0
0
0
1
0
0
1
0
0
0
0
0
2
1
0
1
0
0
0
0
0
0
0
0
0
0
2
0
0
0
0
0
0
0
0
0
0
0
1
0
0
0
0
0
0
0
0
0
0
0
0
0
0
0
0
0
0
1
0
0
0
0
1
0
0
0
0
1
1
0
0
0
0
0
0
0
0
0
0
0
0
0
1
0
0
0
0
1
0
1
0
2
1
1
0
0
0
0
1
1
0
0
0
0
0
1
0
0
0
0
0
0
0
1
0
0
0
0
0
0
0
0
0
0
1
0
0
0
0
1
0
1
0
0
1
0
0
2
0
0
0
1
0
0
1
0
0
0
0
0
0
0
0
1
1
0
0
0
0
0
0
0
0
1
0
0
