0
0
0
0
0
0
0
0
0
0
0
0
0
0
0
0
0
0
0
0
0
0
0
0
0
0
0
0
0
0
0
0
0
0
0
0
0
0
0
0
0
0
0
0
0
0
0
5.000000e-01
103
2.235000e+02
212
3.347500e+02
341
3.495000e+02
2.875000e+02
3.332500e+02
3.627500e+02
382
3.635000e+02
3.552500e+02
3.587500e+02
341
3.277500e+02
332
2.827500e+02
314
2.795000e+02
3.032500e+02
2.362500e+02
277
2.997500e+02
2.587500e+02
2.555000e+02
2.372500e+02
2.687500e+02
219
2.375000e+02
270
2.662500e+02
2.257500e+02
253
287
250
2.925000e+02
2.692500e+02
2.317500e+02
2.595000e+02
2.597500e+02
255
272
2.765000e+02
265
2.897500e+02
2.435000e+02
2.472500e+02
263
2.377500e+02
3.165000e+02
2.815000e+02
296
265
2.697500e+02
3.092500e+02
2.942500e+02
2.802500e+02
2.762500e+02
2.565000e+02
266
2.342500e+02
299
2.885000e+02
2.817500e+02
2.712500e+02
2.792500e+02
280
3.055000e+02
2.847500e+02
328
3.102500e+02
347
310
378
3.032500e+02
3.742500e+02
3.937500e+02
4.267500e+02
438
431
4.045000e+02
381
3.722500e+02
3.507500e+02
3.242500e+02
3.022500e+02
3.465000e+02
2.875000e+02
2.492500e+02
2.787500e+02
3.117500e+02
2.627500e+02
2.662500e+02
314
2.692500e+02
2.512500e+02
247
2.617500e+02
2.887500e+02
2.755000e+02
2.757500e+02
2.742500e+02
2.412500e+02
2.642500e+02
2.502500e+02
227
2.807500e+02
2.515000e+02
2.545000e+02
200
2.515000e+02
2.947500e+02
2.452500e+02
2.502500e+02
2.505000e+02
2.787500e+02
3.025000e+02
252
2.925000e+02
2.372500e+02
2.472500e+02
2.545000e+02
2.752500e+02
265
273
2.535000e+02
302
2.665000e+02
259
2.292500e+02
271
2.717500e+02
2.532500e+02
2.785000e+02
2.682500e+02
2.542500e+02
2.742500e+02
3.112500e+02
3.662500e+02
347
276
3.402500e+02
3.557500e+02
330
3.522500e+02
304
369
3.312500e+02
3.097500e+02
414
368
378
3.787500e+02
3.762500e+02
3.657500e+02
3.672500e+02
3.222500e+02
365
3.547500e+02
3.155000e+02
347
3.402500e+02
3.197500e+02
3.307500e+02
3.162500e+02
3.002500e+02
2.955000e+02
3.192500e+02
2.655000e+02
2.632500e+02
2.602500e+02
3.085000e+02
2.592500e+02
254
2.307500e+02
214
2.642500e+02
3.145000e+02
2.592500e+02
2.082500e+02
2.165000e+02
2.005000e+02
237
2.407500e+02
222
205
220
2.562500e+02
211
2.447500e+02
2.187500e+02
1.795000e+02
2.265000e+02
2.072500e+02
204
1.657500e+02
190
2.042500e+02
2.025000e+02
1.697500e+02
188
1.957500e+02
2.035000e+02
1.882500e+02
1.917500e+02
1.862500e+02
1.735000e+02
1.762500e+02
1.872500e+02
1.857500e+02
1.995000e+02
204
1.735000e+02
1.932500e+02
1.855000e+02
2.272500e+02
160
1.815000e+02
165
2.012500e+02
1.952500e+02
1.925000e+02
171
1.685000e+02
1.892500e+02
2.012500e+02
1.795000e+02
1.655000e+02
1.675000e+02
1.877500e+02
1.672500e+02
1.917500e+02
1.665000e+02
1.632500e+02
1.895000e+02
1.825000e+02
207
132
1.767500e+02
1.937500e+02
2.025000e+02
1.707500e+02
1.615000e+02
149
1.672500e+02
1.622500e+02
199
179
1.575000e+02
1.652500e+02
1.815000e+02
2.007500e+02
1.707500e+02
1.832500e+02
1.767500e+02
163
205
1.625000e+02
185
185
1.887500e+02
145
1.717500e+02
1.387500e+02
1.772500e+02
1.995000e+02
1.625000e+02
173
139
169
149
1.447500e+02
193
1.592500e+02
1.487500e+02
1.582500e+02
1.682500e+02
144
1.287500e+02
1.462500e+02
162
1.227500e+02
1.345000e+02
1.485000e+02
1.347500e+02
141
1.767500e+02
141
1.705000e+02
153
1.927500e+02
148
1.605000e+02
1.717500e+02
1.235000e+02
1.367500e+02
1.562500e+02
1.622500e+02
1.355000e+02
1.805000e+02
1.472500e+02
1.387500e+02
1.327500e+02
1.382500e+02
1.465000e+02
1.327500e+02
1.325000e+02
1.565000e+02
1.172500e+02
1.347500e+02
141
1.507500e+02
1.225000e+02
1.267500e+02
1.505000e+02
1.465000e+02
1.265000e+02
1.465000e+02
1.407500e+02
161
1.425000e+02
140
119
1.472500e+02
114
1.175000e+02
1.182500e+02
1.285000e+02
150
1.387500e+02
156
1.327500e+02
144
1.342500e+02
1.502500e+02
1.342500e+02
1.525000e+02
1.427500e+02
1.565000e+02
99
1.225000e+02
110
1.302500e+02
1.447500e+02
1.412500e+02
1.445000e+02
111
1.302500e+02
1.282500e+02
1.527500e+02
1.182500e+02
152
1.482500e+02
127
1.265000e+02
1.702500e+02
1.122500e+02
1.322500e+02
1.185000e+02
128
124
1.205000e+02
1.305000e+02
1.582500e+02
124
156
140
1.462500e+02
1.362500e+02
1.265000e+02
1.142500e+02
1.365000e+02
1.425000e+02
1.467500e+02
138
1.525000e+02
174
1.447500e+02
124
1.307500e+02
1.287500e+02
181
1.527500e+02
1.425000e+02
1.445000e+02
168
1.385000e+02
162
1.665000e+02
1.365000e+02
144
1.702500e+02
1.442500e+02
1.745000e+02
148
1.582500e+02
1.582500e+02
1.542500e+02
1.742500e+02
1.647500e+02
156
172
1.402500e+02
1.747500e+02
1.282500e+02
1.305000e+02
122
136
176
1.185000e+02
1.762500e+02
1.402500e+02
1.305000e+02
1.807500e+02
1.502500e+02
1.765000e+02
154
1.482500e+02
1.582500e+02
1.482500e+02
1.362500e+02
1.607500e+02
1.382500e+02
1.527500e+02
1.105000e+02
1.162500e+02
1.085000e+02
152
1.102500e+02
1.525000e+02
1.342500e+02
1.242500e+02
134
116
1.142500e+02
1.085000e+02
1.207500e+02
1.122500e+02
9.625000e+01
110
8.425000e+01
8.225000e+01
70
7.425000e+01
1.002500e+02
6.025000e+01
4.425000e+01
5.225000e+01
4.050000e+01
6.225000e+01
6.250000e+01
46
48
50
6.850000e+01
52
46
6.025000e+01
3.825000e+01
3.475000e+01
2.825000e+01
4.425000e+01
3.625000e+01
42
3.025000e+01
36
4.425000e+01
32
3.850000e+01
30
37
36
4.050000e+01
32
3.850000e+01
2.625000e+01
3.650000e+01
2.625000e+01
22
38
3.450000e+01
24
38
4.225000e+01
3.625000e+01
4.425000e+01
40
4.250000e+01
24
1.450000e+01
2.425000e+01
3.050000e+01
20
30
1.225000e+01
2.650000e+01
5.025000e+01
26
3.225000e+01
2.825000e+01
2.025000e+01
24
30
1.625000e+01
36
28
3.225000e+01
2.050000e+01
2.875000e+01
34
26
14
3.025000e+01
24
2.625000e+01
20
19
20
24
22
32
3.225000e+01
3.250000e+01
2.825000e+01
2.025000e+01
2.075000e+01
26
24
1.625000e+01
2.225000e+01
20
8.750000e+00
34
1.025000e+01
42
2.625000e+01
2.850000e+01
22
22
3.275000e+01
32
20
2.425000e+01
32
2.425000e+01
20
30
1.225000e+01
34
1.825000e+01
2.825000e+01
3.025000e+01
18
2.050000e+01
1.825000e+01
2.625000e+01
2.650000e+01
18
30
3.625000e+01
14
2.450000e+01
3.625000e+01
2.425000e+01
4.250000e+01
2.650000e+01
2.625000e+01
3.050000e+01
2.425000e+01
3.225000e+01
36
3.650000e+01
4.250000e+01
40
2.625000e+01
32
22
3.050000e+01
2.825000e+01
32
4.625000e+01
4.225000e+01
3.650000e+01
42
26
42
52
46
3.825000e+01
50
46
58
50
70
34
84
58
72
7.225000e+01
78
50
5.825000e+01
84
7.250000e+01
8.625000e+01
94
104
92
112
1.062500e+02
1.227500e+02
192
1.945000e+02
214
238
274
332
316
420
536
528
554
6.562500e+02
712
706
7.867500e+02
720
756
724
7.282500e+02
6.542500e+02
5.887500e+02
568
488
450
4.322500e+02
294
306
222
204
1.262500e+02
6.425000e+01
82
4.650000e+01
26
22
1.625000e+01
1.825000e+01
2.250000e+01
8
1.250000e+01
6
1.225000e+01
1.225000e+01
8.250000e+00
1.825000e+01
2
1.225000e+01
8
8
4.500000e+00
2.250000e+00
12
6
8
4
2.250000e+00
2.500000e+00
4
6
2
6
6.250000e+00
0
10
4
0
6
8.250000e+00
2.250000e+00
5.000000e-01
2.500000e-01
6
0
4
4
2.250000e+00
2.500000e-01
2
0
2
4
2
2.500000e-01
0
4
4.250000e+00
2.250000e+00
2.500000e-01
2
2.250000e+00
2.500000e-01
4
4.250000e+00
2.500000e-01
2
2.500000e-01
2.500000e+00
2.500000e-01
2.500000e-01
0
2.250000e+00
0
2
2.250000e+00
5.000000e-01
2.250000e+00
4
6
2.500000e-01
2
0
0
2.250000e+00
2.250000e+00
2.500000e-01
0
2.250000e+00
2
0
4.250000e+00
4.250000e+00
2
0
2.250000e+00
2.500000e-01
0
5.000000e-01
2
2
2
4
4
2
4.250000e+00
2.500000e-01
0
0
2
2.500000e+00
2.500000e-01
0
2
2
4
4
2.500000e-01
2.500000e+00
2.750000e+00
0
2
0
2.250000e+00
0
4
2
2.500000e-01
2
2
0
2
2.500000e-01
2.500000e-01
6
0
2.500000e-01
4
4
2.250000e+00
0
5.000000e-01
6
2.500000e-01
0
4
0
0
2.500000e-01
0
4
2.500000e-01
2.500000e-01
2
4
2.500000e-01
0
0
2.500000e-01
2
2.500000e-01
4
2
0
0
0
2
0
0
0
0
0
0
2
2.500000e+00
2.500000e-01
2.250000e+00
2.500000e-01
2.500000e-01
0
2.250000e+00
0
0
0
2.500000e-01
0
0
2.500000e-01
2
0
0
2.500000e-01
0
0
0
2.500000e-01
0
0
2
0
2.500000e+00
0
0
2.500000e-01
0
0
0
2.250000e+00
0
0
0
2.500000e-01
0
2
0
0
5.000000e-01
2.500000e-01
0
2.500000e-01
0
0
2.500000e-01
0
2.500000e-01
2
0
2.500000e-01
2.500000e-01
0
0
2.500000e-01
2
0
2
5.000000e-01
2.250000e+00
0
2.500000e-01
2.250000e+00
0
2.500000e-01
2
0
2.500000e-01
0
0
0
0
2.250000e+00
2.500000e-01
5.000000e-01
0
2
0
2.250000e+00
0
4
0
0
2.500000e-01
2.250000e+00
2
2.250000e+00
2.250000e+00
0
0
0
0
0
2.500000e-01
0
0
0
2
2
0
0
4
2
2.500000e-01
2
0
0
2.500000e-01
2
2.500000e-01
0
0
0
0
2
0
2.500000e-01
0
0
0
2
2.500000e-01
0
0
2.500000e-01
0
0
0
0
0
0
2.250000e+00
2
0
0
0
0
2.500000e-01
2
2.500000e-01
2.500000e-01
0
0
0
0
0
0
2.500000e-01
0
2
0
2.250000e+00
2.500000e-01
0
2
0
2.500000e-01
0
0
0
0
0
0
2.500000e-01
2.500000e-01
0
2.500000e-01
2
0
2.500000e-01
2.500000e-01
0
2
2
0
0
0
2.500000e-01
2.500000e-01
0
2.500000e-01
2.250000e+00
0
0
0
0
2
0
0
0
0
0
0
0
4
0
0
0
0
0
0
0
0
0
2.500000e-01
5.000000e-01
0
0
0
0
2.500000e-01
0
0
2
0
2.500000e-01
0
0
2.500000e-01
0
2.500000e-01
0
0
2
2.500000e-01
0
0
2.500000e-01
0
0
0
0
0
0
0
0
0
0
0
0
0
0
0
0
0
0
2
2.500000e-01
0
0
0
0
0
2.500000e-01
0
2.500000e-01
0
7.500000e-01
2
0
0
0
0
2
2
0
0
0
0
0
0
0
0
0
0
0
2.500000e-01
0
0
0
0
0
0
0
0
2
0
2.500000e-01
0
0
2.500000e-01
0
0
0
0
0
0
0
0
0
0
0
2.500000e-01
0
0
0
0
0
0
0
0
0
0
0
0
0
0
2.500000e-01
0
2.500000e-01
0
2.500000e-01
0
2.500000e-01
2
2.500000e-01
0
0
0
0
0
2.500000e-01
0
0
2
0
2
2
0
0
0
0
0
0
0
0
5.000000e-01
0
0
0
0
0
0
0
0
2
0
2.500000e-01
2
0
0
0
0
0
0
2.500000e-01
0
0
2.500000e-01
0
2
0
0
2
0
2
2.500000e-01
0
0
2.250000e+00
0
0
0
0
0
0
5.000000e-01
0
0
2.500000e-01
0
2
2.500000e-01
0
0
0
0
0
0
0
0
0
5.000000e-01
2
0
0
5.000000e-01
2.500000e+00
0
0
0
5.000000e-01
0
0
0
0
0
2.250000e+00
2
2.500000e-01
0
0
0
0
0
0
0
2
0
0
0
0
0
0
0
2
0
0
0
0
0
0
0
0
0
0
0
2.500000e-01
0
0
0
0
0
0
0
0
0
0
0
0
0
0
0
0
0
0
2.500000e-01
0
0
5.000000e-01
0
0
0
0
0
0
0
0
2
0
2.500000e-01
0
0
0
0
0
0
0
0
0
0
0
0
0
0
0
0
0
0
0
2.500000e-01
0
2
0
0
0
0
0
0
0
0
0
0
0
2
0
0
0
0
0
0
0
0
0
0
0
0
0
0
0
0
2
0
0
2.500000e-01
0
0
0
2.500000e-01
2.500000e-01
0
0
0
0
0
0
0
0
0
2
0
2.500000e-01
0
0
0
0
0
0
0
0
0
0
0
0
2.500000e-01
0
0
0
0
0
0
0
2.500000e-01
0
2
0
0
0
0
0
0
0
0
0
2
0
0
0
2.500000e-01
0
0
0
0
0
0
0
0
0
2
0
0
0
0
0
0
0
0
2.500000e-01
0
0
0
0
0
0
0
0
2.500000e-01
0
0
2.500000e-01
0
0
0
2.500000e-01
0
2.500000e-01
0
0
2.500000e-01
0
0
2
2.500000e-01
0
0
0
0
0
0
0
0
2.500000e-01
0
0
0
0
0
0
0
0
0
0
0
0
0
0
0
0
0
0
0
0
0
0
0
0
0
0
0
0
0
0
0
0
0
0
0
0
0
0
0
0
0
0
0
2.500000e-01
0
0
0
0
0
0
0
2.500000e-01
0
0
2
0
0
0
0
0
0
0
0
0
0
0
0
0
0
0
0
0
0
0
0
0
2.500000e-01
0
0
0
2.500000e-01
0
0
0
0
2
0
0
0
0
0
0
0
0
0
0
0
2
0
0
0
0
0
0
0
0
0
0
0
0
0
0
0
0
0
0
2.500000e-01
0
0
0
2.500000e-01
0
0
2.500000e-01
0
0
0
0
0
0
0
0
0
0
0
0
0
0
0
2.500000e-01
0
0
0
0
0
0
2.500000e-01
0
0
0
0
0
0
0
0
0
0
0
0
0
0
0
0
0
0
2.500000e-01
0
0
0
0
0
0
0
0
0
0
0
0
0
2
0
0
0
0
0
0
0
0
0
0
0
0
0
0
0
0
2.500000e-01
0
0
0
0
0
0
0
0
0
0
0
0
0
0
0
0
0
0
0
0
0
0
0
0
0
0
0
0
2
0
0
0
0
0
0
0
0
0
0
0
0
0
0
0
0
0
0
0
0
0
0
0
0
0
0
0
0
0
0
0
0
0
0
0
0
0
0
0
0
0
0
0
0
0
0
0
0
0
0
0
0
0
0
0
0
0
0
0
0
0
0
0
2.500000e-01
0
0
0
0
0
0
0
0
0
0
0
0
0
0
0
0
2.500000e-01
0
0
0
0
0
0
0
0
0
0
0
0
0
0
0
0
0
0
0
0
0
0
0
0
0
0
0
0
0
0
0
0
0
0
0
0
0
0
2.500000e-01
0
0
0
0
0
0
0
0
0
2.500000e-01
0
0
0
0
0
0
0
0
0
0
0
0
0
0
0
0
0
0
2.500000e-01
0
0
0
0
2.500000e-01
0
0
0
0
0
0
0
0
0
0
0
0
0
0
0
0
0
0
0
0
0
0
0
0
0
0
0
0
0
0
0
0
0
0
0
0
0
0
0
0
0
0
0
0
0
0
0
0
0
0
0
0
0
0
0
0
0
0
0
0
0
0
0
0
0
0
0
0
0
0
0
0
0
0
0
0
0
0
0
0
0
0
0
0
0
0
0
0
0
0
0
0
0
0
0
0
0
0
0
0
0
0
0
0
0
0
0
0
0
0
2
0
0
0
0
0
0
0
0
0
0
0
0
0
0
0
0
0
0
0
0
0
0
0
0
0
0
0
0
0
0
0
0
0
0
0
0
0
0
0
0
0
0
0
0
0
0
0
0
0
0
0
0
0
0
0
0
0
0
0
0
0
0
0
0
0
0
0
0
0
0
0
0
0
0
0
0
0
0
0
0
0
2.500000e-01
0
0
0
0
0
0
0
0
0
0
0
0
0
0
0
0
0
0
0
0
0
0
0
0
0
0
0
0
0
0
0
0
0
2
0
0
0
0
0
0
0
0
0
0
2.500000e-01
0
0
0
0
0
0
0
0
0
0
0
0
2.500000e-01
0
0
0
0
0
0
0
0
0
0
0
0
0
0
0
0
0
0
0
0
0
0
0
0
0
0
0
0
0
0
0
0
0
0
0
0
0
0
0
0
0
0
0
0
0
0
0
0
0
0
0
0
0
0
0
0
0
0
0
0
0
0
0
2.500000e-01
0
0
0
0
0
0
0
0
0
0
0
0
0
0
0
0
0
0
0
0
0
0
0
0
0
0
0
0
2.500000e-01
0
0
0
0
0
0
0
0
0
0
0
0
0
0
0
0
0
0
0
0
0
0
0
0
0
0
0
0
0
0
0
0
0
0
2.500000e-01
0
0
0
0
0
0
0
0
0
0
2.500000e-01
0
0
0
0
0
0
0
0
0
0
2
0
0
0
0
0
0
0
0
2.500000e-01
0
0
0
0
0
0
0
0
0
0
2
2.500000e-01
0
0
0
0
0
0
0
0
0
0
0
0
0
0
0
0
0
0
0
0
0
0
0
0
0
0
0
0
0
0
0
0
0
0
0
0
0
0
0
0
0
0
0
0
0
0
0
0
0
0
0
0
0
0
0
0
0
0
2.250000e+00
0
0
0
0
0
2.500000e-01
0
0
0
0
0
0
0
0
0
0
0
2.500000e-01
0
0
0
0
2.500000e-01
0
0
0
0
0
0
0
0
0
0
0
0
0
0
0
0
0
0
0
0
0
0
0
0
0
0
0
0
0
0
0
0
0
0
0
0
0
0
0
0
0
0
0
0
0
0
0
0
0
0
0
0
0
0
0
0
0
0
0
0
0
0
0
0
0
0
2.500000e-01
0
0
0
0
0
0
0
0
0
0
0
0
0
0
0
0
0
0
0
0
0
0
0
0
0
0
0
0
0
0
0
0
0
0
0
0
0
0
0
0
2.500000e-01
0
0
0
0
0
0
0
0
0
0
0
0
0
0
0
0
0
0
0
0
0
0
0
0
0
0
0
0
0
0
0
0
0
0
0
0
0
0
0
0
2.500000e-01
0
0
0
0
0
2.500000e-01
0
0
0
0
0
0
0
0
0
0
0
0
0
0
0
0
0
0
0
0
0
0
0
0
0
0
0
0
0
0
0
0
0
0
0
0
0
0
0
0
0
0
0
0
0
0
0
0
0
0
0
0
0
0
0
0
0
0
0
0
0
0
0
0
0
0
0
0
0
0
0
2.500000e-01
2.500000e-01
0
0
0
0
0
0
0
0
0
0
0
0
0
0
2.500000e-01
0
0
0
0
0
0
0
0
0
0
0
0
0
0
0
0
0
0
0
0
0
0
0
0
0
0
0
0
0
0
0
0
0
0
0
2.500000e-01
0
0
0
0
0
0
0
0
0
0
0
0
0
0
0
0
0
0
0
0
0
0
2.500000e-01
0
0
0
0
0
0
0
0
0
2.500000e-01
0
0
0
0
0
0
0
0
0
0
0
0
0
0
0
0
0
0
0
0
0
0
0
0
0
0
0
0
0
0
0
0
0
0
0
0
0
0
0
0
0
0
0
0
0
0
0
0
0
0
0
0
0
0
0
0
0
0
0
0
0
0
0
0
0
0
0
0
0
0
0
0
0
0
0
0
0
0
0
0
0
0
0
0
0
0
0
0
0
0
0
0
0
0
0
0
0
0
0
0
0
0
0
0
0
0
0
0
0
0
0
0
0
0
0
0
0
0
0
0
0
0
0
0
0
0
0
0
0
0
0
0
0
0
0
0
0
0
0
0
0
0
0
0
0
0
0
0
0
0
0
0
0
0
0
2.500000e-01
0
0
0
0
0
0
0
0
0
0
0
0
0
0
0
0
0
0
0
0
0
0
0
0
0
0
0
0
0
2.500000e-01
0
0
0
0
0
0
0
0
0
0
0
0
0
0
0
0
0
0
0
0
0
0
0
0
0
0
0
0
0
0
0
0
0
0
0
0
0
0
0
0
0
0
0
0
0
0
0
0
0
0
0
0
0
0
0
0
0
0
0
0
0
0
0
0
0
0
0
0
0
0
0
0
0
0
0
0
0
0
0
0
0
0
0
0
0
0
0
0
0
0
0
0
0
0
0
0
0
0
0
0
0
0
0
0
0
0
0
0
0
0
0
0
0
0
0
0
0
0
0
0
0
0
0
0
0
0
0
0
0
0
0
0
0
0
0
0
0
0
0
0
0
0
0
0
0
0
0
0
0
0
0
0
0
0
0
0
0
0
0
0
0
0
0
0
0
0
0
0
0
0
0
0
0
0
0
0
0
0
0
0
0
0
0
0
0
0
0
0
0
0
0
0
0
0
0
0
0
0
0
0
0
0
0
0
0
0
0
0
0
0
0
0
0
0
0
0
0
0
0
0
0
0
0
0
0
0
0
0
0
0
0
0
0
0
0
0
0
0
0
0
0
0
0
0
0
0
0
0
0
0
0
0
0
0
0
0
0
0
0
0
0
0
0
0
0
0
0
0
0
0
0
0
0
0
0
0
0
0
0
0
0
0
0
0
0
0
0
0
0
0
0
0
0
0
0
0
0
0
0
0
0
0
0
0
0
0
0
0
0
0
0
0
0
0
0
0
0
0
0
0
0
0
0
0
0
0
0
0
0
0
0
0
0
0
0
0
0
0
0
0
0
0
0
0
0
0
0
0
0
0
0
0
0
0
0
0
0
0
0
0
0
0
0
0
0
0
0
0
0
0
0
0
0
0
0
0
0
0
0
0
2.500000e-01
0
0
0
0
0
0
0
0
0
0
0
0
0
0
0
0
0
0
0
0
0
0
0
0
0
0
0
0
0
0
0
0
0
0
0
0
0
0
0
0
0
0
0
0
0
0
0
0
0
0
0
0
0
0
0
0
0
0
0
0
0
0
0
0
0
0
0
0
0
0
0
0
0
0
0
0
0
0
0
0
0
0
0
0
0
0
0
0
0
0
0
0
0
0
0
0
2.500000e-01
0
0
0
0
0
0
0
0
0
0
0
0
0
0
0
0
0
0
0
0
0
0
0
0
0
0
0
0
0
0
0
0
0
0
0
0
0
0
0
0
0
0
0
0
0
0
0
0
0
0
0
0
0
0
0
0
0
0
0
0
0
0
0
0
0
0
0
0
0
0
0
0
0
0
0
0
0
0
0
0
0
0
0
0
0
0
0
0
0
0
0
0
0
0
0
0
0
0
0
0
0
0
0
0
0
0
0
0
0
0
0
0
0
0
0
0
0
0
0
0
0
0
0
0
0
0
0
0
0
0
0
0
0
0
0
0
0
0
0
0
0
0
0
0
0
0
0
0
0
0
0
0
0
0
0
0
0
0
0
0
0
0
0
0
0
0
0
0
0
0
0
0
0
0
0
0
0
0
2.500000e-01
0
0
0
0
0
0
0
0
0
0
0
0
0
0
0
0
0
0
0
0
0
0
0
0
0
0
0
0
0
0
0
0
0
0
0
0
0
0
0
0
0
0
0
0
0
0
0
0
0
0
0
0
0
0
0
0
0
0
0
0
0
0
0
0
0
0
0
0
0
0
0
0
0
0
0
0
0
0
0
0
0
0
0
0
0
0
0
0
0
0
0
0
0
0
0
0
0
0
0
0
0
0
0
0
0
0
0
0
0
0
0
0
0
0
0
0
0
0
0
0
0
0
0
0
0
0
0
0
0
0
0
0
0
0
0
0
0
0
0
0
0
0
0
0
0
0
0
0
0
0
0
0
0
0
0
0
0
0
0
0
0
0
0
0
0
0
0
0
0
0
0
0
0
0
0
0
0
0
0
0
0
0
0
0
0
0
0
2.500000e-01
0
2.750000e+00
3.750000e+00
4
1.425000e+01
5.500000e+00
0
0
0
0
0
0
0
0
0
0
0
0
0
0
0
0
0
0
0
0
0
0
0
0
0
0
0
0
0
0
0
0
0
0
0
0
0
0
0
0
0
0
0
0
0
0
0
0
0
0
0
0
0
0
0
0
0
0
0
0
0
0
0
0
0
0
0
0
0
0
0
0
0
0
0
0
0
0
0
0
0
0
0
0
0
0
0
0
0
0
0
0
0
0
0
0
0
0
0
0
0
0
0
0
0
0
0
0
0
0
0
0
0
0
0
0
0
0
0
0
0
0
0
0
0
0
0
0
0
0
0
0
0
0
0
0
0
0
0
0
0
0
0
0
0
0
0
0
0
0
0
0
0
0
0
0
0
0
0
0
0
0
0
0
0
0
0
0
0
0
0
0
0
0
0
0
0
0
0
0
0
0
0
0
0
0
0
0
0
0
0
0
0
0
0
0
0
0
0
0
0
0
0
0
0
0
0
0
0
0
0
0
0
0
0
0
0
0
0
0
0
0
0
0
0
0
0
0
0
0
0
0
0
0
0
0
0
0
0
0
0
0
0
0
0
0
0
0
0
0
0
0
0
0
0
0
0
0
0
0
0
0
0
0
0
0
0
0
0
0
0
0
0
0
0
0
0
0
0
0
0
0
0
0
0
0
0
0
0
0
0
0
0
0
0
0
0
0
0
0
0
0
0
0
0
0
0
0
0
0
0
0
0
0
0
0
0
0
0
0
0
0
0
0
0
0
0
0
0
0
0
0
0
0
0
0
0
0
0
0
0
0
0
0
0
0
0
0
0
0
0
0
0
0
0
0
0
