71
4
9
5
6
3
6
8
8
7
17
14
16
10
9
9
20
8
18
12
16
18
24
20
19
8
18
21
15
21
27
18
24
18
25
21
21
10
20
17
22
17
16
11
22
16
9
11
19
14
13
17
17
14
28
18
23
24
27
18
18
20
21
23
30
23
32
44
32
36
30
46
40
40
33
43
55
55
46
42
52
76
54
67
64
64
65
78
55
90
102
91
94
104
121
106
125
144
109
136
106
139
146
152
183
183
171
186
217
211
218
243
237
272
259
256
316
273
344
330
295
361
354
383
385
404
422
453
393
483
472
478
463
517
463
577
547
538
551
575
570
621
600
650
589
648
677
650
688
627
661
714
707
688
737
701
777
784
782
769
789
817
834
851
858
865
894
911
948
1046
1042
1021
1059
1084
1095
1072
1103
1217
1204
1197
1246
1257
1355
1380
1374
1426
1519
1453
1489
1567
1642
1658
1730
1717
1829
1790
1941
2010
1990
2049
2110
2169
2221
2245
2300
2358
2410
2537
2498
2627
2679
2643
2633
2775
2884
2914
2917
2996
3085
3106
3274
3373
3219
3514
3377
3545
3674
3508
3660
3621
3740
3919
3869
3954
4215
4099
4184
4344
4338
4318
4401
4429
4578
4616
4798
4735
4789
4885
4945
4969
5145
5262
5055
5235
5232
5248
5221
5597
5498
5568
5515
5630
5832
5879
5750
5925
6157
5918
6009
6178
6192
6218
6106
6433
6405
6618
6522
6649
6581
6744
6743
6761
6933
7111
6886
6972
7138
7045
7044
7155
7206
7192
7351
7252
7381
7305
7348
7450
7419
7649
7499
7646
7804
7793
7745
7906
7836
7957
7913
7866
8019
7912
7883
8125
8018
8308
7971
8147
8178
8026
8080
8295
8331
8314
8124
8434
8365
8186
8374
8349
8286
8545
8294
8345
8422
8431
8181
8471
8455
8590
8513
8389
8542
8619
8506
8559
8446
8607
8619
8648
8627
8551
8573
8779
8601
8536
8574
8705
8847
8720
8839
8823
8634
8802
8580
8789
8891
8768
8668
8707
8710
8917
8497
8714
8785
8691
8851
8853
8749
8789
8845
8700
8776
8866
8776
8857
8919
8851
8696
8687
9129
8689
8927
8916
8950
9078
8971
8913
9039
8940
8884
8997
9024
9076
8985
9193
8971
9317
9057
9190
8808
9076
9074
9099
8935
9127
9157
9082
9196
9029
9182
9309
9284
9355
9218
9330
9164
9370
9231
9133
9462
9273
9303
9269
9364
9534
9444
9301
9570
9342
9250
9589
9510
9485
9469
9545
9505
9531
9426
9559
9564
9512
9665
9550
9532
9402
9580
9835
9688
9754
9423
9554
9767
9714
9534
9926
9774
9954
9614
9812
9815
9764
9639
9921
9926
10035
9857
9740
9789
9818
9793
9897
10028
9863
9895
9948
9971
9804
9894
10114
9858
10052
10036
9929
10066
10006
9998
10213
10151
9920
9998
9935
10064
10145
10137
9981
10009
10236
10082
10188
10093
10036
9993
10334
10115
9954
10014
9962
10245
10077
10307
10287
10032
10065
10153
10142
10331
10173
9927
10201
10393
10000
10279
10219
10096
10330
9882
9906
10080
10052
10012
10165
9993
9955
9875
10050
9868
10120
9817
10146
10177
10055
10153
10044
10158
9944
9960
10119
9862
9941
9941
9762
10263
9869
9869
9953
9947
9867
9795
9777
9763
9760
9795
9911
9408
9646
9503
9884
9761
9849
9672
9549
9806
9777
9573
9736
9602
9606
9476
9677
9421
9597
9322
9439
9486
9488
9504
9524
9437
9400
9373
9384
9471
9384
9357
9480
9309
9307
9098
9271
9188
9158
9125
9090
9272
8846
8953
9177
9019
9163
8944
8971
8990
8944
8986
8804
9096
9056
8875
8884
8886
8726
8764
8931
8865
8718
8643
8778
8762
8760
8493
8768
8603
8642
8493
8503
8502
8509
8355
8381
8532
8380
8423
8308
8268
8455
8343
8389
8310
8463
8223
8341
8207
8225
8265
8140
8219
8210
8076
8210
8032
8070
7965
8070
8011
8052
7788
7927
8037
7855
7913
7880
7930
7922
7811
8011
7682
7854
7744
7939
7821
7814
7686
7791
7673
7741
7678
7704
7716
7549
7733
7607
7851
7646
7689
7604
7490
7677
7649
7471
7460
7389
7516
7352
7334
7420
7412
7524
7385
7500
7198
7339
7410
7345
7237
7447
7256
7293
7150
7189
7323
7240
7175
7276
7230
7368
7066
7340
7180
7234
7082
7045
7236
7079
7185
7171
7005
7039
6796
6967
7085
7125
6828
6797
6883
7126
6955
6883
6829
7047
6857
6903
6969
6848
6902
6999
6761
6953
6683
6886
6798
6656
6786
6811
6663
6838
6701
6703
6536
6732
6726
6682
6831
6690
6539
6628
6649
6522
6469
6639
6585
6530
6595
6722
6497
6645
6292
6360
6431
6500
6443
6444
6518
6641
6534
6541
6500
6485
6343
6367
6319
6459
6282
6514
6305
6319
6468
6343
6376
6371
6203
6266
6263
6378
6140
6307
6270
6241
6229
6182
6259
6322
6272
6267
6277
6291
6114
6234
6241
6210
6061
6324
6097
6259
6060
6248
6119
6167
5831
6068
6016
6041
6112
6106
6014
6004
6081
6097
5888
6073
5976
6011
5953
5966
5994
5967
6065
5928
5899
5942
5848
6006
6000
5988
5798
5968
5858
5911
5899
5975
5734
5829
5799
5796
5824
5783
5896
5871
5783
5845
5769
5797
5667
5953
5785
5769
5750
5677
5800
5717
5859
5759
5717
5873
5702
5561
5590
5782
5630
5794
5569
5697
5557
5678
5763
5596
5565
5671
5529
5670
5707
5565
5730
5649
5659
5626
5504
5671
5546
5662
5756
5581
5685
5540
5472
5683
5642
5599
5494
5413
5535
5552
5616
5647
5357
5516
5582
5445
5502
5448
5599
5364
5380
5477
5491
5487
5453
5297
5537
5379
5336
5405
5441
5386
5346
5581
5384
5369
5410
5321
5341
5296
5283
5361
5320
5285
5184
5378
5440
5363
5345
5435
5322
5245
5274
5199
5359
5427
5376
5267
5379
5241
5282
5133
5258
5207
5180
5315
5253
5363
5280
5285
5251
5135
5326
5227
5301
5215
5055
5385
5337
5260
5180
5205
5263
5167
5165
5192
5241
5218
5198
5161
5289
5060
5134
5072
5221
5201
5059
5167
5114
5205
5055
5121
5232
5007
5146
5162
5043
5190
5090
5162
5118
5189
4962
5067
5057
5046
5060
5198
5131
5066
4952
5008
5068
5052
5013
5092
5047
5078
4972
5110
5052
5079
4972
5085
5069
5171
5010
5014
4941
5014
4943
5102
4976
4917
4858
5065
4931
5061
4802
4909
4962
4946
4995
4886
4936
4950
5066
4935
4911
4954
4942
5054
4623
4967
4749
4945
4999
4832
4846
4982
4853
5007
4844
5020
5055
4775
4694
4975
4869
4987
5062
4939
4997
4905
4998
4824
4884
4781
4909
4830
4911
4757
4710
4959
4868
4927
4809
4953
5001
4972
4789
4959
4821
4923
4851
4777
4889
4845
4879
5016
4768
4919
4746
4826
4895
4837
4868
4814
4851
4863
4807
4768
4820
4759
4743
4830
4761
4771
4807
4800
4818
4897
4789
4818
4835
4798
4689
4828
4840
4730
4752
4804
4729
4805
4709
4825
4700
4706
4740
4770
4736
4848
4698
4884
4806
4665
4652
4721
4677
4814
4600
4762
4742
4756
4625
4833
4669
4756
4805
4691
4634
4733
4732
4593
4788
4734
4517
4759
4630
4716
4641
4786
4595
4776
4628
4663
4784
4752
4742
4664
4764
4652
4625
4652
4671
4667
4639
4708
4641
4777
4510
4686
4543
4627
4606
4650
4517
4748
4655
4772
4658
4606
4750
4552
4672
4621
4643
4581
4595
4636
4675
4701
4693
4633
4638
4677
4703
4631
4539
4652
4507
4615
4690
4535
4686
4593
4509
4699
4671
4720
4586
4578
4606
4643
4617
4475
4854
4656
4490
4501
4668
4488
4469
4668
4624
4562
4480
4595
4569
4581
4508
4637
4671
4706
4431
4692
4446
4700
4626
4539
4515
4491
4485
4532
4694
4599
4493
4559
4639
4473
4614
4571
4619
4539
4616
4404
4603
4632
4540
4570
4521
4555
4543
4557
4538
4482
4554
4721
4402
4637
4473
4476
4399
4425
4553
4565
4457
4474
4472
4415
4582
4510
4370
4547
4440
4509
4488
4435
4512
4429
4544
4436
4385
4563
4401
4519
4487
4550
4374
4476
4343
4530
4479
4397
4453
4513
4442
4506
4465
4584
4491
4289
4428
4368
4461
4492
4466
4479
4371
4368
4479
4327
4357
4584
4451
4513
4393
4335
4485
4468
4503
4530
4367
4391
4480
4316
4446
4255
4465
4432
4431
4520
4302
4444
4586
4466
4473
4362
4413
4614
4460
4513
4407
4495
4347
4449
4477
4605
4402
4489
4447
4364
4411
4487
4458
4472
4401
4324
4431
4377
4358
4466
4292
4413
4263
4355
4393
4371
4292
4422
4472
4326
4433
4505
4346
4331
4485
4451
4449
4480
4428
4223
4436
4329
4396
4449
4247
4432
4321
4373
4307
4256
4308
4424
4466
4471
4310
4331
4306
4359
4333
4286
4384
4292
4410
4363
4414
4401
4265
4377
4387
4386
4440
4302
4440
4334
4328
4457
4389
4472
4299
4312
4529
4399
4358
4351
4360
4372
4310
4491
4281
4282
4274
4411
4335
4356
4321
4477
4392
4365
4432
4350
4289
4443
4273
4323
4474
4249
4348
4384
4261
4361
4291
4392
4344
4498
4327
4251
4303
4210
4315
4388
4371
4475
4342
4418
4496
4339
4403
4332
4334
4432
4362
4402
4347
4332
4385
4364
4347
4328
4317
4290
4285
4298
4271
4239
4391
4271
4233
4289
4328
4344
4291
4365
4305
4386
4342
4351
4388
4323
4317
4282
4299
4392
4296
4360
4410
4462
4208
4267
4418
4329
4324
4361
4194
4434
4365
4482
4373
4374
4447
4252
4359
4401
4382
4483
4305
4323
4248
4583
4375
4418
4341
4339
4379
4415
4336
4395
4299
4394
4293
4325
4244
4380
4347
4380
4408
4348
4325
4408
4310
4370
4295
4261
4366
4319
4339
4376
4324
4421
4286
4357
4262
4403
4346
4280
4357
4323
4337
4414
4328
4331
4278
4399
4314
4343
4347
4406
4253
4377
4250
4389
4453
4309
4188
4335
4410
4301
4172
4384
4164
4342
4178
4396
4305
4408
4244
4380
4330
4347
4234
4246
4339
4365
4328
4341
4284
4446
4321
4392
4381
4385
4303
4368
4272
4331
4278
4318
4427
4388
4360
4382
4344
4423
4322
4352
4286
4391
4251
4318
4378
4425
4342
4370
4399
4307
4312
4346
4310
4406
4324
4305
4330
4317
4330
4231
4299
4222
4406
4433
4328
4373
4389
4291
4299
4326
4446
4461
4358
4320
4379
4447
4281
4325
4378
4305
4297
4379
4257
4346
4479
4404
4275
4310
4416
4358
4424
4498
4378
4361
4364
4363
4437
4447
4335
4383
4350
4308
4372
4359
4339
4375
4347
4269
4474
4306
4438
4433
4467
4306
4301
4406
4360
4424
4435
4484
4474
4371
4332
4413
4185
4325
4257
4445
4382
4426
4229
4492
4264
4363
4345
4489
4420
4390
4360
4355
4374
4436
4308
4477
4307
4360
4473
4350
4372
4554
4359
4422
4459
4359
4322
4198
4451
4371
4317
4298
4379
4384
4365
4412
4462
4359
4274
4378
4512
4396
4307
4446
4373
4501
4300
4554
4390
4370
4319
4361
4505
4298
4324
4427
4457
4397
4476
4495
4585
4496
4402
4434
4389
4348
4491
4510
4530
4402
4480
4468
4514
4424
4363
4508
4370
4437
4353
4461
4500
4404
4367
4297
4372
4472
4338
4614
4342
4346
4481
4459
4429
4466
4368
4497
4246
4370
4413
4390
4468
4518
4411
4404
4511
4553
4518
4422
4449
4484
4449
4400
4445
4431
4532
4526
4492
4534
4431
4401
4452
4368
4535
4371
4431
4410
4522
4544
4384
4612
4479
4517
4446
4554
4466
4656
4510
4507
4547
4615
4394
4516
4446
4701
4596
4411
4534
4486
4509
4600
4477
4550
4617
4652
4528
4544
4545
4474
4502
4571
4537
4662
4466
4624
4512
4578
4505
4602
4526
4549
4638
4598
4584
4705
4631
4586
4659
4610
4622
4581
4624
4576
4671
4560
4475
4585
4436
4631
4672
4572
4520
4527
4580
4536
4569
4590
4680
4660
4578
4576
4654
4573
4546
4588
4592
4450
4504
4605
4638
4637
4568
4611
4666
4543
4544
4575
4759
4556
4650
4651
4692
4723
4567
4634
4715
4680
4625
4700
4776
4606
4685
4563
4554
4504
4545
4693
4625
4670
4569
4632
4677
4668
4630
4787
4562
4769
4716
4556
4823
4639
4580
4657
4648
4627
4722
4658
4730
4741
4619
4794
4742
4762
4733
4763
4597
4633
4599
4851
4617
4867
4627
4758
4716
4709
4599
4698
4663
4742
4502
4808
4743
4744
4826
4823
4757
4746
4785
4799
4798
4799
4749
4801
4778
4782
4742
4843
4765
4712
4802
4834
4865
4852
4723
4729
4800
4873
4685
4894
4754
4827
4850
4695
4934
4745
4758
4748
4802
4848
4734
4896
4864
4765
4883
4833
4758
4727
4829
4911
4796
4957
4764
4879
4792
4917
4843
4824
4891
4751
4920
4876
4733
4913
4684
4797
5003
4812
4816
4941
4834
4885
4851
4910
4865
4827
4865
4937
4784
4965
4791
4891
4859
4824
4847
5105
4915
4872
4941
4876
4900
4904
4928
5030
4776
4943
4997
5009
4873
4964
4869
4985
4830
4906
4886
4830
4957
5004
4799
4931
5032
4715
4891
4898
5000
4923
4925
4920
4897
4896
5035
4977
5083
4857
5037
4976
4871
4913
4953
4975
4839
4934
4934
5050
4920
4966
5092
4958
4988
5041
4983
4977
5072
4999
4973
4988
5005
4861
4954
5060
4828
5015
4943
5043
5138
4777
4980
5061
5084
5004
4970
5035
5084
4904
4862
4977
4941
4999
4928
4925
4994
5145
4862
4972
4934
4988
5004
4966
4945
4991
4929
5033
4894
5028
4723
4919
4962
4992
5033
5025
4864
4925
4888
4946
4977
5034
4893
5091
4925
5109
5025
5004
5079
4888
5017
5023
4920
4927
4869
4923
5038
4897
5033
5028
4836
4971
5026
4979
4964
4920
4908
4899
4990
4868
4998
4973
4995
4775
5009
5031
4873
4948
4853
4936
4841
5011
4766
4872
4861
4849
4977
4969
4997
4922
4915
4852
4830
4881
4826
4917
4877
4800
4767
4934
4915
4839
4806
4970
4780
4875
4815
4866
4945
4778
4829
4804
4849
4809
4686
4949
4804
4845
4809
4799
4720
4905
4690
4916
4741
4676
4664
4847
4676
4830
4679
4688
4949
4624
4749
4810
4758
4800
4519
4698
4742
4649
4664
4728
4595
4711
4710
4692
4737
4684
4753
4675
4740
4700
4552
4525
4590
4655
4565
4699
4635
4702
4455
4610
4491
4669
4438
4628
4473
4547
4642
4539
4545
4541
4449
4520
4462
4490
4470
4482
4418
4367
4492
4490
4543
4407
4338
4368
4405
4480
4368
4376
4318
4380
4297
4357
4439
4200
4334
4425
4200
4365
4284
4232
4196
4250
4146
4295
4278
4310
4188
4359
4258
4304
4202
4309
4209
4201
4101
4156
4165
4075
4109
4270
4048
4235
4068
4089
4165
4092
4145
4287
4031
4108
3940
4096
4082
4018
4065
4079
3958
4107
3914
3886
4049
4001
4029
4088
3961
3950
3918
3931
4074
4041
3815
3856
3930
3937
3866
4041
3912
3975
3877
3817
3889
3949
3875
3851
3862
3983
3742
3875
3861
3887
3875
3748
3895
3860
3719
3755
3726
3832
3793
3762
3778
3750
3759
3785
3638
3828
3886
3716
3850
3630
3736
3688
3668
3690
3639
3598
3738
3642
3659
3744
3594
3687
3616
3693
3639
3653
3621
3517
3623
3580
3554
3498
3581
3773
3670
3594
3611
3636
3502
3541
3614
3420
3563
3559
3459
3555
3641
3536
3539
3522
3484
3605
3556
3491
3532
3504
3466
3477
3396
3503
3526
3456
3442
3374
3464
3538
3526
3544
3418
3420
3412
3458
3493
3426
3375
3357
3341
3453
3427
3460
3441
3466
3431
3423
3419
3481
3337
3488
3412
3391
3341
3440
3434
3367
3292
3344
3337
3444
3363
3406
3339
3362
3230
3398
3342
3413
3374
3293
3321
3330
3243
3369
3347
3505
3224
3375
3328
3352
3288
3300
3248
3396
3228
3286
3315
3332
3238
3281
3352
3287
3250
3404
3310
3289
3140
3346
3255
3290
3225
3250
3254
3335
3221
3319
3229
3178
3194
3264
3294
3212
3169
3301
3259
3264
3208
3261
3115
3133
3115
3283
3133
3210
3160
3314
3217
3244
3224
3257
3200
3153
3231
3231
3205
3163
3212
3290
3237
3178
3131
3216
3145
3244
3264
3151
3078
3172
3076
3233
3235
3207
3245
3160
3063
3229
3181
3216
3224
3168
3017
3198
3065
3250
3136
3090
3169
3096
3192
3120
3088
3186
3130
3216
3167
3253
3167
3304
3192
3152
3171
3249
3114
3207
3248
3211
3162
3193
3262
3227
3222
3154
3231
3261
3149
3261
3211
3176
3208
3171
3270
3290
3268
3227
3241
3325
3223
3282
3265
3253
3221
3341
3237
3309
3239
3309
3352
3267
3403
3332
3234
3379
3398
3377
3328
3397
3384
3425
3370
3457
3548
3390
3309
3574
3426
3480
3466
3379
3534
3550
3407
3528
3460
3566
3434
3646
3543
3560
3535
3665
3544
3679
3669
3670
3672
3717
3609
3674
3671
3753
3784
3778
3724
3747
3758
3899
3888
3945
3875
3915
3910
3846
3851
4146
3995
4049
4017
4168
3992
4184
4062
4156
4240
4146
4143
4261
4096
4285
4183
4343
4384
4318
4393
4391
4493
4544
4454
4389
4495
4578
4433
4711
4523
4743
4706
4716
4625
4917
4897
4829
4816
4852
4973
4962
4887
5004
4954
5190
4881
4960
5089
5141
5287
5395
5121
5414
5363
5421
5307
5392
5416
5535
5422
5630
5608
5612
5684
5665
5783
5727
5755
5912
5788
5946
5843
5997
5929
5969
6051
5861
6067
6120
6212
6149
6214
6218
6124
6296
6235
6329
6322
6456
6516
6484
6463
6730
6616
6487
6724
6921
6691
6663
6682
6789
6884
6838
6801
7094
6871
7168
6800
7297
6995
7170
7316
7368
7136
7189
7215
7103
7342
7278
7183
7311
7511
7273
7445
7536
7334
7610
7369
7594
7543
7568
7388
7463
7463
7642
7560
7829
7433
7744
7552
7685
7642
7694
7621
7582
7670
7894
7481
7891
7692
7883
7665
7749
7663
7867
7651
7744
7887
7729
7551
7694
7802
7763
7693
7773
7799
7602
7616
7923
7702
7828
7598
7697
7731
7650
7529
7895
7658
7747
7644
7554
7578
7482
7517
7552
7617
7465
7452
7428
7319
7450
7286
7403
7447
7157
7107
7303
7393
7187
7015
7323
7074
7095
7018
7201
6913
7021
7002
7087
6884
6943
6685
6822
6840
6781
6610
6680
6732
6473
6560
6619
6356
6341
6410
6339
6338
6241
6285
6177
6197
6034
5996
6118
6050
6008
5854
5691
5825
5894
5865
5848
5686
5534
5656
5398
5488
5385
5453
5377
5447
5426
5334
5248
5292
5107
4881
4981
5088
4887
4892
4833
4865
4662
4707
4704
4491
4724
4468
4691
4567
4546
4415
4525
4249
4403
4036
4115
4194
4203
4028
4086
4048
4027
3889
3927
3880
3834
3886
3861
3725
3605
3519
3494
3656
3551
3519
3476
3476
3489
3284
3396
3349
3227
3244
3291
3182
3257
3091
3125
3019
3024
3059
3027
3037
3013
2911
2871
2921
2871
2868
2823
2821
2774
2727
2773
2788
2679
2731
2803
2693
2718
2603
2549
2579
2591
2612
2552
2563
2579
2551
2600
2445
2580
2528
2462
2494
2476
2481
2480
2385
2417
2497
2494
2437
2475
2453
2360
2388
2482
2412
2446
2511
2472
2402
2459
2401
2397
2420
2515
2422
2414
2480
2501
2426
2435
2538
2488
2505
2520
2661
2484
2642
2584
2502
2589
2709
2589
2552
2610
2628
2623
2643
2695
2662
2735
2615
2634
2758
2821
2803
2903
2797
2831
2830
2939
2943
2951
2954
2969
3003
3083
3016
2920
3099
3140
3084
3187
3194
3092
3214
3211
3342
3231
3330
3282
3372
3394
3430
3382
3393
3466
3462
3430
3586
3688
3631
3627
3742
3737
3712
3826
3776
3837
3766
3851
3860
3998
3922
4033
4049
4231
4061
4106
4197
4105
4079
4305
4205
4393
4089
4406
4523
4408
4331
4503
4502
4557
4576
4466
4688
4713
4645
4729
4686
4855
4685
4821
4852
4901
4814
4881
4960
4887
5099
5047
5192
5183
5236
5317
5030
5108
5230
5308
5477
5415
5203
5562
5514
5495
5387
5535
5644
5526
5592
5618
5607
5666
5594
5706
5823
5993
5738
5666
5877
5799
5699
5888
5929
5903
5978
6007
5995
5998
5719
6052
6093
6134
6137
6054
6181
6082
6048
6226
6071
6197
6211
6232
6233
6212
6179
6340
6228
6382
6107
6217
6129
6261
6077
6337
6233
6225
6179
6325
6292
6271
6089
6359
6194
6200
6178
6236
6175
6159
6183
6197
6118
6296
6298
6288
6164
6100
6036
6105
6127
6248
6044
6157
6159
6103
6060
6110
6016
6008
5952
5890
5892
5934
5852
5889
5708
5948
5588
5912
5872
5698
5629
5643
5693
5572
5673
5686
5579
5625
5656
5567
5581
5423
5484
5448
5323
5418
5330
5381
5333
5248
5219
5295
5163
5194
5142
5165
4941
5034
5016
5047
4850
4831
4817
4833
4723
4721
4662
4718
4724
4583
4551
4515
4395
4381
4509
4324
4374
4230
4258
4093
4259
4158
4025
4205
3956
4069
3927
3941
3872
3979
3806
3804
3817
3798
3683
3724
3597
3600
3441
3470
3590
3473
3335
3446
3289
3420
3233
3229
3228
3174
3094
3089
3029
3124
2933
2963
2929
2865
2817
2807
2815
2766
2651
2802
2624
2580
2492
2550
2473
2480
2480
2369
2477
2257
2336
2352
2194
2289
2190
2195
2184
2133
2041
2073
2047
1936
1997
2063
1940
1990
1888
1826
1909
1919
1772
1781
1763
1708
1770
1755
1725
1714
1607
1627
1617
1645
1598
1548
1628
1559
1526
1459
1481
1399
1407
1428
1419
1383
1368
1352
1229
1321
1284
1302
1245
1246
1204
1220
1281
1133
1142
1171
1086
1179
1088
1106
1099
1121
1092
1093
1027
1019
977
1026
924
993
944
954
982
984
939
896
927
915
874
900
842
858
948
878
886
879
869
875
854
824
753
769
748
774
780
799
759
770
763
728
725
773
742
762
676
749
675
749
744
669
693
665
709
648
719
668
634
667
658
635
648
640
631
611
602
635
625
613
630
643
653
593
635
606
604
597
607
597
581
580
533
617
600
576
621
579
555
549
544
557
523
580
566
533
553
549
540
563
591
528
537
531
538
571
549
519
543
532
506
555
503
555
513
516
476
477
527
496
509
484
491
543
499
479
489
443
503
495
495
486
469
498
538
489
450
466
481
476
501
513
478
508
475
499
481
487
474
444
443
472
444
460
451
447
467
458
483
448
460
481
468
487
432
450
455
440
464
465
443
450
435
414
441
460
443
473
431
455
446
427
432
468
425
402
497
421
424
446
441
403
435
434
430
419
459
431
445
421
410
394
426
454
432
407
414
453
398
414
424
404
449
440
387
419
399
446
431
436
438
447
401
450
371
415
410
401
414
431
399
427
426
417
410
418
426
380
384
385
386
404
402
413
393
424
384
417
378
408
388
434
404
371
410
382
399
403
443
408
381
382
402
399
397
406
412
405
391
428
381
413
379
384
376
404
409
411
358
394
381
399
372
345
387
375
388
381
365
414
396
403
382
368
412
370
397
366
421
366
389
420
356
378
388
375
435
365
344
409
394
399
379
380
369
337
403
383
376
345
379
341
359
370
398
377
365
369
373
382
394
408
416
386
377
362
373
369
351
367
375
363
376
367
375
366
397
338
344
341
366
353
380
366
336
319
355
347
372
362
367
375
335
370
365
352
366
337
371
339
365
386
352
368
362
325
377
355
400
370
350
355
360
338
350
339
339
356
367
336
345
362
341
344
374
312
357
340
326
336
323
338
305
344
369
374
344
354
344
327
343
356
361
352
333
353
345
353
345
338
353
308
312
356
322
343
345
328
320
352
332
285
336
350
357
316
327
341
323
344
333
332
335
328
337
338
336
316
331
316
357
334
308
343
346
342
351
299
294
323
314
326
295
340
294
302
311
311
307
281
343
300
308
329
329
302
295
359
293
343
299
341
302
290
326
286
294
319
341
315
277
311
305
301
331
311
286
338
322
322
260
299
276
296
320
264
295
300
284
296
310
255
314
292
292
318
296
279
278
280
274
295
282
0
