38
1
1
1
5
6
1
2
2
5
7
10
3
9
6
7
12
14
11
7
13
14
21
28
9
20
26
26
37
25
29
18
20
36
27
22
32
24
32
33
42
31
35
28
29
41
30
34
32
28
32
19
28
27
26
34
30
43
27
41
31
37
28
24
34
45
45
38
39
49
59
47
44
44
61
59
67
60
67
73
64
80
67
71
105
87
99
102
73
107
103
107
121
130
135
147
180
165
178
167
186
167
214
227
247
245
248
254
276
284
310
296
385
382
351
384
416
488
483
504
507
587
584
594
660
682
682
775
785
838
851
903
909
995
970
1084
1104
1234
1232
1211
1265
1341
1413
1445
1531
1553
1632
1687
1727
1790
1727
1904
1907
1964
2016
2090
2128
2150
2106
2222
2286
2375
2416
2489
2468
2506
2485
2575
2603
2715
2771
2717
2771
2867
2787
2942
3123
3104
3087
3160
3202
3183
3287
3440
3424
3447
3553
3585
3636
3777
3871
3894
4100
4069
4214
4296
4385
4686
4675
4774
4868
4993
5115
5282
5371
5498
5769
5965
5831
6098
6250
6537
6524
6819
6777
7072
7245
7425
7548
7815
7865
8012
8323
8395
8766
8934
9326
9179
9447
9730
9857
10041
10321
10488
10784
10894
11128
11355
11666
11829
12241
12327
12548
12638
12677
13221
13371
13828
13811
13780
14354
14435
14312
14787
15130
15308
15096
15708
16003
15877
16311
16698
16562
17114
16693
17225
17606
17577
17482
18376
18006
18681
18183
18846
18675
19116
19083
19191
19471
19585
19768
19869
19870
20490
20222
20585
21010
20699
20957
20931
21197
21397
21271
21472
21730
21628
21444
22133
21694
22085
22290
22349
22542
22420
22488
22993
22844
22894
22942
22967
23497
23345
23333
23748
23491
23842
23551
23775
24014
23916
24089
23723
24567
24521
24150
24450
24451
24584
24441
25016
24793
25116
24872
25002
25007
25234
24659
25360
25201
25393
25366
25293
25872
25426
25163
25692
25579
26159
25830
26326
25983
25950
26173
26332
25903
26386
26236
26365
26562
26373
26387
26588
26490
26537
26292
26885
26683
26585
26666
27199
26643
27110
26404
26578
26964
26988
26612
27098
26847
27200
26817
26992
26954
26608
26830
26877
27029
26750
27083
26915
26827
27102
26692
26941
26857
27112
26999
26798
27062
27095
26838
26782
26626
27077
26570
26975
26901
27025
26953
27177
26558
26635
26455
26552
26936
26426
26520
26474
26510
26470
26485
26317
26687
26454
26390
26310
26328
26173
26079
25988
26015
25862
26350
26112
26039
26208
25666
25716
25762
25704
25507
25833
25450
25586
25481
25597
25617
25643
25311
25206
25561
25229
24972
25065
25355
25041
24942
25286
25179
25155
24664
24693
25214
24845
24224
24958
24540
25091
24558
24810
24764
24175
24592
24399
24289
24690
23713
24195
24097
24051
23876
24030
24244
23897
24130
23890
23919
23682
23643
23743
23650
23981
23772
23358
23694
23548
23351
23543
23394
23438
23156
22947
23006
23348
22859
23309
23331
23444
22843
22784
23016
22925
22577
22782
22702
22893
22661
22769
22634
22632
22392
22663
22593
22480
22572
22506
22284
22563
21808
22037
22474
22126
21816
22350
22229
22233
21831
21948
21763
21931
21843
21898
22002
21941
21528
21814
22058
21995
21659
21626
21950
21596
21334
21554
21619
21717
21119
21665
21562
21369
21312
21420
21598
21325
20959
21686
21298
21493
21247
21192
21125
21490
20778
21272
21162
21264
20517
21210
20953
21291
20824
21006
21205
20913
20860
21115
20691
21088
20647
21073
20726
20905
20362
20559
20709
20322
20441
20662
20720
20937
20336
20398
20763
20280
20981
20785
20408
20728
20270
20628
20218
20613
20188
20349
20456
20380
20134
20433
20349
20440
19936
20577
20017
20236
20543
20343
19945
20026
19916
20441
20287
20151
19994
20314
20166
20179
19901
20258
20167
20120
19812
20261
19845
20121
19993
20106
19998
19808
19987
19885
19744
19824
19739
19783
19567
20092
19468
19748
19706
19886
19701
19949
19971
20254
19521
19739
19833
19470
19629
19715
19592
19779
19446
19926
19389
19924
19779
19637
19638
19671
19818
19641
19510
19723
19309
19793
19366
19699
19422
19414
19641
19577
19413
19579
19325
19635
19156
19675
19523
19394
19449
19422
19101
19646
19093
19444
19208
19647
19264
19587
19303
19097
19208
19620
19212
19542
19200
19469
19372
19394
19019
19147
19702
19005
19336
19578
19337
19400
19115
18967
19310
19123
19062
19555
19045
19361
18836
19421
19173
19446
19094
19224
19332
19164
18829
19399
19009
19300
18911
19231
19263
19271
19321
19154
19121
19345
18842
19138
18832
19128
18989
18989
18846
19245
18952
19211
19064
19204
18864
18906
19276
19172
18963
19113
19384
18788
18863
19227
18787
19025
18739
19112
18891
19079
19353
18868
19196
18931
18918
19018
19028
18951
18747
18999
18693
19187
19006
18883
19177
18854
18934
18861
18980
19367
18651
19123
18686
19142
19000
18989
19349
18817
18607
19143
19228
18950
18947
19021
18951
19087
18785
18936
18972
18741
19066
19244
18819
19122
18935
18898
18992
18894
18917
18777
19123
19032
18795
19184
18973
19418
18614
18810
19118
19004
18665
19510
18788
19042
18725
19141
19276
19152
18952
18868
18888
18926
18786
19329
18864
19383
18984
18977
18935
18912
18948
18864
19099
19160
18774
19621
18754
19241
18576
19055
19247
18832
19079
18965
18847
19110
19044
18877
18937
18821
18922
18974
19228
19083
18819
18934
18849
18984
18921
18781
19081
18896
18936
18691
18918
19084
18882
19036
18922
19254
18783
18886
19067
18851
18821
19023
18799
19380
18714
19014
18996
18604
18896
19033
19035
19047
18934
19145
18990
19129
18692
18948
18936
18906
19020
18990
18902
18809
18493
19168
18603
19006
18496
18875
18722
18901
18826
19051
18650
18787
18626
18810
18787
18810
18359
18667
18691
18603
18597
18903
18692
18921
18570
18944
18564
18696
18738
18490
18771
18577
18263
19048
18541
18519
18094
18486
18759
18630
18346
18424
18160
18324
18024
18529
18178
18418
18191
18216
18362
18344
17812
18368
18099
18127
17920
18020
18000
18288
18109
17931
18072
18089
17745
18285
17886
17878
17835
17981
17874
17800
17607
17792
17430
17787
17646
17664
17573
17475
17677
17451
17470
17319
17406
17325
17099
17485
17292
16999
17058
16905
17214
16962
16999
17055
16633
16955
16883
16980
16590
16442
16740
16437
16411
16656
16332
16612
16154
16256
16539
16148
16059
16582
16210
16333
15876
16002
15924
15829
15314
15957
15653
15598
15803
15681
15517
15406
15278
15415
15250
15552
15019
15148
15202
14945
15009
15247
14948
14941
14595
14828
14564
14321
14618
14702
14282
14662
14136
14049
14147
14005
14061
13887
13999
13791
13915
13813
13679
13790
13588
13626
13287
13466
13406
13232
13235
13206
13230
13295
12879
13008
12492
12949
12673
12833
12503
12808
12269
12418
12249
12490
12257
12326
12185
12039
12024
12134
11770
11892
11786
11450
11390
11507
11366
11639
11125
11417
11383
11262
11037
11123
10840
10997
10784
10799
10892
10675
10821
10866
10473
10429
10403
10364
10310
10078
10188
10111
10140
10097
9869
9957
9936
9848
9708
9976
9708
9695
9455
9578
9468
9275
9398
9321
9352
9231
9123
9219
8995
9012
9229
9072
8807
8929
8751
8737
8770
8662
8584
8531
8651
8383
8399
8323
8455
8356
8275
8183
8218
8232
8108
8035
8134
7878
7991
8000
7871
7875
7816
7798
7807
7674
7606
7742
7437
7683
7566
7566
7581
7465
7334
7323
7339
7380
7149
7237
7260
7150
6978
7255
7032
7115
6809
6988
6949
6959
6939
6841
6902
6885
6676
6748
6833
6710
6555
6620
6711
6531
6578
6684
6710
6401
6552
6445
6428
6424
6446
6453
6437
6375
6314
6487
6234
6271
6193
6226
6306
6237
6019
6206
6082
6070
6076
6102
6118
6149
6074
6097
5978
5930
5965
5947
6011
6044
5974
6025
6053
5931
6011
6001
5988
5844
6026
5913
5841
5949
5775
5910
5917
5993
5811
5839
5933
5908
5951
6043
5754
5840
5795
5883
5818
5844
5882
6065
5815
5933
5811
5777
5943
5908
5936
5913
6010
5957
5934
5974
6152
5800
5863
5893
5881
6207
6001
6034
6146
5973
6095
6067
6113
6164
6210
6215
6387
6372
6206
6394
6364
6303
6238
6378
6365
6408
6549
6511
6579
6655
6783
6736
6933
6665
6809
6704
6882
6940
7068
7029
7286
7064
7067
7271
7356
7268
7395
7463
7557
7761
7616
7930
7640
7963
8115
8098
8076
8243
8282
8335
8621
8548
8572
8807
8903
8920
8976
9202
9171
9508
9445
9663
9514
9687
9862
10050
10067
10218
10330
10787
10917
10784
10873
11104
11223
11541
11619
11577
11868
12093
12075
12261
12743
12458
12686
13003
13213
13150
13379
13762
13802
14314
14106
14506
14835
14913
14921
15328
15632
16024
15958
16248
16653
16929
16682
17398
17115
17916
17787
18259
18425
18572
18971
18999
19622
19880
19951
20392
20807
21100
21148
21629
21801
22234
22675
22763
23524
23617
23693
24377
24447
24988
25275
25457
26300
26543
26562
27265
27201
27863
27856
28124
29026
28964
29284
30033
30800
30918
31319
31505
32045
32011
32238
33568
33486
34150
34574
34980
35388
35830
35574
36549
36602
37564
37369
38508
38908
38781
39384
40302
40413
41167
40997
41810
42309
42524
43148
43322
44182
44478
44701
45668
46205
46179
46667
47695
47737
48889
48469
49741
49839
49883
50348
51630
51139
52231
52109
53439
53424
53108
54014
54803
54720
56046
55559
56232
56889
56847
57450
57700
58530
58884
59045
59252
60476
60423
59847
62104
61457
62387
62045
62822
63289
63622
62854
64252
64359
64526
64942
65777
65140
66778
65477
66768
67880
67361
67363
67988
67770
68936
67929
69294
69047
69385
68803
70004
69961
70583
70330
71603
70728
71803
70270
71771
71030
72580
70995
71761
72230
72076
71947
72870
72313
72273
72204
72348
72695
72678
72032
72691
72068
72380
71464
73050
72527
72796
71828
72709
72491
71669
71332
72798
71586
72315
70407
71970
71491
71981
69423
70938
71080
69918
70129
70853
69998
69875
68784
69417
69205
68712
68764
68741
68109
68426
66648
67875
66948
67474
65234
65929
66357
65464
64903
65506
64215
64195
62803
63875
62642
63121
62644
61933
61742
61320
60792
60574
59717
60156
58363
58707
58481
57644
57535
57204
56111
55911
54909
55786
54217
54677
53462
53346
53043
52847
52011
52087
50853
51074
49078
50250
48797
48909
47780
47574
47127
46773
46323
46421
45004
45382
44289
43826
43547
43381
42184
42650
41357
41676
40388
41046
39648
39934
38778
38791
38393
37526
36729
36988
35832
36481
35124
35684
33947
34440
33592
33489
33163
32635
31511
31754
31142
31227
30515
29991
29513
29120
28880
28636
27778
28341
27074
27539
26655
26567
26221
25867
25446
24895
24468
24352
23853
23801
23177
23340
22618
22355
21637
21728
21437
21060
20578
20895
20007
20486
19505
19637
19656
18924
18425
18760
18237
18048
17622
17533
17048
17303
16735
16444
16616
15984
15672
16064
15323
15453
15080
15112
14758
14824
14406
14162
14181
13726
13499
13625
13318
13203
12932
12836
12814
12498
12212
12195
12137
11865
11538
11990
11530
11541
11181
11212
11113
10752
10756
10837
10463
10458
10449
10439
10101
9966
9945
9662
9970
9537
9470
9528
9523
9428
9000
9092
8921
9065
8790
8754
8872
8712
8511
8601
8390
8324
8216
8495
8035
8146
8102
8064
7875
7768
7968
7897
7731
7712
7697
7577
7560
7442
7376
7480
7412
7242
7253
7278
7270
7171
6985
7197
7159
6941
6904
6745
6889
6911
6598
6944
6709
6847
6620
6721
6743
6532
6554
6679
6421
6552
6187
6332
6604
6378
6488
6458
6369
6265
6146
6375
6346
6312
6059
6219
6141
6083
6206
6228
6067
6146
5945
5985
5978
6193
5866
5974
6021
6067
5863
5785
5818
6063
5867
5856
5776
5807
5705
5697
5831
5800
5643
5739
5688
5765
5621
5679
5620
5622
5729
5490
5628
5631
5457
5749
5429
5632
5563
5478
5525
5528
5397
5673
5335
5524
5441
5462
5564
5455
5489
5515
5433
5361
5308
5497
5384
5290
5217
5258
5372
5232
5341
5329
5159
5288
5267
5243
5140
5242
5186
5216
5417
5108
5212
5322
5101
5199
5069
5099
5053
5133
5113
5147
5103
5091
5113
5221
5161
5281
5095
5088
5160
5004
5004
5054
5143
4977
5048
5016
5042
5041
4988
5126
5027
4979
4903
4961
4971
5096
4929
4919
5062
4888
4969
4920
5100
4940
4849
4978
4864
4863
4837
4946
4693
4809
4741
4881
4966
4847
4741
4866
4796
4665
4773
4827
4810
4845
4819
4919
4708
4696
4751
4655
4740
4610
4741
4597
4714
4714
4538
4757
4729
4732
4711
4609
4642
4766
4764
4632
4663
4682
4631
4721
4668
4778
4613
4486
4640
4610
4649
4523
4628
4611
4494
4533
4528
4568
4569
4615
4474
4435
4529
4463
4479
4490
4378
4467
4527
4503
4520
4579
4498
4526
4380
4607
4479
4404
4319
4505
4435
4483
4499
4519
4363
4430
4386
4491
4358
4411
4355
4466
4336
4420
4252
4430
4394
4403
4298
4381
4348
4295
4413
4254
4377
4284
4267
4346
4176
4311
4056
4248
4261
4258
4182
4322
4116
4272
4120
4297
4152
4091
4118
4212
4154
4151
4022
4165
4106
4110
4043
4148
4194
4116
4113
4098
4222
4112
4080
4166
4192
4147
3923
4072
4137
3977
3966
4045
3961
4074
3967
3930
4023
3952
4023
3945
4000
4001
3898
3880
3936
3869
3910
3855
3907
3975
3813
3979
3894
3888
3907
3891
3844
3875
3833
3827
3735
3943
3870
3837
3710
3849
3666
3719
3720
3768
3774
3837
3683
3698
3676
3718
3789
3667
3686
3633
3686
3692
3585
3677
3656
3590
3636
3746
3494
3696
3650
3563
3630
3578
3622
3645
3544
3633
3616
3504
3582
3524
3537
3631
3426
3553
3522
3472
3585
3546
3566
3530
3516
3360
3333
3524
3563
3376
3364
3633
3400
3486
3265
3534
3526
3397
3382
3431
3391
3434
3230
3388
3436
3335
3232
3357
3352
3313
3304
3220
3370
3296
3329
3365
3365
3273
3253
3361
3270
3250
3186
3296
3264
3235
3256
3238
3321
3301
3154
3219
3168
3210
3165
3204
3164
3088
3109
3174
3090
3126
3087
3089
3101
3107
3189
3184
3121
3116
3190
3072
3142
2901
3169
3064
3022
3113
3043
3050
3136
3031
2944
3090
3049
3057
2946
3082
3000
3111
3075
2943
2985
2898
2927
3079
2857
3050
2996
2967
2994
2880
2917
3000
3015
2937
2971
2886
3014
2996
3039
2901
2985
3008
2970
2904
2860
2813
2862
2939
2873
2995
2860
2862
2927
2888
2753
2862
2788
2975
2826
2797
2802
2684
2826
2898
2865
2755
2853
2758
2765
2727
2778
2848
2691
2744
2815
2762
2731
2779
2680
2774
2716
2838
2694
2852
2761
2737
2754
2714
2717
2712
2682
2597
2657
2809
2620
2708
2693
2784
2625
2662
2692
2654
2674
2754
2631
2642
2562
2603
2642
2730
2749
2697
2613
2722
2575
2555
2623
2633
2700
2646
2627
2679
2614
2516
2527
2473
2547
2713
2586
2533
2569
2553
2569
2641
2622
2583
2494
2597
2569
2494
2599
2496
2434
2579
2524
2595
2488
2462
2470
2478
2441
2557
2542
2445
2455
2578
2466
2393
2431
2360
2456
2447
2518
2450
2508
2443
2416
2416
2500
2546
2480
2494
2422
2463
2462
2525
2424
2394
2419
2467
2443
2323
2432
2408
2395
2469
2335
2352
2316
2386
2327
2395
2405
2412
2396
2281
2419
2281
2315
2465
2221
2332
2242
2349
2381
2327
2302
2411
2334
2335
2286
2374
2348
2372
2335
2403
2331
2284
2354
2389
2294
2320
2248
2298
2270
2254
2270
2284
2314
2400
2233
2398
2236
2219
2308
2172
2334
2187
2175
2403
2217
2254
2139
2234
2265
2224
2214
2307
2196
2247
2165
2289
2204
2296
2167
2207
2226
2179
2281
2229
2168
2218
2119
2241
2185
2225
2216
2128
2326
2146
2128
2239
2148
2197
2105
2166
2080
2152
2113
2208
2104
2150
2094
2143
2146
2168
2131
2131
2173
2179
2156
2098
2137
2139
2119
2128
2083
2163
2069
2151
2080
2048
2082
2134
2082
2133
2051
2077
2050
2095
2073
2040
2075
2059
1988
2124
2127
2082
2002
2088
2054
2027
2002
2038
2054
1970
2069
2040
1928
1974
2009
2078
1937
2060
1927
1935
1947
1906
2033
2017
1960
2048
1946
1886
1993
2019
1940
1971
1969
1950
1919
1955
1987
1965
1967
1877
1904
1920
1956
1962
1911
1937
1845
1965
1881
1875
1955
1936
1840
1879
1850
1875
1812
1895
1869
1826
1884
1924
1839
1916
1912
1884
1817
1873
1860
1863
1833
1828
1876
1788
1805
1846
1854
1873
1879
1821
1828
1889
1833
1853
1816
1795
1820
1889
1822
1764
1845
1785
1806
1781
1725
1832
1744
1723
1751
1783
1739
1761
1766
1726
1738
1746
1702
1770
1762
1742
1688
1746
1678
1686
1663
1711
1714
1663
1718
1679
1706
1735
1727
1700
1696
1711
1709
1683
1701
1690
1700
1681
1709
1695
1699
1632
1747
1611
1706
1586
1636
1698
1607
1649
1610
1625
1545
1567
1653
1551
1661
1626
1600
1653
1550
1556
1552
1501
1604
1621
1630
1563
1526
1597
1540
1582
1523
1607
1529
1510
1527
1599
1541
1509
1422
1546
1484
1592
1532
1497
1526
1473
1577
1435
1490
1529
1545
1503
1557
1530
1475
1465
1529
1511
1491
1482
1450
1504
1471
1420
1440
1403
1491
1416
1503
1434
1403
1450
1415
1496
1420
1390
1444
1415
1373
1410
1409
1375
1398
1410
1336
1394
1465
1352
1350
1394
1413
1377
1348
1375
1346
1332
1345
1388
1330
1366
1375
1297
1314
1410
1320
1298
1404
1402
1366
1306
1318
1331
1338
1274
1341
1371
1345
1317
1281
1310
1342
1336
1275
1381
1354
1331
1277
1348
1255
1281
1283
1250
1289
1312
1268
1305
1274
1272
1224
1305
1293
1237
1287
1307
1255
1284
1190
1254
1249
1219
1267
1230
1259
1302
1249
1198
1218
1169
1199
1273
1193
1256
1227
1300
1254
1206
1223
1222
1244
1250
1235
1229
1191
1213
1185
1212
1219
1205
1193
1213
1222
1246
1150
1237
1180
1188
1162
1300
1191
1179
1209
1319
1127
1148
1227
1202
1208
1243
1139
1196
1199
1256
1162
1166
1153
1163
1163
1151
1218
1189
1220
1171
1163
1233
1175
1184
1174
1186
1144
1158
1190
1201
1240
1164
1204
1156
1178
1178
1141
1187
1222
1244
1226
1185
1174
1140
1192
1161
1159
1140
1154
1203
1235
1155
1165
1244
1213
1180
1185
1229
1214
1159
1193
1239
1188
1181
1191
1182
1087
1191
1190
1216
1106
1173
1195
1140
1158
1229
1137
1190
1191
1209
1166
1196
1163
1230
1167
1257
1133
1188
1224
1182
1309
1241
1210
1181
1187
1110
1250
1221
1138
1217
1197
1269
1179
1237
1246
1154
1265
1194
1266
1189
1223
1195
1189
1200
1200
1220
1217
1302
1227
1256
1141
1279
1258
1307
1244
1176
1194
1255
1252
1248
1237
1320
1252
1337
1223
1264
1223
1276
1229
1322
1203
1244
1217
1260
1270
1281
1315
1291
1228
1283
1327
1265
1228
1280
1270
1326
1308
1235
1285
1330
1300
1370
1337
1361
1297
1268
1317
1343
1296
1346
1338
1347
1317
1339
1342
1375
1332
1378
1253
1397
1293
1312
1292
1411
1308
1360
1346
1447
1369
1452
1333
1383
1416
1365
1257
1384
1389
1409
1354
1472
1422
1468
1370
1393
1397
1371
1412
1465
1420
1423
1452
1413
1406
1435
1484
1425
1425
1419
1503
1441
1415
1469
1414
1413
1375
1426
1483
1377
1447
1507
1485
1527
1434
1459
1481
1608
1560
1479
1559
1514
1547
1552
1528
1541
1479
1497
1527
1562
1484
1454
1490
1491
1473
1516
1590
1537
1511
1565
1502
1541
1551
1560
1576
1585
1468
1599
1518
1557
1505
1510
1465
1587
1515
1605
1508
1573
1542
1631
1556
1593
1554
1579
1554
1567
1512
1554
1620
1534
1539
1514
1550
1571
1553
1498
1545
1678
1588
1594
1510
1567
1552
1604
1508
1582
1522
1514
1585
1567
1563
1576
1548
1590
1595
1530
1502
1543
1523
1531
1508
1515
1499
1571
1504
1491
1601
1562
1629
1593
1529
1441
1534
1516
1436
1507
1470
1505
1480
1527
1485
1466
1458
1456
1541
1450
1490
1492
1437
1439
1461
1431
1431
1494
1395
1425
1391
1401
1436
1428
1400
1390
1384
1434
1398
1382
1340
1335
1332
1429
1385
1390
1317
1305
1377
1386
1312
1357
1308
1297
1282
1307
1294
1218
1228
1314
1240
1226
1217
1262
1203
1283
1240
1191
1213
1192
1162
1227
1143
1189
1181
1193
1193
1118
1132
1173
1096
1147
1061
1082
1073
1005
1058
1091
1031
1064
1034
1115
979
1057
1049
1029
1019
1004
1039
1000
1007
985
961
978
929
950
926
959
931
973
902
853
852
878
879
834
904
860
851
859
857
873
839
844
795
783
773
835
822
804
764
778
771
756
709
773
765
707
753
756
728
732
702
755
671
702
648
664
651
668
614
643
674
607
660
668
618
592
622
600
588
586
553
601
554
551
574
584
566
580
538
581
540
513
555
550
495
546
495
498
502
486
512
513
491
481
468
468
463
443
479
498
460
473
417
450
401
450
444
421
448
419
420
407
411
419
408
412
438
427
396
428
435
380
372
382
401
371
385
366
367
345
374
381
378
335
343
338
333
346
309
347
309
334
344
341
365
352
352
303
334
357
314
367
292
287
327
308
309
346
317
276
314
304
288
310
302
301
329
275
285
310
295
267
262
322
280
284
277
263
308
270
258
281
273
267
260
259
271
289
270
295
260
276
259
260
257
269
251
233
279
246
256
259
245
242
269
259
238
268
216
252
237
246
228
262
248
243
248
258
245
231
259
244
232
213
208
232
266
270
249
231
233
242
242
241
205
220
231
210
229
246
209
225
229
197
241
220
237
187
195
207
234
201
189
211
222
211
225
222
221
198
211
219
201
210
216
221
219
217
206
204
199
212
217
241
198
200
211
189
175
192
227
212
182
208
191
203
243
173
195
229
217
222
195
212
188
197
226
203
202
204
206
179
202
216
179
208
210
173
193
197
204
167
180
206
177
200
210
198
214
170
183
168
176
164
198
196
180
202
194
174
182
179
222
218
189
179
178
169
166
193
175
209
172
189
166
211
162
164
177
189
179
171
177
168
173
206
168
180
178
173
170
166
172
175
170
161
155
191
182
147
150
145
160
162
170
151
153
151
163
167
176
178
175
170
140
169
155
147
173
164
175
154
159
167
165
182
169
140
170
181
136
163
176
168
175
157
140
167
142
152
151
156
135
142
165
156
144
156
136
166
134
168
153
141
127
142
143
143
159
144
142
136
160
155
131
137
156
148
166
119
131
141
154
156
145
153
147
146
143
168
150
151
143
143
140
156
173
144
155
139
161
134
135
144
142
127
133
143
138
157
160
145
131
151
116
141
129
175
136
145
128
130
154
139
133
128
157
145
125
129
113
134
138
124
130
151
135
151
124
147
144
136
115
131
129
116
134
126
124
137
121
130
124
122
138
134
126
107
133
124
122
125
112
110
116
121
151
131
134
108
139
155
106
124
153
115
141
125
122
101
103
147
131
105
115
116
120
112
121
136
144
134
112
127
121
123
141
105
98
108
111
108
119
124
125
118
115
129
103
117
102
119
109
115
112
124
112
131
124
120
114
121
131
116
134
107
120
114
105
115
107
108
114
114
116
114
107
101
114
101
111
118
105
93
111
89
108
134
116
104
131
101
105
104
119
116
118
104
110
96
95
98
108
108
121
112
96
98
94
89
87
98
107
86
97
110
97
105
126
98
100
121
100
115
105
93
100
106
102
95
107
111
112
101
103
88
102
89
95
98
100
104
98
99
84
98
89
97
78
109
95
101
103
88
72
91
90
98
88
98
88
94
100
88
91
95
85
106
93
109
85
101
87
105
111
87
103
86
93
73
99
83
104
88
103
92
89
92
93
86
109
83
97
82
97
92
99
81
97
95
86
86
89
96
100
102
109
97
97
0
