0
0
0
0
0
0
0
0
0
0
0
0
0
0
0
0
0
0
0
0
0
0
0
1
0
0
0
0
0
0
0
0
0
0
0
0
0
0
0
0
0
0
0
0
0
0
0
0
0
0
0
0
0
0
0
0
0
0
0
0
0
0
0
0
0
0
0
0
0
0
0
0
0
0
0
0
0
0
0
0
0
0
0
0
0
0
0
0
0
0
0
0
0
0
0
0
0
0
0
0
1
0
0
0
0
0
0
0
0
0
0
0
0
0
0
0
0
0
0
0
0
0
0
0
0
1
0
0
1
0
0
0
0
0
0
0
0
0
0
0
0
1
0
2
0
0
0
0
0
2
1
0
2
0
2
1
0
0
2
2
2
2
3
1
2
2
2
3
2
4
2
3
6
1
1
4
6
4
6
6
8
4
6
7
4
4
6
9
7
6
12
7
6
19
15
17
21
25
25
29
38
30
52
65
75
86
112
126
154
170
190
224
294
351
358
345
417
466
491
536
564
630
642
677
719
730
793
816
868
964
942
929
1007
962
1010
1044
1013
1070
1037
1077
1090
1099
1129
1103
1140
1116
1125
1185
1116
1172
1104
1129
1215
1235
1086
1157
1197
1133
1182
1237
1155
1234
1207
1284
1240
1183
1260
1232
1275
1284
1270
1235
1303
1391
1298
1320
1310
1380
1334
1363
1319
1415
1441
1432
1393
1410
1462
1447
1463
1455
1442
1509
1514
1533
1496
1519
1545
1498
1472
1566
1554
1532
1580
1612
1600
1586
1543
1582
1549
1536
1625
1540
1539
1619
1549
1582
1593
1469
1544
1492
1482
1547
1572
1533
1497
1438
1554
1529
1521
1503
1504
1518
1386
1427
1397
1478
1355
1413
1426
1385
1425
1374
1367
1403
1376
1324
1334
1340
1325
1269
1312
1289
1209
1265
1306
1255
1259
1151
1220
1222
1205
1213
1176
1192
1165
1186
1151
1171
1106
1146
1115
1199
1129
1179
1131
1134
1115
1123
1078
1101
1137
1055
1122
1106
1090
1126
1095
1120
1091
1064
1027
1011
1073
1120
1099
1149
1033
1087
1055
1117
1091
992
1032
1076
1006
1066
1113
1062
1096
1123
1053
1064
1062
1034
1004
1027
1036
1048
1029
1052
1025
1033
1034
1010
1023
1018
1000
1051
949
1027
1041
1016
1019
1056
1057
995
1032
1090
1012
996
1012
1034
972
993
1003
1030
992
1005
1066
971
1003
1002
970
970
936
947
941
976
998
1018
958
968
952
926
924
916
977
920
935
935
947
949
930
914
875
893
919
881
886
864
882
885
863
910
923
916
907
874
916
896
875
853
806
808
868
828
866
883
797
815
858
845
748
794
813
796
788
843
824
806
787
784
802
759
780
800
793
782
750
766
805
849
798
767
705
804
799
763
731
774
732
792
739
770
744
707
786
773
791
738
733
732
710
757
694
673
737
736
709
732
691
702
715
770
734
719
663
684
647
714
692
712
668
735
626
648
675
715
705
648
670
661
674
705
675
688
693
656
680
693
642
666
630
659
661
684
675
600
675
624
636
651
667
639
645
630
663
629
605
612
600
627
612
625
623
580
576
612
575
632
631
576
567
570
591
576
540
591
598
568
572
570
639
554
616
550
517
555
529
571
536
576
547
550
545
602
537
538
559
565
537
570
535
568
596
546
502
534
545
513
507
524
472
509
519
553
495
527
582
491
482
547
506
524
533
518
491
497
486
488
513
531
462
481
474
520
453
476
481
496
511
488
474
488
460
453
462
479
435
463
455
445
452
456
472
454
470
496
449
430
453
419
472
432
448
440
411
460
441
425
450
419
409
432
414
369
425
406
374
392
414
407
415
402
416
392
403
418
389
394
420
442
384
400
410
440
393
351
348
329
404
355
398
378
367
390
362
349
322
378
361
375
330
384
355
402
346
325
385
393
343
320
344
368
338
341
333
352
345
331
363
328
321
319
363
356
350
351
306
341
330
340
323
325
315
304
338
308
311
313
302
320
322
306
317
290
292
302
282
324
327
310
291
318
314
330
313
293
311
285
311
295
295
312
317
311
299
269
306
281
293
304
304
299
258
306
260
259
303
276
267
276
278
307
260
275
294
273
285
253
284
293
267
240
251
279
249
249
261
274
256
272
260
258
267
267
272
254
276
263
283
254
254
297
278
263
221
247
239
282
265
254
259
244
279
261
229
242
253
242
255
259
241
257
239
258
248
256
233
246
238
234
236
258
235
248
241
266
225
233
272
248
265
223
257
248
214
228
195
219
232
218
238
220
249
212
223
221
213
227
229
224
229
191
204
224
228
253
239
214
215
202
227
237
210
225
235
233
232
217
229
225
215
213
177
232
204
233
204
220
208
197
200
212
209
202
207
226
222
210
190
231
200
203
200
215
207
226
221
231
190
200
214
203
204
241
205
203
219
226
202
192
221
208
184
207
187
187
197
242
211
183
191
174
185
172
181
175
202
219
201
171
204
184
184
178
202
187
196
195
182
169
190
189
171
166
173
197
188
184
189
179
186
184
182
171
183
187
186
163
174
185
177
172
186
158
171
157
153
169
157
163
156
177
164
191
180
174
174
162
160
155
170
169
179
170
164
154
133
153
155
168
143
156
158
171
140
189
175
161
157
154
143
160
171
135
139
172
163
157
151
148
169
149
149
162
146
164
150
141
122
156
136
140
140
135
141
129
158
131
135
156
152
134
134
131
141
137
148
157
115
123
155
130
128
128
122
140
116
140
158
145
141
149
138
151
123
150
136
138
138
135
134
152
130
134
138
120
125
137
148
154
115
137
136
139
136
117
113
120
152
122
129
133
135
117
105
137
137
136
163
115
135
128
146
144
128
121
126
136
122
115
138
156
125
155
130
138
132
123
126
107
113
108
138
113
135
117
119
138
113
139
116
122
102
107
116
122
118
134
120
123
108
135
112
117
113
101
118
104
123
117
120
120
134
118
108
122
124
126
126
132
114
122
116
109
100
121
114
122
119
98
107
126
118
114
116
133
137
106
139
87
113
120
112
110
107
110
106
115
103
109
113
136
103
116
112
104
131
84
126
127
114
120
107
98
110
115
113
99
109
106
119
112
110
119
99
110
113
128
115
102
97
118
108
116
136
116
128
92
102
98
119
106
118
110
110
124
115
107
94
110
114
110
117
101
93
81
98
90
106
105
123
109
110
103
105
106
90
115
112
108
74
102
107
102
100
106
114
115
99
88
109
94
103
124
109
98
102
116
99
110
92
89
99
95
95
117
89
97
118
85
107
100
94
104
106
102
85
88
99
105
110
119
76
97
111
107
88
99
103
99
101
109
86
78
93
93
97
112
94
98
116
85
87
121
120
96
104
92
109
93
100
95
94
116
92
90
117
98
91
90
106
95
86
91
105
102
98
77
94
85
84
101
102
92
111
105
93
84
93
80
104
85
102
82
91
95
90
87
94
90
80
102
89
105
88
81
108
93
94
95
78
81
96
81
103
82
91
80
88
90
91
105
90
105
87
94
84
82
101
84
73
106
98
82
92
89
79
92
93
84
81
82
82
83
89
80
80
78
83
68
75
78
91
74
75
88
83
78
84
79
72
69
79
77
74
98
82
86
86
84
78
79
90
81
96
72
92
84
84
71
75
80
76
75
70
84
71
78
84
84
68
90
68
91
87
72
73
66
88
72
68
70
71
87
87
86
77
77
64
74
97
74
78
63
75
76
61
72
73
95
89
69
90
86
74
89
71
72
74
64
80
98
92
74
87
76
73
73
79
66
52
84
75
76
79
73
83
69
61
69
60
65
92
72
74
73
84
72
73
75
64
73
69
73
67
63
68
74
81
70
77
70
80
70
69
80
73
53
70
70
76
73
76
63
71
65
80
73
69
79
66
70
60
85
68
60
82
79
67
76
72
70
72
74
78
77
75
76
79
68
77
77
64
86
78
76
88
78
82
77
76
52
64
52
79
65
76
63
69
56
64
78
62
66
80
69
80
71
70
62
68
76
74
66
63
73
57
62
70
62
66
75
77
65
59
82
61
60
76
54
71
63
69
62
76
61
65
71
73
56
77
57
78
55
73
50
58
50
79
57
82
49
66
66
58
60
62
56
52
49
54
56
51
56
59
41
59
64
61
57
62
59
64
47
55
71
57
45
54
45
47
58
57
51
55
49
55
59
61
46
53
60
50
55
68
58
72
44
52
52
50
51
58
55
63
51
69
48
60
56
57
55
56
63
57
52
38
61
51
43
59
47
39
62
52
41
50
58
54
55
48
46
55
47
53
52
56
58
61
57
42
50
53
58
49
54
45
49
51
49
50
45
50
51
62
61
46
59
44
54
48
62
55
52
50
50
54
58
42
43
51
39
41
60
48
48
48
45
54
51
43
46
63
49
52
51
39
47
60
47
43
43
45
46
43
47
47
44
43
63
46
43
64
74
45
47
42
45
32
43
43
50
40
60
51
58
49
49
45
51
38
43
41
54
54
47
61
49
42
43
57
52
51
53
37
50
63
50
62
53
38
42
41
50
43
54
48
53
58
47
40
52
41
42
45
45
52
48
45
45
39
55
43
50
42
46
39
45
56
45
48
47
47
56
47
44
58
50
30
52
27
52
54
43
40
42
44
49
53
55
55
52
40
39
45
65
58
45
40
54
47
48
45
66
49
41
58
40
49
35
62
34
43
40
56
55
61
45
53
53
39
50
40
51
39
44
46
49
46
48
49
48
41
42
51
54
58
33
59
51
29
45
50
52
50
51
48
51
58
35
53
50
43
45
44
41
38
44
45
56
49
55
43
42
57
48
49
60
39
38
54
56
55
55
41
49
54
50
37
54
52
52
60
54
46
51
41
47
66
40
39
50
48
43
43
43
47
42
33
51
51
41
42
52
43
48
47
43
45
56
41
45
43
48
49
42
48
52
48
48
46
50
49
57
42
45
41
42
40
41
57
36
59
50
34
48
46
37
41
44
44
48
38
46
53
38
40
44
46
46
52
59
31
43
40
31
54
32
40
37
46
43
44
50
37
40
42
27
43
37
43
46
37
48
40
46
46
37
39
30
45
36
55
38
51
41
42
34
44
34
39
30
45
37
40
40
37
47
35
32
28
45
34
33
44
39
35
23
36
31
48
37
32
43
34
49
43
28
37
39
37
41
46
35
35
28
26
39
28
29
35
34
44
46
27
27
30
37
39
25
35
40
32
37
33
43
29
34
37
18
38
44
38
38
32
40
43
49
30
25
31
27
28
37
28
38
24
31
29
36
30
30
23
32
34
33
29
38
50
29
43
30
28
33
38
31
31
32
40
26
36
27
31
36
33
26
33
25
30
24
22
22
40
30
26
28
30
27
37
40
31
24
25
24
28
26
30
26
34
32
38
23
31
29
16
31
25
28
27
32
36
29
36
32
17
26
37
33
35
38
31
36
28
29
27
24
33
29
29
31
26
29
25
30
19
36
31
22
27
29
33
26
27
27
32
35
19
25
34
28
26
31
32
26
22
37
25
29
24
32
22
34
43
26
41
27
30
32
30
31
27
29
19
32
26
25
28
33
39
22
25
32
32
27
24
32
27
32
14
38
28
26
32
28
39
33
33
37
22
28
26
33
33
33
28
32
26
32
24
28
31
24
31
31
29
32
23
26
30
24
27
47
32
22
33
21
34
29
30
29
23
21
26
27
26
26
30
41
26
27
23
33
22
40
28
35
20
30
23
22
24
31
27
26
26
28
22
29
37
31
28
27
35
24
23
22
30
25
25
27
25
30
29
21
27
19
29
26
26
38
29
27
32
34
29
22
25
28
22
24
40
22
27
27
29
29
25
37
28
26
32
30
27
38
25
28
30
25
22
27
27
43
26
26
24
23
29
30
34
26
21
21
34
33
23
27
22
29
20
29
24
22
26
20
36
25
21
28
35
29
13
19
33
30
32
21
34
29
23
28
28
24
28
27
19
26
29
21
15
35
24
24
28
24
26
24
31
25
31
29
26
24
26
25
34
11
20
30
27
28
32
29
34
31
25
42
35
34
28
33
31
26
33
30
30
29
17
28
16
32
29
32
31
32
25
23
35
26
30
35
19
31
28
41
30
35
25
25
26
43
23
33
40
29
42
33
32
28
30
39
34
30
30
39
35
32
27
37
40
39
23
25
41
26
37
30
29
28
35
32
26
30
52
29
26
29
40
36
25
38
30
40
41
38
29
34
26
40
35
26
28
30
31
25
36
23
42
35
29
32
33
39
29
31
28
37
37
35
37
42
33
40
34
33
36
33
35
38
29
26
34
37
39
36
39
26
37
27
36
30
38
29
35
37
35
33
24
20
34
35
35
34
31
25
32
36
31
28
31
34
35
27
29
26
23
31
35
33
25
37
25
20
23
19
31
20
30
26
36
28
25
30
18
32
30
22
24
21
31
30
28
28
35
27
34
18
19
19
33
34
26
33
21
16
30
19
23
15
22
29
27
30
32
23
26
25
19
16
25
19
17
25
29
19
19
24
26
20
16
20
25
22
22
24
22
29
22
25
26
22
17
13
19
12
17
9
17
16
22
19
19
16
18
15
18
18
21
9
22
16
18
13
19
25
14
26
13
24
18
21
14
15
15
15
16
17
26
13
23
24
18
20
25
17
6
12
20
16
22
18
16
11
14
16
11
17
16
15
20
15
15
11
21
19
13
18
17
15
16
21
10
17
14
14
13
10
21
28
18
12
19
23
10
21
10
18
18
12
22
17
13
17
17
14
23
19
16
15
22
10
13
14
15
10
19
15
13
16
12
11
11
8
20
19
17
13
17
28
14
22
18
13
16
15
16
20
19
15
18
15
19
15
11
14
20
18
11
18
17
13
17
19
15
11
18
14
15
14
14
12
23
19
15
20
19
15
15
23
23
12
11
9
16
10
17
18
14
15
20
18
15
21
14
17
18
15
10
12
14
10
25
16
24
12
9
20
18
8
19
13
17
9
15
12
21
19
8
15
14
20
23
20
12
11
22
14
13
16
19
15
14
14
19
22
25
17
11
15
11
15
16
14
15
13
20
16
17
9
8
10
12
16
13
16
22
16
12
13
16
20
17
10
22
10
18
23
16
22
16
12
17
14
15
13
14
19
15
20
10
8
14
12
19
13
13
12
10
11
10
19
9
19
19
16
15
17
13
11
13
9
14
7
15
14
13
12
13
11
16
10
17
17
11
14
20
8
18
10
15
8
21
21
11
20
13
17
15
15
13
9
14
13
15
12
13
15
7
15
17
16
10
15
15
16
11
9
19
9
12
12
10
15
17
11
15
6
14
16
8
8
14
12
15
13
14
9
22
16
15
13
16
12
16
12
16
13
11
22
13
14
13
13
8
19
12
10
13
12
11
15
17
9
10
13
11
13
13
15
13
11
13
17
13
20
12
17
10
15
10
6
15
12
10
13
11
18
17
11
13
9
14
16
9
13
4
10
11
7
15
16
13
9
12
14
17
15
9
3
12
17
15
16
10
17
16
14
14
10
17
15
15
13
7
8
14
9
13
9
9
8
11
12
13
11
14
6
12
5
8
11
13
16
7
11
12
11
12
12
14
9
12
9
16
11
12
10
5
9
10
9
18
18
12
20
10
13
16
13
12
12
22
12
11
8
16
19
6
16
16
8
12
15
11
6
14
12
13
9
15
11
13
14
12
11
11
12
14
12
11
7
8
11
9
9
15
8
5
13
19
8
15
10
11
11
5
8
14
13
13
9
5
16
17
8
11
10
9
11
8
18
14
14
11
7
12
18
9
13
13
17
9
9
8
8
10
13
9
7
14
8
12
9
11
8
9
6
12
6
6
8
15
13
12
12
8
6
9
14
9
12
14
12
9
13
4
13
15
13
6
10
12
12
11
7
9
9
9
15
10
7
9
8
9
11
10
15
9
10
13
8
12
12
10
11
14
7
6
7
10
6
9
8
9
5
7
5
8
6
6
12
14
8
6
11
14
5
10
9
9
9
12
12
5
11
9
14
10
5
7
12
11
8
13
6
8
11
8
9
9
11
10
7
11
3
15
14
5
7
8
6
16
8
11
9
7
9
10
11
6
7
13
2
6
9
14
6
6
6
5
11
8
6
5
8
13
10
8
2
11
9
8
10
10
4
6
6
8
9
12
5
10
11
11
9
11
11
8
15
6
11
13
8
9
8
14
11
8
6
8
11
5
17
13
10
11
5
6
8
7
2
11
8
9
14
11
6
12
10
9
9
5
9
8
10
10
10
8
8
8
8
14
10
10
8
16
4
13
5
8
10
12
9
13
10
10
10
13
4
8
9
11
11
5
9
8
11
12
8
5
7
7
7
6
11
8
4
9
12
13
9
5
3
10
8
10
15
9
8
10
7
12
8
9
9
9
5
8
4
18
13
6
11
7
10
11
6
6
4
2
13
7
8
6
7
14
4
4
14
11
9
10
7
10
9
13
9
8
8
8
10
5
12
10
5
5
10
7
13
12
14
6
13
10
14
8
13
2
11
8
8
15
12
6
7
12
6
11
6
8
6
9
8
11
10
5
16
7
10
8
5
9
6
12
8
14
11
6
10
13
11
6
15
11
3
11
11
8
10
3
10
6
11
11
9
10
13
6
11
12
17
11
7
13
13
20
14
8
8
9
11
11
11
7
7
11
6
13
10
6
6
8
6
11
13
16
20
15
11
10
15
9
12
15
15
10
17
17
20
6
13
9
9
12
20
18
16
10
16
13
11
10
13
13
19
15
15
13
9
10
10
14
17
13
9
11
14
20
14
9
8
11
7
10
10
11
13
9
14
8
13
16
11
14
8
12
6
6
16
9
14
15
13
14
13
11
12
10
17
9
15
14
10
9
15
9
14
11
19
8
25
19
12
12
8
15
8
15
9
12
12
9
10
15
12
14
9
7
14
6
12
12
9
8
9
9
12
10
15
11
10
13
9
12
8
14
8
8
9
14
11
9
10
14
14
16
19
5
11
11
21
10
11
14
22
11
12
11
8
13
8
6
14
11
17
14
7
12
11
6
9
15
15
12
5
11
11
5
13
8
11
10
6
7
12
8
12
7
13
10
8
10
11
11
6
7
7
12
16
6
10
11
8
8
7
9
8
8
7
10
14
8
9
4
5
12
10
7
5
8
9
9
4
8
9
6
5
10
7
6
2
6
6
12
5
9
3
4
5
6
8
6
7
10
4
15
6
10
6
7
11
8
8
5
11
5
8
3
9
11
7
6
7
12
10
1
3
3
8
7
5
7
8
7
8
4
3
7
9
6
4
7
5
9
10
5
8
4
7
10
10
5
2
3
3
7
5
3
10
8
5
8
6
5
7
8
8
8
11
6
7
10
4
8
9
7
5
6
8
9
5
7
6
6
10
3
8
6
4
6
11
6
4
7
8
7
7
7
7
9
5
11
10
13
8
7
4
4
6
9
5
6
7
7
7
5
11
6
8
5
5
2
2
4
7
6
2
2
7
7
6
5
6
2
0
