9
0
0
0
0
0
0
0
0
0
0
0
0
0
0
0
0
0
0
0
1
0
0
0
1
0
0
0
1
0
0
0
0
0
1
0
0
0
0
0
0
0
0
0
0
0
0
0
0
0
1
0
0
0
0
0
1
1
0
0
0
0
0
0
1
0
0
0
0
0
0
0
1
1
0
0
0
0
0
0
0
0
0
1
0
1
0
1
0
0
2
0
0
1
2
1
1
0
3
2
1
4
2
3
5
2
3
4
7
5
3
4
9
4
5
8
8
7
7
13
8
21
18
11
5
17
17
25
12
19
19
24
22
24
24
19
37
31
26
38
27
34
26
43
43
36
47
52
66
59
63
71
83
98
111
119
141
180
185
190
244
221
241
280
310
316
376
388
390
439
534
560
663
667
767
880
947
1092
1207
1324
1423
1690
1882
2159
2278
2680
2884
3257
3541
3864
4248
4653
5122
5397
5830
6184
6384
6668
6740
6966
7074
7168
7490
7589
7649
7824
7826
8101
7938
8260
8306
8285
8343
8636
8511
8523
8392
8500
8936
8691
8602
8679
8731
8688
8669
8684
8839
8650
8465
8541
8510
8432
8390
8400
8388
8406
8244
8317
8232
8155
8041
7920
8037
7863
7895
7770
7876
7785
7660
7736
7527
7366
7460
7440
7552
7345
7262
7212
7367
7322
7353
7552
6980
7247
7192
7335
7293
7215
7059
7316
7260
7451
7151
7243
7320
7449
7408
7355
7401
7612
7481
7729
7558
7738
7581
7657
7913
7796
7512
7821
8076
7909
7773
7976
8062
8051
8044
8075
8162
8167
8168
8327
8448
8297
8426
8495
8331
8665
8324
8621
8664
8508
8594
8741
8497
8630
8629
8575
8591
8713
8531
8490
8598
8565
8530
8659
8528
8690
8633
8747
8559
8447
8377
8330
8355
8440
8259
8344
8403
8268
8232
8203
8217
8226
8126
8176
7917
7957
8033
7743
8003
7779
7574
7746
7632
7539
7451
7487
7530
7472
7303
7395
7251
7204
7160
7143
7118
7026
6985
7078
7098
6943
6885
6728
6854
6807
6647
6784
6581
6560
6549
6559
6564
6438
6255
6355
6368
6279
6283
6172
6397
6409
6189
6145
6207
6030
6153
5972
6105
6152
6006
6154
5886
6110
5914
5958
5842
5769
5806
5941
5847
5894
5857
5920
5742
5724
5714
5703
5780
5859
5777
5859
5837
5688
5766
5694
5849
5862
5626
5847
5626
5560
5660
5651
5739
5641
5637
5645
5545
5675
5691
5499
5517
5636
5390
5640
5585
5420
5519
5573
5524
5469
5523
5419
5465
5346
5435
5499
5461
5486
5383
5384
5405
5352
5248
5297
5350
5225
5180
5172
5292
5248
5044
5300
5210
5256
5103
4987
5128
5025
5115
5064
5032
5029
4978
4916
4943
4994
4785
4890
4819
4881
4899
4948
4829
4731
4676
4762
4726
4807
4641
4635
4673
4526
4601
4584
4414
4443
4393
4366
4386
4394
4407
4378
4348
4315
4297
4244
4264
4283
4266
4176
4188
4187
4099
3939
4046
4072
4062
4047
4168
4121
3840
4017
4053
3999
3935
3871
4045
3859
4032
3813
3913
3877
3766
3861
3785
3896
3806
3749
3787
3759
3716
3639
3620
3586
3688
3613
3685
3588
3688
3574
3581
3467
3565
3514
3465
3548
3442
3536
3491
3536
3446
3369
3469
3371
3463
3536
3502
3474
3351
3400
3307
3435
3324
3396
3369
3294
3152
3383
3328
3371
3116
3280
3240
3362
3249
3218
3224
3156
3251
3105
3172
3248
3115
3235
3177
3222
3155
3133
3119
3162
3228
3076
3067
3164
3086
3121
3041
3020
3055
3087
2999
3031
3003
3027
3033
2937
3021
3033
3004
2981
3008
3002
3011
2960
3069
3018
3039
2977
2903
2992
2965
2978
2828
2949
2869
3005
2929
2946
2770
2896
2876
2900
2890
2908
2846
2887
2807
2812
2730
2829
2845
2720
2816
2704
2833
2764
2685
2830
2702
2756
2646
2773
2755
2746
2621
2685
2701
2687
2655
2624
2520
2589
2618
2714
2570
2527
2495
2520
2520
2565
2532
2503
2479
2442
2457
2474
2496
2507
2422
2402
2374
2484
2379
2362
2337
2391
2271
2323
2378
2375
2300
2324
2287
2336
2243
2286
2227
2274
2192
2241
2216
2170
2173
2156
2042
2114
2122
2063
2161
2045
2128
2074
2048
2104
2006
2014
1965
1962
1980
2079
1969
1954
1999
2042
1916
1912
1975
1977
1915
1857
1880
1895
1905
1945
1903
1820
1809
1810
1810
1836
1835
1810
1746
1742
1749
1832
1736
1788
1765
1834
1824
1748
1751
1717
1765
1736
1677
1642
1645
1722
1688
1806
1720
1693
1697
1607
1624
1609
1632
1598
1573
1697
1640
1681
1575
1602
1658
1637
1603
1610
1557
1590
1539
1547
1540
1563
1521
1579
1648
1511
1554
1533
1563
1567
1463
1474
1551
1579
1467
1449
1499
1463
1401
1510
1407
1460
1484
1455
1484
1451
1515
1452
1497
1455
1443
1398
1400
1431
1453
1389
1380
1363
1397
1339
1396
1399
1336
1349
1373
1367
1366
1363
1363
1333
1340
1372
1325
1405
1278
1380
1347
1355
1276
1205
1311
1326
1284
1335
1244
1284
1253
1185
1255
1304
1289
1278
1309
1229
1288
1168
1229
1209
1259
1304
1210
1167
1192
1203
1247
1186
1207
1209
1200
1219
1205
1130
1184
1160
1239
1203
1159
1111
1167
1193
1136
1113
1177
1171
1151
1056
1159
1098
1132
1130
1123
1115
1152
1120
1121
1077
1103
1125
1116
1090
1173
1161
1114
1085
1095
1052
1143
1103
1154
1124
1114
998
1055
1106
1066
1088
1060
1151
1162
1058
1133
1059
1096
1139
1042
1102
1051
1068
1121
1042
1105
1028
1056
1064
1073
1069
1043
1016
1019
1049
1068
1045
1015
1039
1101
1092
1004
1080
1065
1059
962
1048
1018
968
1046
1006
958
976
993
977
952
1032
1000
985
943
946
918
934
979
1018
938
1024
918
932
918
954
975
970
918
965
945
920
917
881
921
866
894
891
919
875
870
859
907
887
891
890
837
864
856
875
798
806
829
813
833
831
784
820
883
822
819
783
729
818
747
792
812
750
786
765
734
773
739
757
754
765
717
740
746
790
738
705
717
717
669
713
670
691
707
713
679
709
689
706
617
653
729
662
692
645
644
673
698
670
642
662
621
622
635
609
669
659
623
684
627
676
619
645
631
642
616
616
626
613
640
596
606
638
589
582
598
593
595
601
580
625
602
583
602
607
580
616
583
607
562
590
619
541
589
581
549
625
584
537
583
568
553
559
546
555
548
577
591
561
521
578
556
561
536
532
556
525
547
542
548
477
567
515
573
562
534
536
512
521
528
525
515
527
508
503
489
546
516
521
543
518
545
512
544
490
523
461
550
519
497
525
487
505
541
495
465
497
543
492
527
476
484
503
505
455
479
481
498
498
462
474
466
468
493
484
469
509
467
495
531
472
507
477
520
506
495
478
471
502
438
460
470
501
456
458
474
469
468
440
509
466
477
526
475
452
459
436
466
483
438
458
442
426
439
411
458
453
434
431
441
443
447
421
422
469
426
403
434
475
441
418
456
422
415
420
404
439
407
400
431
438
434
444
455
421
438
419
394
397
408
422
434
427
421
400
436
436
442
442
391
436
411
444
408
432
410
383
405
432
397
416
403
434
403
385
413
412
425
423
431
401
406
421
383
420
395
411
417
409
408
424
415
431
387
453
412
406
413
423
382
385
406
409
400
421
380
429
383
410
449
396
415
377
388
427
403
391
386
372
401
382
416
414
386
400
371
409
422
367
391
397
378
367
390
389
400
398
349
415
381
391
377
391
403
389
427
369
355
393
375
365
383
395
377
399
390
386
374
409
431
345
351
418
418
386
368
354
405
372
397
390
358
402
382
364
383
368
348
373
414
371
361
380
370
372
381
375
363
382
365
384
356
374
361
366
333
340
373
350
360
386
362
350
335
355
383
373
374
381
341
345
340
345
337
351
344
332
369
334
347
321
324
340
368
327
328
336
359
330
342
368
335
336
293
330
327
358
365
344
348
330
298
321
309
326
313
338
362
326
308
330
321
309
369
343
345
321
340
319
347
329
326
308
335
297
326
332
332
320
328
350
319
336
321
310
319
303
337
319
313
332
328
316
330
323
316
302
330
300
317
310
313
299
352
325
325
334
342
290
313
287
324
324
326
308
315
326
325
312
327
359
351
347
354
333
295
328
323
330
340
335
321
320
366
320
324
320
304
349
335
319
322
335
317
327
342
345
347
352
334
330
335
350
335
359
375
332
327
349
344
373
336
362
358
365
362
388
363
336
361
398
356
374
368
342
330
386
366
384
361
382
351
387
346
378
369
389
336
365
383
388
334
368
369
388
387
370
375
401
343
369
362
378
345
362
417
378
381
353
376
400
354
372
385
355
382
421
364
393
389
380
340
401
364
388
368
400
319
351
358
344
366
362
338
336
345
346
376
366
366
353
418
349
381
397
381
376
370
380
345
352
339
366
358
328
332
357
323
336
348
361
355
330
360
326
324
333
328
310
369
331
337
322
322
322
307
304
301
294
312
289
315
345
277
295
296
306
313
335
300
304
267
283
273
284
283
326
290
249
297
288
280
280
250
286
280
254
264
255
295
294
278
263
294
328
255
277
265
276
252
240
232
223
240
266
259
270
261
273
220
241
239
211
236
241
271
228
230
226
232
210
224
232
236
217
245
236
211
202
224
213
212
214
221
236
244
195
224
212
184
221
237
216
205
201
212
204
232
232
192
220
227
207
195
171
180
216
213
189
194
192
208
188
194
195
193
215
230
179
198
191
205
212
189
185
205
189
200
173
187
195
176
180
193
175
190
184
201
169
172
188
194
192
194
177
174
185
188
197
174
209
165
196
178
189
173
193
155
177
173
213
173
182
208
168
191
195
165
176
180
171
165
185
201
168
164
174
178
192
187
191
187
169
181
210
181
182
190
192
173
180
188
192
159
164
188
201
174
152
164
176
172
168
204
225
171
190
180
152
180
179
177
175
176
187
172
177
170
194
177
202
199
179
172
170
180
180
175
193
160
155
170
171
173
174
171
161
178
176
179
169
167
176
149
187
174
163
169
184
164
175
180
182
183
181
178
168
155
170
168
160
153
158
187
172
169
163
159
183
173
182
162
166
167
175
163
183
161
190
138
170
182
177
180
178
168
152
187
182
154
165
153
196
162
154
180
182
176
186
169
180
156
167
186
178
188
174
149
174
173
145
173
185
152
146
172
180
160
175
163
155
164
182
167
157
183
181
173
152
167
168
163
167
167
142
171
157
172
123
176
170
179
184
161
162
169
148
171
165
173
140
159
181
172
164
161
168
177
158
174
173
167
174
163
150
171
157
153
175
147
183
165
128
146
167
151
141
161
167
154
154
144
153
176
174
168
155
149
175
143
178
151
162
145
170
134
152
145
150
153
152
151
171
153
158
128
163
187
176
167
170
153
180
154
187
159
163
140
163
188
152
144
159
162
166
147
168
134
154
148
158
174
150
174
174
146
163
156
136
157
159
141
162
162
154
163
154
158
143
122
163
134
154
171
145
142
154
143
135
163
159
167
153
130
149
124
134
161
160
129
166
134
140
133
144
139
154
133
149
137
153
129
136
135
139
130
164
141
135
139
140
150
142
123
140
143
130
169
174
159
142
117
151
146
133
135
153
142
134
122
121
159
125
142
143
153
156
132
141
140
129
125
155
122
124
117
133
134
134
140
136
122
123
122
140
132
119
131
133
133
139
126
134
134
136
127
135
149
136
145
149
152
120
128
143
131
140
124
131
126
145
128
144
124
136
127
135
133
136
131
135
137
138
127
113
119
125
135
142
118
130
121
136
120
125
127
117
126
142
122
143
133
139
117
143
141
126
110
125
141
119
115
130
120
137
138
144
134
110
140
116
131
150
123
113
119
144
104
129
131
129
137
141
156
116
131
96
147
141
135
124
120
140
133
137
116
146
150
109
131
120
129
125
113
136
152
129
122
144
119
143
98
122
136
137
123
114
119
135
140
130
131
138
114
121
134
132
131
141
142
142
134
141
137
120
115
127
121
139
120
143
150
140
142
132
122
122
114
117
132
113
140
118
131
132
164
118
139
132
118
125
140
157
140
156
132
118
118
133
150
140
148
130
109
137
138
141
146
136
122
151
137
116
162
140
165
147
139
132
132
124
138
145
122
115
139
137
146
130
144
126
139
137
146
145
139
138
145
139
146
130
128
135
139
120
158
147
146
140
136
150
135
119
135
155
150
149
138
124
143
140
134
152
153
129
161
131
166
132
141
152
121
134
132
131
135
131
151
147
122
126
149
152
130
136
160
140
126
123
124
147
131
129
146
146
136
133
149
112
145
127
125
127
126
141
137
135
136
128
134
119
129
134
146
130
115
115
137
146
128
117
142
147
131
126
131
123
147
121
135
105
127
106
127
112
136
127
155
126
120
143
115
154
125
132
128
133
123
129
116
135
121
117
130
120
133
135
131
123
129
122
118
115
122
140
122
124
103
116
125
133
123
119
137
132
121
104
116
118
96
121
147
124
124
116
116
143
117
118
115
99
118
123
115
104
131
115
123
119
132
106
104
107
122
123
105
129
96
112
94
106
106
112
112
111
113
126
116
130
98
129
105
107
101
92
105
108
102
100
115
111
113
104
108
103
105
94
90
120
96
110
100
119
90
94
101
102
102
93
103
102
113
109
96
92
96
109
96
104
96
83
92
98
93
95
102
121
102
99
75
102
104
90
97
83
78
92
102
84
86
88
89
90
97
98
93
96
95
88
83
98
92
78
97
83
83
107
88
77
83
100
95
101
82
88
91
85
92
80
83
96
79
104
85
85
89
88
106
88
89
95
97
98
74
78
79
80
66
86
95
87
95
85
91
82
79
70
86
83
72
92
73
80
83
85
68
91
82
90
87
93
91
80
67
81
86
68
92
80
93
87
82
90
86
85
80
76
76
73
81
81
84
95
77
83
70
83
67
76
71
82
88
78
83
95
77
83
86
85
78
84
78
87
65
82
77
86
80
75
78
87
79
70
100
75
68
74
66
79
82
84
71
82
98
98
82
90
95
87
106
96
96
88
89
66
85
97
79
91
77
85
76
73
66
89
90
79
81
73
94
79
80
80
87
87
96
89
87
86
80
80
98
94
83
98
109
89
80
79
87
86
85
87
98
97
75
73
106
95
74
84
85
100
71
90
92
97
91
83
68
99
108
83
90
80
92
89
93
76
82
99
92
93
91
89
78
85
75
87
78
83
91
99
86
72
74
91
94
93
89
91
90
85
89
85
84
105
83
93
100
109
92
99
81
92
109
91
80
90
96
101
95
86
83
128
99
89
92
93
98
81
78
89
103
104
95
94
77
93
87
102
91
94
95
82
104
92
90
98
104
83
90
75
93
91
112
92
95
78
98
90
97
87
97
89
87
101
85
89
93
99
76
108
99
93
82
97
77
110
100
105
98
94
93
97
91
106
104
90
93
99
103
96
107
86
87
101
81
82
79
84
95
95
85
99
83
103
88
95
77
74
84
109
90
93
84
110
104
83
88
85
79
81
89
88
86
81
89
87
71
90
88
95
77
77
85
90
82
84
76
88
75
91
97
79
75
82
75
79
86
80
71
77
64
86
81
86
82
79
69
82
77
81
82
86
68
81
73
73
66
90
80
68
89
86
80
95
93
79
66
86
72
65
83
70
86
80
74
66
71
65
77
82
79
78
75
62
62
68
73
76
70
51
86
83
85
63
62
65
69
76
62
61
72
77
73
55
66
62
60
75
72
82
63
76
60
58
78
74
72
79
56
71
70
65
67
63
65
52
73
63
66
80
80
64
55
75
70
65
75
75
81
52
66
66
80
55
61
69
75
54
63
71
69
55
65
72
57
58
77
74
73
54
63
70
75
63
72
63
73
65
67
63
62
68
69
77
68
68
66
77
58
80
67
63
71
61
79
52
65
58
54
67
69
67
62
68
55
80
70
65
56
64
52
75
61
66
79
61
73
66
70
64
59
63
67
58
75
59
63
57
49
68
52
66
73
67
71
58
53
57
54
57
58
70
60
56
55
60
75
72
62
69
53
58
53
60
61
65
79
61
69
64
56
50
62
73
64
66
61
56
45
68
56
68
57
63
57
52
59
57
60
52
59
52
61
45
74
64
61
52
68
52
47
44
44
60
46
41
53
69
44
56
72
52
66
54
51
54
49
70
49
56
44
61
59
48
53
41
50
43
56
45
62
43
40
54
52
54
44
39
55
51
47
44
58
59
52
40
47
54
54
69
49
67
35
47
49
47
61
51
46
47
51
49
49
45
56
43
48
49
47
41
56
40
55
46
44
51
42
43
42
44
37
44
44
43
35
39
55
54
32
41
51
46
48
36
46
41
52
53
34
36
34
48
43
31
31
50
32
47
38
36
34
51
42
41
54
41
33
49
43
38
50
46
62
37
43
48
46
37
43
40
42
34
37
50
35
47
40
41
33
47
35
53
49
33
41
51
46
33
48
35
37
38
56
43
49
36
49
28
42
43
41
37
52
47
45
31
39
47
48
42
43
36
41
45
45
43
55
47
30
56
36
34
60
43
38
37
37
46
45
43
50
27
41
47
36
32
40
38
43
47
53
41
36
40
38
33
52
46
44
41
50
35
38
33
37
45
41
38
39
43
35
36
45
40
50
43
40
52
42
44
44
47
50
47
49
51
33
46
51
51
29
43
27
44
39
45
39
40
53
42
42
42
42
35
52
45
53
42
34
57
31
40
46
39
40
34
46
32
49
29
45
43
41
46
44
57
43
37
50
45
54
46
45
43
55
55
43
54
51
40
58
43
51
36
48
45
58
46
50
39
49
47
53
37
49
50
47
43
46
55
41
52
53
44
51
53
55
51
45
70
42
57
44
53
47
60
57
58
65
56
48
64
66
59
70
53
47
70
68
61
65
47
58
53
51
55
61
59
71
67
54
59
62
68
67
59
66
56
57
66
56
61
66
58
71
61
60
47
44
76
75
54
65
69
55
68
60
75
63
75
69
66
65
81
68
84
68
59
60
67
72
81
72
70
83
74
68
84
72
93
70
91
74
92
78
72
81
82
70
79
73
78
85
85
75
94
83
84
72
90
90
81
93
87
81
88
88
97
88
94
87
87
95
93
75
89
89
88
74
106
92
82
96
98
89
101
83
101
107
89
96
90
95
97
106
95
90
103
98
107
91
106
97
95
77
127
95
105
85
103
100
97
95
108
98
103
91
100
97
110
102
103
108
122
92
91
115
103
84
103
97
95
104
101
96
99
75
96
92
120
109
83
94
116
112
115
102
108
87
84
78
77
114
109
105
86
85
89
84
98
93
94
107
100
81
90
88
92
79
94
87
71
86
83
70
89
107
98
82
78
71
100
93
110
78
82
99
98
71
87
79
95
77
99
77
83
83
83
79
74
74
72
88
76
75
81
79
75
81
80
68
64
57
79
70
58
81
77
70
88
66
79
51
66
59
48
64
67
69
62
56
67
64
61
57
68
66
53
59
64
49
69
55
56
53
61
48
48
59
43
45
59
64
46
56
53
53
44
57
59
34
44
46
50
61
37
50
54
48
47
43
43
37
42
44
45
32
45
36
41
38
40
36
43
46
49
47
40
39
46
44
35
31
39
37
28
36
47
44
40
37
41
40
35
41
38
39
31
32
37
31
35
25
39
45
35
31
23
34
36
31
26
25
27
27
34
27
30
29
35
32
29
36
39
48
34
34
26
34
38
35
28
27
41
22
31
28
35
35
29
42
31
38
38
47
33
29
37
26
25
32
34
29
43
32
28
32
42
28
31
36
41
33
49
38
37
28
24
32
20
33
30
27
37
35
32
29
38
39
36
29
37
37
39
37
32
29
34
34
24
38
37
27
25
28
39
36
19
31
29
34
32
35
34
38
27
30
38
29
34
32
36
33
19
24
32
32
26
38
33
36
0
