0
0
0
0
0
0
0
0
0
1
0
0
0
0
0
0
0
0
0
0
0
0
0
0
0
0
0
0
0
0
0
0
0
0
0
0
0
0
0
0
0
0
0
0
0
0
0
0
0
0
0
0
0
0
0
0
0
0
0
0
0
0
0
0
0
0
0
0
0
0
0
1
0
0
0
0
0
0
0
0
0
0
0
2
0
0
0
0
0
0
0
0
0
0
0
0
0
0
0
0
0
1
0
1
0
1
0
2
0
0
1
0
0
1
0
1
3
1
2
3
4
2
0
4
0
5
6
1
1
3
3
4
5
2
1
8
6
3
1
5
8
5
9
4
11
14
5
5
8
6
11
12
17
18
16
20
17
23
22
29
33
39
39
28
48
53
67
61
78
104
84
98
123
112
131
157
173
174
193
251
265
322
324
353
394
452
522
540
646
657
768
873
892
958
1013
1111
1105
1160
1204
1260
1250
1356
1250
1343
1332
1402
1393
1402
1459
1428
1411
1462
1497
1504
1562
1550
1566
1455
1446
1474
1520
1492
1522
1423
1486
1497
1513
1577
1438
1482
1501
1466
1457
1442
1478
1445
1411
1402
1430
1435
1381
1435
1363
1433
1355
1333
1295
1298
1306
1258
1337
1389
1312
1279
1243
1257
1306
1319
1267
1263
1283
1323
1291
1347
1267
1269
1263
1343
1221
1303
1237
1286
1271
1292
1279
1307
1320
1239
1317
1366
1303
1329
1343
1411
1430
1303
1348
1396
1326
1349
1342
1387
1374
1447
1483
1418
1477
1404
1448
1461
1452
1451
1467
1466
1410
1429
1421
1508
1459
1538
1427
1527
1543
1508
1502
1556
1478
1478
1547
1505
1482
1459
1501
1503
1521
1507
1592
1448
1435
1488
1476
1453
1463
1493
1517
1517
1430
1449
1392
1376
1453
1454
1402
1378
1503
1360
1426
1374
1422
1341
1354
1357
1336
1299
1363
1317
1266
1288
1275
1270
1238
1262
1265
1247
1209
1265
1216
1217
1198
1205
1176
1203
1205
1204
1191
1134
1185
1116
1152
1110
1131
1071
1148
1036
1092
1059
1148
1098
1048
1024
1078
1011
1066
1033
1052
1058
1043
1041
1011
982
1005
1051
951
1065
956
997
1012
1040
983
1069
1046
1019
1003
1033
985
983
893
1028
950
1025
977
966
997
956
1032
972
1032
1027
943
1016
946
1033
962
999
983
1042
976
993
987
907
975
940
907
978
949
993
920
982
1011
928
1045
952
980
947
955
897
887
955
939
956
865
861
916
949
901
947
860
920
917
932
902
940
909
919
878
830
855
880
877
897
864
902
868
860
875
826
857
795
820
877
758
798
783
828
826
813
783
762
781
787
774
745
775
785
768
791
736
737
767
725
758
782
798
789
706
756
671
731
702
737
725
761
695
700
747
696
744
696
672
712
710
665
693
695
652
710
685
675
656
695
659
627
672
642
661
653
669
668
629
660
646
651
632
645
664
644
641
620
599
625
603
602
626
669
633
661
582
634
594
578
573
622
605
602
623
616
584
571
573
629
552
568
595
596
598
553
566
611
560
584
536
566
516
588
608
560
562
583
550
555
532
547
518
567
544
538
518
556
513
557
511
542
574
505
522
517
568
570
521
525
470
537
517
520
547
526
550
540
534
531
562
503
479
458
501
466
475
492
477
538
502
520
515
510
503
504
521
489
529
505
489
481
507
508
470
481
466
468
450
507
487
443
496
446
470
416
504
474
471
462
490
493
449
447
472
444
495
447
425
450
492
470
429
511
451
454
402
437
440
423
428
423
407
453
442
432
434
442
416
417
403
466
384
401
401
398
415
413
390
404
410
400
364
392
391
410
379
378
379
364
360
327
378
358
420
347
353
386
342
364
376
355
357
381
378
373
349
330
341
345
356
352
324
337
336
347
344
307
336
320
369
315
351
329
306
334
308
311
327
301
274
321
304
306
327
317
328
285
293
329
292
298
287
311
266
294
281
302
308
290
265
265
313
286
256
282
273
283
283
270
312
282
276
294
298
265
266
265
276
267
264
260
291
290
266
273
269
238
248
249
269
263
286
296
242
240
265
292
239
269
245
252
259
271
264
264
259
260
223
248
260
259
241
256
239
232
249
230
223
262
228
248
251
267
232
235
244
244
213
220
236
237
249
207
212
215
212
228
238
219
217
230
239
234
199
217
207
215
225
237
233
241
218
217
228
211
204
191
197
191
232
234
208
197
203
219
203
199
222
199
204
210
172
198
213
212
183
204
228
191
210
184
193
186
195
205
206
193
198
181
196
191
184
208
202
203
175
185
196
214
196
189
203
185
203
193
192
192
204
190
170
172
190
196
173
184
186
170
146
187
197
192
186
183
175
183
178
190
197
166
196
212
169
178
161
178
170
205
178
204
209
171
167
190
168
199
198
173
175
180
176
182
158
162
189
186
150
190
182
161
155
190
171
167
163
162
186
167
171
184
154
186
167
141
181
176
161
162
142
164
173
157
155
138
162
160
163
140
155
168
136
196
154
131
136
129
149
160
157
157
152
157
151
142
128
148
136
132
146
148
144
138
137
156
139
114
151
138
129
151
138
134
125
129
130
138
138
143
142
128
129
118
139
150
117
137
119
141
116
126
124
130
120
128
133
114
136
136
127
122
109
115
121
110
96
116
118
112
103
109
120
107
106
118
113
110
106
112
93
117
119
101
105
116
116
128
110
103
92
108
87
98
123
115
101
103
87
83
92
95
92
113
107
109
83
113
104
84
108
108
100
98
102
104
89
93
82
99
94
100
99
90
82
111
86
104
117
101
101
108
97
86
92
98
102
102
100
107
88
89
91
85
88
86
93
90
95
89
83
89
70
83
88
92
90
84
82
95
103
91
91
91
73
83
74
87
83
82
87
74
63
91
66
80
81
76
83
88
86
91
71
97
90
64
101
81
96
85
73
79
77
72
77
88
93
90
75
90
76
78
77
82
72
83
76
69
75
70
83
80
69
97
76
70
71
85
86
92
79
73
69
93
73
78
72
76
83
78
71
74
80
68
80
79
80
81
82
87
60
82
75
84
95
85
72
65
71
78
73
66
74
77
73
88
73
66
66
86
70
71
59
86
72
85
74
71
83
90
74
76
73
76
72
76
61
62
77
62
49
58
84
71
81
83
74
85
72
71
78
83
58
67
66
79
92
76
77
83
63
74
72
81
74
78
84
80
69
89
69
68
70
70
87
64
72
53
77
68
71
84
68
54
67
83
61
61
62
60
77
81
71
80
80
73
72
69
69
66
58
75
71
65
73
66
65
64
81
65
72
61
67
64
69
69
78
75
65
75
68
68
73
67
64
68
72
59
74
72
65
66
73
60
62
61
72
75
57
76
64
67
65
80
60
65
60
72
77
55
66
59
64
70
64
59
70
66
75
72
65
63
67
55
64
64
62
71
66
79
60
69
73
68
64
62
63
45
74
70
59
59
54
60
66
58
63
60
54
53
62
52
56
50
53
60
50
63
81
61
53
62
66
65
52
55
60
70
57
73
58
65
49
52
48
44
71
58
64
43
76
51
66
70
57
67
44
58
61
41
66
56
62
71
64
68
61
68
56
62
47
70
48
46
56
47
61
46
56
58
55
53
48
60
55
52
39
49
51
50
48
45
55
43
61
45
50
63
50
45
52
73
42
73
51
61
60
60
57
59
60
52
49
67
52
49
77
53
47
59
54
49
67
46
54
75
62
56
53
56
52
60
60
45
50
58
54
43
49
54
38
54
62
45
59
53
53
65
63
47
56
64
46
55
53
76
55
60
57
66
51
70
66
69
64
77
52
55
54
60
72
61
64
51
68
70
68
64
55
68
72
57
54
63
68
63
67
58
55
61
50
59
55
58
74
71
60
50
68
65
65
59
69
68
47
65
75
50
54
72
61
75
62
68
47
60
62
56
74
78
62
66
56
63
67
57
52
55
68
67
72
56
49
65
74
67
55
68
73
76
69
68
57
62
73
58
62
58
52
54
64
66
55
66
64
60
59
55
69
51
57
65
46
64
60
64
52
56
51
51
58
58
58
64
61
51
53
47
55
62
54
53
54
53
58
45
48
40
51
53
53
59
50
55
40
51
50
46
44
50
57
44
40
58
54
47
42
47
47
44
57
49
49
44
52
41
35
40
40
42
31
45
31
40
46
47
44
41
44
42
44
42
35
52
34
47
36
45
43
47
36
45
34
26
36
39
35
49
44
42
45
39
36
35
36
36
40
43
36
41
35
35
52
32
36
51
40
27
39
31
36
29
30
35
32
30
25
38
32
29
41
31
35
40
44
31
33
34
35
39
36
31
32
31
35
24
28
25
25
30
32
35
35
35
34
18
36
45
29
42
25
19
27
32
44
31
32
33
24
29
28
37
33
27
24
32
37
29
30
35
29
35
33
35
23
31
37
34
29
33
29
32
37
35
39
32
35
23
37
38
38
25
41
42
25
33
25
31
40
23
37
36
24
40
33
31
41
22
28
32
27
35
26
24
28
31
31
31
31
38
28
42
39
30
31
35
25
23
34
28
27
26
33
32
21
28
26
35
29
28
36
37
33
34
45
30
31
31
32
25
29
29
38
29
30
28
34
31
26
24
32
30
31
37
34
34
27
30
30
32
27
31
33
31
28
25
37
25
33
28
33
25
34
28
23
34
23
31
28
32
21
26
22
31
40
37
44
32
26
31
28
33
29
26
36
33
27
29
27
23
25
33
25
32
31
32
21
31
36
34
36
25
19
23
32
34
27
25
27
27
36
26
38
33
31
24
24
29
28
38
25
18
35
23
21
29
18
37
18
31
24
34
44
31
28
26
29
23
29
25
35
35
31
27
32
25
26
31
38
30
24
34
30
29
29
28
32
27
30
24
35
37
38
26
32
34
36
31
20
25
28
22
16
37
27
25
27
34
36
24
29
32
41
24
32
26
39
21
37
42
23
29
28
25
30
30
21
35
27
36
37
28
41
31
35
35
23
31
24
25
23
32
33
28
33
36
28
16
23
29
25
24
32
37
27
25
24
26
24
24
25
22
30
27
17
25
26
34
17
20
27
27
31
24
26
35
32
25
25
31
23
24
20
27
29
30
26
24
29
28
22
22
28
14
20
29
17
21
29
23
34
15
25
21
23
22
30
24
30
24
29
23
18
23
20
26
18
26
22
26
26
26
29
29
22
34
15
28
27
31
30
12
18
19
24
28
17
19
19
22
19
25
24
20
29
25
18
29
21
24
28
18
27
18
19
26
28
22
20
20
38
20
21
16
28
26
23
22
21
23
17
26
20
22
25
24
19
25
14
20
25
20
15
19
22
25
24
24
27
21
17
27
22
32
14
17
30
26
22
21
18
25
26
31
18
19
23
25
25
21
11
20
32
28
15
19
20
29
23
19
18
22
23
19
25
26
19
18
11
23
21
19
21
26
23
22
27
25
21
25
24
21
20
25
9
22
24
26
25
22
20
28
19
20
35
19
29
23
18
33
20
25
24
31
18
25
25
18
31
21
22
23
17
28
26
15
18
17
25
14
20
16
18
19
28
25
25
15
23
25
25
22
21
26
28
33
18
13
19
26
21
22
22
32
24
20
25
34
22
22
20
23
25
26
28
23
20
32
26
18
25
26
26
17
27
29
20
16
20
24
28
19
20
26
21
22
31
19
19
20
19
28
29
26
27
21
22
32
27
25
27
28
28
27
21
30
32
24
37
31
25
31
27
24
13
23
15
17
24
27
20
28
28
28
25
27
19
22
32
22
28
20
24
27
31
9
24
19
24
29
24
32
21
20
21
27
23
26
21
23
25
26
27
25
25
26
15
15
23
26
22
23
15
16
12
22
15
20
21
25
27
25
23
19
22
23
29
18
20
24
20
24
18
22
28
30
25
24
24
18
23
28
25
25
21
25
29
15
20
22
22
24
21
30
32
41
25
20
23
28
22
19
26
14
19
22
23
26
15
26
13
17
17
20
18
24
18
23
23
17
17
17
22
17
24
22
21
20
20
14
16
24
15
16
21
24
23
14
26
20
21
19
23
30
18
29
23
17
22
26
23
28
23
21
28
18
17
25
15
27
29
25
24
17
26
14
28
18
14
19
17
21
23
21
23
27
23
14
24
25
22
26
23
27
23
22
23
33
24
12
17
23
21
15
26
24
21
20
16
20
26
20
19
21
23
18
17
13
12
19
15
17
19
14
21
22
23
12
18
19
30
21
30
21
20
14
9
19
19
23
15
16
20
16
13
13
16
22
20
23
14
15
21
16
9
16
19
15
16
11
13
15
14
22
12
10
12
13
25
17
15
21
17
19
19
11
12
20
13
15
17
12
19
17
20
18
18
15
13
14
7
18
11
22
11
11
17
11
11
17
16
8
10
12
15
10
17
17
18
14
19
27
17
11
20
19
11
14
15
23
22
10
13
18
12
13
15
11
19
15
15
12
16
8
15
21
20
16
25
14
22
15
8
24
17
15
13
12
22
16
9
17
13
15
12
14
10
12
17
4
15
8
11
16
24
16
22
12
10
12
26
12
18
18
12
13
13
22
15
17
10
20
15
20
11
15
7
16
20
12
10
10
12
12
18
18
21
15
11
13
14
14
11
9
8
9
13
17
16
13
18
17
12
16
17
16
17
12
11
16
12
11
14
20
17
7
17
20
17
22
18
19
12
9
10
12
17
15
15
13
12
14
12
16
10
9
17
15
21
20
11
10
19
11
16
11
16
11
20
16
15
19
18
11
17
9
20
13
23
20
17
22
13
18
18
9
13
8
15
12
19
12
15
19
14
16
12
10
15
15
18
14
10
11
14
17
12
9
14
17
21
17
11
19
15
17
20
18
17
13
12
18
12
20
21
14
24
13
15
8
13
21
16
16
12
17
9
17
9
17
11
19
7
16
18
21
8
21
16
16
15
18
17
22
15
18
13
19
20
10
24
20
15
13
19
20
18
10
13
22
16
9
23
14
18
12
12
17
24
14
15
17
15
10
13
8
14
14
8
9
11
21
13
13
20
16
19
11
15
19
12
14
18
17
18
17
17
20
13
24
14
16
24
14
16
11
16
15
24
17
8
13
19
15
9
16
8
16
20
14
15
10
12
12
10
13
15
10
13
12
12
12
11
17
19
9
6
12
9
6
13
10
7
18
11
14
14
15
6
12
16
13
8
10
8
11
15
10
15
12
12
22
9
11
18
7
19
9
19
12
13
12
19
15
15
11
12
8
9
8
8
24
13
18
8
11
12
13
11
17
15
13
12
12
18
18
16
12
14
19
16
11
15
18
13
11
13
15
13
12
13
12
6
14
13
13
12
9
14
16
14
11
23
11
9
5
10
13
9
20
10
18
10
17
11
11
15
14
17
12
10
8
11
10
12
11
9
10
15
11
15
12
14
7
9
12
11
19
10
17
10
23
11
11
12
11
16
10
12
15
14
16
13
8
15
11
10
10
6
10
10
6
6
11
10
17
15
9
15
13
9
19
8
17
16
18
14
11
13
12
15
12
9
9
11
5
14
11
13
9
8
13
14
7
17
14
11
8
14
15
14
15
15
8
13
5
6
13
9
14
8
5
11
10
15
10
7
13
14
6
12
12
11
10
8
9
14
11
10
6
12
11
13
7
12
8
17
10
11
12
9
11
5
7
10
11
9
6
8
4
14
11
15
6
12
15
11
9
11
9
10
14
16
7
14
16
7
5
9
9
8
13
4
8
11
14
8
14
6
10
13
9
5
8
11
5
7
8
10
9
6
9
9
10
7
6
14
6
9
12
10
11
12
9
11
8
10
12
2
10
4
9
7
11
12
8
7
12
5
11
7
10
5
7
12
7
8
12
6
13
9
10
5
11
13
4
12
13
7
8
8
11
9
8
6
8
5
5
11
6
13
5
7
5
6
8
10
4
6
7
9
9
7
6
6
3
12
7
8
4
5
12
5
12
11
6
5
6
8
7
10
5
7
10
8
7
7
2
8
5
4
5
14
8
6
4
3
3
5
6
11
7
9
6
9
9
4
9
8
13
11
6
8
6
16
6
8
6
8
14
12
9
5
8
7
11
7
6
9
4
7
10
7
3
9
6
9
8
3
3
3
4
10
9
8
14
6
9
9
8
7
7
3
5
11
13
13
8
5
8
4
8
5
5
7
12
6
5
12
6
11
9
10
5
16
9
7
8
7
12
7
7
8
7
5
6
5
9
9
8
5
4
8
6
10
4
7
4
6
6
10
3
13
16
4
13
6
11
11
6
4
8
8
9
8
5
9
6
7
14
5
12
4
6
10
6
8
10
7
4
5
4
10
7
11
5
7
5
5
7
12
8
6
5
12
9
8
11
11
8
10
6
10
6
5
9
9
7
6
6
8
10
11
5
7
7
6
6
6
8
9
13
12
9
6
9
10
11
10
10
5
17
7
10
9
9
10
9
8
5
7
4
12
9
8
6
9
17
15
6
15
5
4
5
9
8
12
9
13
12
9
8
14
12
11
11
18
16
13
11
9
7
12
13
9
5
16
14
13
12
12
8
9
9
15
11
9
11
13
15
10
13
17
12
17
12
13
15
20
10
9
10
21
9
10
12
18
15
10
13
11
11
15
12
6
12
9
11
10
17
7
16
15
7
13
14
21
14
4
13
17
12
20
12
11
19
14
14
10
12
14
19
13
14
22
14
7
14
15
10
13
10
14
13
16
14
11
11
9
10
16
20
15
19
24
17
20
16
15
15
20
14
19
12
20
18
12
18
22
14
14
15
13
24
15
11
19
8
13
13
20
18
19
14
14
13
13
18
20
17
19
19
13
18
17
23
11
15
17
12
15
30
12
15
25
14
20
17
21
13
12
13
22
13
14
18
17
13
16
14
23
22
16
17
19
23
14
18
18
15
19
18
11
16
17
25
11
14
11
21
17
16
17
11
23
12
12
16
20
9
10
20
11
12
11
13
11
12
16
11
18
15
8
7
10
7
15
15
8
10
11
9
10
15
8
6
13
7
8
7
9
11
12
14
8
8
13
10
16
11
7
6
8
12
9
5
13
8
13
11
11
7
10
16
7
5
10
4
8
12
4
6
5
8
7
8
7
7
14
8
8
11
5
8
11
12
8
10
11
6
7
5
9
8
3
8
6
8
6
8
7
7
11
5
6
4
8
6
4
7
8
5
8
5
7
3
6
5
10
10
5
8
4
3
6
5
12
5
5
3
3
8
10
7
6
6
6
8
5
4
8
9
5
1
1
14
10
3
5
3
3
5
6
7
6
4
9
9
7
3
6
6
6
5
4
8
6
2
4
4
1
5
4
13
4
13
6
9
4
4
5
8
6
2
3
6
6
5
4
7
7
6
4
4
9
10
7
5
2
3
5
5
6
6
2
6
5
10
8
5
10
4
8
2
5
10
2
4
8
6
6
6
5
7
10
8
7
6
6
8
6
5
7
1
5
12
6
5
7
6
7
6
1
7
5
3
5
4
6
4
14
6
2
4
2
4
5
0
