0
0
0
0
0
0
0
0
0
0
0
0
0
0
0
0
0
0
0
0
0
0
0
0
0
0
0
0
0
0
0
0
1
0
0
0
0
0
0
0
0
0
0
0
0
0
0
0
0
0
0
0
0
0
0
0
0
0
0
0
0
0
0
0
0
1
0
0
0
0
0
0
0
0
0
0
0
0
0
0
0
0
0
0
0
0
0
0
0
0
0
1
1
1
1
2
2
0
0
2
1
2
1
2
1
1
2
5
2
4
8
8
4
7
8
4
13
15
4
8
8
4
11
16
10
10
10
5
19
18
14
12
8
10
20
16
17
26
15
20
31
32
32
45
27
23
29
36
30
28
37
45
53
41
46
51
48
57
75
67
67
70
78
86
85
100
97
117
116
127
130
162
135
178
204
218
248
242
267
281
352
361
410
416
486
529
578
699
726
712
823
913
1015
973
1090
1135
1173
1303
1337
1354
1389
1394
1438
1455
1514
1510
1598
1552
1555
1684
1551
1637
1571
1663
1590
1655
1630
1684
1636
1732
1628
1663
1679
1677
1641
1657
1616
1680
1716
1616
1582
1636
1696
1574
1650
1592
1625
1632
1606
1600
1494
1563
1512
1487
1579
1505
1435
1482
1584
1464
1440
1476
1432
1465
1487
1522
1447
1458
1478
1440
1401
1448
1443
1490
1424
1411
1385
1467
1383
1494
1345
1384
1463
1440
1398
1464
1451
1451
1372
1438
1392
1520
1440
1434
1479
1432
1519
1508
1443
1505
1480
1458
1516
1570
1518
1554
1519
1568
1533
1534
1583
1576
1531
1579
1531
1641
1597
1599
1480
1615
1624
1530
1604
1583
1593
1567
1601
1592
1636
1639
1643
1569
1610
1605
1634
1620
1601
1635
1569
1587
1576
1546
1533
1613
1523
1562
1480
1564
1550
1566
1584
1450
1512
1542
1567
1525
1523
1524
1446
1530
1496
1429
1472
1444
1488
1350
1461
1382
1397
1381
1378
1425
1362
1444
1333
1344
1347
1332
1272
1359
1325
1320
1242
1272
1275
1317
1262
1283
1246
1271
1273
1281
1204
1284
1243
1249
1236
1171
1116
1203
1209
1223
1164
1226
1160
1243
1164
1229
1142
1166
1134
1273
1167
1148
1135
1174
1187
1091
1137
1195
1134
1095
1141
1123
1160
1195
1088
1127
1129
1097
1067
1158
1158
1129
1084
1191
1116
1172
1129
1111
1087
1074
1129
1195
1109
1165
1102
1090
1104
1064
1091
1079
1093
1115
1111
1072
1068
1114
1060
1139
1052
1033
1037
1017
1059
1078
1077
1063
986
1109
1007
1068
998
1036
1048
1006
1068
1019
1049
1060
1017
1049
1076
1096
1047
1068
953
1024
1011
1025
1007
980
999
916
963
955
942
990
985
984
902
1013
973
906
946
906
972
998
933
912
932
971
1018
884
916
982
917
876
981
916
902
923
877
887
844
866
944
895
882
850
872
886
856
928
885
812
811
866
830
840
796
793
810
812
844
832
818
827
825
796
814
823
790
814
818
785
797
800
809
765
796
797
795
804
795
839
737
814
843
757
757
756
749
824
702
754
749
802
698
723
713
771
693
764
722
755
747
758
721
761
780
744
732
734
751
716
735
741
732
736
714
734
726
773
718
755
744
775
754
760
688
761
691
759
658
751
748
708
710
759
734
717
713
767
754
705
721
682
706
701
681
674
661
704
656
710
670
676
698
700
721
765
700
703
662
690
713
689
682
709
705
688
657
689
654
678
726
616
666
664
704
682
655
694
646
695
644
624
683
610
658
676
643
652
671
663
664
664
582
704
614
685
634
711
579
647
663
613
594
643
625
641
621
700
591
645
606
631
617
632
655
580
543
620
594
620
579
620
595
561
600
602
561
581
592
598
588
576
570
575
536
538
575
511
556
521
541
522
564
526
515
587
599
515
512
578
550
522
543
510
557
500
521
532
545
537
508
529
470
499
500
481
458
521
496
519
496
470
423
508
486
465
453
472
491
491
494
505
487
476
458
499
448
454
504
491
490
470
442
432
457
463
451
451
496
464
426
449
417
449
421
482
452
474
410
437
459
467
407
439
440
402
397
425
467
470
428
429
429
424
405
383
433
437
412
428
400
385
412
421
405
409
399
428
383
408
400
421
413
380
353
394
359
426
375
385
365
364
380
411
387
356
399
381
394
398
364
377
345
360
376
369
384
373
376
354
410
384
358
385
362
372
359
339
332
336
372
349
380
370
350
320
342
336
342
355
367
344
335
365
336
324
358
355
335
370
327
348
366
336
327
346
314
340
318
337
336
345
323
347
309
312
330
297
331
298
354
303
313
318
346
355
318
340
312
313
287
328
329
310
322
305
312
292
301
328
313
303
315
331
332
316
332
343
313
274
315
318
318
288
295
287
273
288
306
289
317
288
313
279
308
302
296
283
269
318
278
335
285
297
284
285
321
302
311
301
297
318
295
291
292
293
312
309
294
318
262
299
304
291
290
269
306
278
259
294
290
253
300
269
292
266
303
324
267
275
296
301
279
276
277
278
272
269
253
275
277
252
266
271
256
256
284
258
248
259
223
255
263
278
235
269
250
258
258
243
238
221
258
258
249
235
248
245
257
251
242
258
261
269
244
245
255
230
238
247
218
227
254
244
214
242
227
209
219
236
261
225
226
223
223
233
227
206
214
216
246
258
232
211
221
198
251
223
215
210
224
231
217
234
217
222
216
242
209
223
229
226
188
214
208
203
221
205
207
227
213
217
200
190
209
228
219
200
220
206
201
203
203
221
220
211
203
201
187
212
204
194
197
201
223
194
192
209
202
183
228
196
208
202
230
174
206
197
212
204
215
199
187
169
172
186
184
199
187
202
178
177
176
207
201
173
190
195
198
204
178
177
184
178
184
161
196
193
209
207
179
177
195
202
188
189
182
216
187
192
193
183
185
189
201
203
194
195
176
205
182
174
168
173
179
180
185
190
212
189
200
195
177
175
174
187
201
191
173
165
196
170
176
164
167
176
174
184
165
188
203
185
194
180
173
173
161
178
155
151
167
162
202
186
174
166
170
157
175
174
171
162
172
183
169
174
153
176
151
180
166
181
176
191
180
174
194
171
171
166
183
154
177
158
168
171
184
181
184
177
146
154
172
152
174
170
187
170
165
177
171
158
150
174
160
187
160
151
164
156
159
166
157
155
170
158
175
170
187
152
170
146
163
147
162
160
147
163
165
155
151
159
139
166
163
176
148
156
171
154
166
157
166
142
150
176
156
170
176
162
160
152
177
158
167
152
159
153
162
160
125
164
140
155
170
160
148
137
149
153
147
176
156
150
138
162
166
151
169
150
161
152
141
162
147
167
165
153
141
170
149
147
139
141
143
157
161
128
149
141
152
148
128
158
139
153
154
155
143
132
175
149
152
143
139
147
156
138
147
156
159
163
150
142
153
156
147
154
136
157
131
140
136
164
172
143
167
160
126
149
149
143
149
156
141
134
153
154
153
158
147
134
142
144
145
155
153
136
150
135
147
117
163
152
131
157
154
150
138
146
157
124
149
148
153
137
168
134
143
139
125
145
128
159
149
142
119
129
131
126
121
134
139
121
126
131
135
134
153
123
170
144
123
143
126
144
142
139
128
142
158
133
123
132
152
135
153
133
144
140
116
134
121
129
130
125
127
128
113
124
142
144
105
137
126
126
129
148
115
142
155
131
130
150
132
122
147
143
123
123
134
122
136
137
132
150
116
114
135
132
133
112
125
130
138
132
140
147
122
127
144
137
143
133
124
117
140
153
128
141
166
132
132
148
121
122
124
149
125
157
145
124
123
158
133
134
131
144
137
156
122
173
141
140
132
128
152
134
140
118
140
123
116
148
146
150
153
155
129
135
136
122
140
138
143
157
134
146
132
135
150
133
143
136
134
133
129
129
139
141
152
147
134
134
124
149
128
150
132
127
117
144
147
150
153
156
148
144
132
153
119
143
161
131
106
152
126
131
123
141
128
114
149
135
124
134
128
140
135
131
153
128
122
142
139
137
152
146
145
147
149
111
130
123
129
151
124
132
134
146
126
155
130
133
139
117
127
128
146
156
137
117
115
139
125
139
149
128
123
134
124
129
128
141
121
116
155
127
119
119
120
134
135
130
110
146
117
135
121
135
152
119
117
138
134
117
109
128
123
128
118
121
139
116
106
119
128
118
107
114
117
122
133
123
117
95
127
117
134
111
111
118
123
118
114
142
128
116
110
122
120
116
120
110
111
112
108
116
115
114
107
129
100
142
103
96
108
124
111
109
123
132
116
131
89
125
121
109
118
98
119
94
104
111
114
87
113
102
100
100
109
117
94
111
103
114
115
109
122
103
112
111
114
103
114
92
108
117
102
116
98
115
105
112
112
106
112
112
113
92
112
110
119
77
99
95
106
112
116
96
96
101
99
116
88
96
104
99
107
107
95
95
98
108
93
100
91
94
100
102
86
133
111
127
111
106
92
105
102
97
85
109
125
100
95
87
92
100
108
100
118
131
114
114
108
100
111
104
109
98
102
110
128
95
116
104
107
108
94
121
105
120
103
120
99
117
107
85
111
91
111
99
98
104
103
98
102
107
104
104
90
110
89
106
83
99
96
106
102
93
96
104
90
101
98
92
110
79
80
76
101
101
103
83
97
92
115
98
100
116
105
99
108
102
88
109
91
107
102
96
107
106
109
103
96
131
101
104
91
91
116
95
121
110
101
112
100
113
110
115
100
84
90
98
110
105
103
94
103
125
98
93
90
92
82
109
99
89
82
83
103
107
97
97
99
103
95
111
111
80
97
106
108
119
102
104
79
106
95
126
94
108
105
95
109
111
92
106
101
85
99
106
88
85
128
108
110
84
109
106
104
119
103
108
102
94
115
95
90
94
98
120
107
81
86
99
111
107
91
106
107
96
112
103
109
104
104
93
96
105
104
107
106
98
103
110
92
98
100
100
91
90
107
107
80
99
91
103
106
104
96
117
78
106
105
101
113
91
83
98
109
119
97
89
119
113
87
95
101
99
93
90
102
123
93
121
108
128
115
103
119
102
101
92
120
108
95
103
103
95
94
122
98
98
93
76
103
92
93
98
117
101
102
102
108
99
103
113
113
120
89
89
90
124
90
87
86
100
109
95
101
107
93
97
118
118
102
95
82
111
105
104
102
109
91
117
112
127
94
83
102
102
98
91
113
99
79
89
101
93
84
100
103
109
117
100
110
105
106
93
121
108
108
102
106
93
94
110
115
100
95
114
129
88
113
93
109
100
102
111
95
116
103
68
106
94
106
109
107
112
89
113
114
108
84
99
107
99
103
99
101
91
105
95
120
103
107
106
99
100
105
107
95
87
111
104
88
101
91
101
111
101
92
86
93
93
120
114
103
82
106
113
115
122
104
96
122
109
103
112
94
83
112
107
107
75
99
102
99
97
105
119
99
116
96
72
84
102
79
113
110
85
121
114
101
121
111
96
97
131
101
94
112
74
101
108
100
91
94
114
100
102
90
116
116
108
119
105
101
116
102
118
114
93
102
103
109
101
95
112
103
107
90
95
101
104
124
105
99
111
108
101
107
105
108
97
82
81
105
95
110
104
100
105
117
118
107
99
111
100
103
105
108
100
103
101
102
112
103
111
107
97
97
97
95
125
131
92
103
115
110
118
111
101
100
116
106
89
108
97
91
101
102
112
112
102
111
117
92
114
86
109
94
126
97
93
105
104
117
99
108
112
98
99
89
122
97
100
117
99
74
88
104
100
108
115
102
117
99
114
105
102
115
107
103
102
129
103
99
92
100
113
112
103
105
96
93
100
117
100
121
92
101
104
96
98
87
91
102
100
108
97
98
103
119
96
120
96
91
103
87
89
81
99
111
121
110
91
113
96
92
91
103
96
115
95
102
94
102
85
114
81
97
86
89
112
85
104
105
128
77
107
111
102
112
115
97
97
96
92
98
93
103
96
100
82
80
110
94
94
87
127
88
106
87
98
88
88
96
84
101
72
92
85
79
88
90
94
86
95
89
103
89
88
92
90
91
95
90
100
70
107
96
94
84
80
81
82
84
101
83
93
68
77
86
99
93
83
105
86
82
84
69
93
72
91
79
60
85
85
82
92
76
81
71
76
96
73
86
88
83
60
76
81
81
81
73
87
81
69
77
80
75
63
59
98
75
81
69
82
73
82
84
91
89
69
84
68
63
78
95
76
77
83
65
73
77
75
72
63
52
64
87
61
71
74
76
75
69
87
82
71
78
73
75
58
82
71
47
71
64
89
84
65
67
71
59
72
67
62
84
73
67
62
58
73
77
66
68
73
68
59
72
52
77
61
78
73
58
65
61
66
67
84
86
64
81
67
64
76
63
65
64
60
59
58
59
74
65
66
75
70
54
79
57
68
69
64
62
78
71
66
57
63
51
66
72
66
60
69
59
70
60
71
62
54
65
57
56
71
69
64
70
62
54
60
54
87
59
55
50
61
66
66
63
51
64
56
57
54
77
63
70
60
63
58
69
80
57
75
74
62
74
60
69
59
62
62
71
55
67
67
51
54
51
63
68
63
58
60
81
50
66
65
65
66
68
60
67
61
56
62
65
58
60
59
60
56
60
62
55
56
68
56
44
59
61
52
65
77
54
62
63
53
68
47
58
68
61
57
56
60
58
64
60
62
50
63
67
52
62
45
56
61
59
70
44
62
68
61
61
63
73
47
55
65
53
50
41
57
65
55
60
59
53
56
47
60
56
72
45
65
58
65
37
57
61
69
63
59
48
64
57
45
57
51
54
59
60
77
52
52
58
54
52
64
51
53
40
58
52
48
51
62
47
60
52
59
67
56
55
44
62
55
56
46
50
52
59
44
55
52
47
47
59
65
56
57
57
51
57
72
48
62
59
46
60
54
55
57
58
51
63
56
63
79
62
63
61
61
53
52
58
64
58
74
50
64
60
60
58
62
59
63
74
78
66
66
61
59
86
70
76
67
64
68
77
72
69
81
72
58
82
84
66
80
85
66
90
82
69
82
82
87
84
88
82
82
82
75
79
101
95
83
83
98
78
88
87
113
99
89
89
107
91
96
90
120
99
103
114
108
107
102
119
116
114
96
108
121
130
119
107
123
115
103
97
136
104
115
121
116
143
145
108
135
122
137
119
116
142
138
146
115
118
154
168
147
158
132
131
155
149
154
164
163
146
179
138
163
148
155
146
158
157
168
165
184
157
170
178
152
168
160
148
147
168
157
174
151
172
173
178
179
184
161
158
172
187
165
166
176
161
172
165
157
158
197
171
161
138
168
164
154
150
166
162
183
170
151
169
167
158
174
176
156
156
176
164
168
184
176
167
163
157
162
151
157
158
165
169
154
179
142
159
157
161
157
143
148
143
156
144
129
127
138
135
162
138
150
138
128
132
142
142
152
146
123
153
123
130
126
112
118
128
112
127
124
131
112
108
106
111
110
108
120
106
107
104
109
87
107
107
81
100
92
115
108
89
86
86
79
87
89
97
77
84
86
95
71
101
81
80
79
51
55
65
69
68
77
56
63
56
72
60
62
57
60
57
58
63
54
53
58
58
53
44
48
42
49
59
49
48
44
43
60
45
29
36
30
47
44
36
35
40
34
35
40
35
30
35
34
35
40
38
34
41
33
45
40
26
34
38
22
24
27
30
25
27
25
30
31
38
23
22
29
32
28
28
21
24
21
29
35
27
27
28
20
21
23
29
29
25
32
28
24
26
27
31
29
24
19
29
21
33
33
20
18
21
31
22
26
35
22
30
28
26
41
38
25
23
29
33
40
27
25
43
44
34
21
34
29
33
34
40
20
29
27
37
37
33
34
23
36
44
45
37
30
49
41
39
36
40
53
58
53
41
52
41
47
46
33
48
45
57
43
36
56
55
52
36
34
51
57
62
57
51
46
58
73
62
56
55
69
64
62
74
71
62
78
67
63
63
70
62
70
63
69
55
74
64
77
79
67
60
86
74
75
83
66
98
105
81
86
102
88
83
89
82
88
95
88
100
84
105
93
104
110
106
110
99
106
86
89
107
97
98
106
115
119
89
118
120
101
105
99
110
116
119
121
103
104
131
109
127
127
113
131
139
127
126
115
119
111
130
141
130
127
119
138
112
140
123
113
132
114
130
141
131
127
128
139
150
134
135
133
111
128
133
134
117
119
115
127
157
115
141
132
137
131
146
128
118
112
116
116
136
113
143
123
134
119
121
126
146
126
115
141
125
114
122
144
111
127
118
133
115
119
120
111
123
109
96
126
124
115
119
107
99
108
107
129
88
90
111
127
100
105
106
98
107
83
99
89
126
104
83
97
90
97
87
75
91
69
89
90
78
81
75
83
91
89
81
62
71
75
68
81
74
71
61
57
71
74
84
69
65
56
53
54
70
70
58
62
60
67
52
63
46
68
46
49
61
49
33
50
60
49
39
48
33
46
43
49
40
49
39
52
53
42
41
49
48
38
42
24
30
36
31
33
32
45
26
42
29
31
35
29
32
22
29
22
21
28
19
28
34
23
35
33
24
33
15
33
25
30
32
20
27
21
13
19
12
29
18
18
19
17
16
25
26
19
16
20
21
21
20
30
22
19
13
15
19
34
15
26
15
15
12
16
16
16
16
24
20
13
21
13
18
15
23
12
20
15
9
13
20
13
17
18
20
23
19
18
9
15
14
14
22
15
21
11
11
15
13
12
13
18
16
19
20
25
14
15
24
17
17
20
14
19
12
24
23
20
15
27
15
13
16
22
10
20
20
21
18
18
17
17
9
20
11
20
18
15
11
17
23
20
15
15
16
14
25
27
14
14
15
19
13
20
12
24
19
14
21
22
23
13
21
17
7
12
15
17
14
8
16
11
14
18
20
20
13
16
23
15
19
20
17
19
18
19
26
12
14
14
19
13
20
19
15
15
16
13
22
13
25
14
20
19
24
12
17
24
19
14
16
10
11
8
8
13
14
13
14
15
11
15
11
10
14
10
15
19
14
16
10
17
18
12
22
20
12
15
19
7
9
20
11
14
12
12
15
15
13
8
15
13
16
10
16
11
10
7
10
11
13
10
12
6
12
12
9
14
10
14
11
12
9
9
14
10
11
13
12
10
11
9
10
15
11
13
7
12
8
11
9
10
8
6
8
13
10
6
8
9
7
9
3
10
9
8
7
6
7
6
11
3
8
7
8
9
8
9
7
12
9
8
7
5
7
5
4
8
6
8
6
6
9
6
9
4
4
3
7
3
3
6
4
9
10
11
6
4
4
7
8
4
8
8
5
3
3
5
6
6
11
4
4
5
2
9
5
8
3
7
5
8
8
5
8
9
2
9
8
6
9
4
8
4
7
9
3
3
4
1
3
4
6
6
7
4
12
2
1
2
5
3
8
8
8
6
6
5
2
6
5
4
6
5
0
3
6
5
7
9
4
2
5
6
4
10
6
3
5
3
3
4
5
6
8
4
4
6
6
4
8
6
2
7
4
2
4
7
7
7
5
2
6
7
4
3
8
5
3
6
4
8
2
6
3
7
9
7
6
4
8
5
2
0
