2
0
0
0
0
0
0
0
0
0
0
0
0
0
1
0
0
0
0
0
0
0
1
0
0
0
0
0
0
0
0
0
0
0
0
0
0
0
0
0
0
0
0
0
0
0
0
0
0
0
0
0
0
0
1
0
1
0
0
0
0
0
1
1
0
0
0
0
1
0
0
0
1
0
0
1
0
1
2
4
1
1
3
1
1
2
1
1
1
2
1
1
2
3
3
6
2
4
2
6
5
5
6
9
6
8
3
17
10
12
11
11
14
16
21
23
22
23
25
31
21
22
31
31
29
24
39
47
45
44
53
45
50
52
61
65
78
78
82
77
70
86
95
112
117
122
120
126
148
154
155
191
168
194
186
218
228
246
248
334
319
304
393
380
423
469
491
550
610
669
703
771
865
909
1038
1129
1224
1330
1344
1516
1635
1765
1837
2020
2197
2262
2485
2663
2760
3022
3171
3216
3455
3530
3762
3793
4149
4181
4143
4384
4429
4564
4678
4758
4789
4898
4950
4699
4775
5020
4903
4889
5026
4968
4810
5000
4982
4988
4884
4931
4884
4915
5140
4803
4893
4814
4850
4866
4767
4821
4707
4871
4777
4774
4803
4678
4713
4646
4579
4662
4764
4606
4529
4595
4480
4558
4559
4537
4523
4545
4508
4452
4424
4408
4516
4389
4303
4389
4412
4355
4464
4298
4255
4234
4312
4223
4245
4312
4211
4234
4240
4250
4086
4342
4056
4156
4249
3998
4123
4125
4066
4145
4062
4103
4085
4014
4048
4009
4063
4129
4027
3976
4019
4031
4104
3991
4065
4017
3949
3870
3834
3966
3729
3855
3757
3822
3783
3782
3704
3664
3765
3649
3633
3707
3645
3649
3537
3567
3673
3616
3418
3562
3528
3548
3333
3464
3340
3544
3346
3469
3333
3343
3501
3339
3264
3400
3197
3336
3161
3283
3263
3237
3238
3112
3149
3245
3216
3115
3176
3142
3100
3118
3116
3055
3095
3133
3069
2974
3091
3125
3084
2971
3067
3108
3062
2997
3056
2998
3034
3054
2944
2942
2974
3042
2990
2967
2970
3061
2956
2992
3049
2946
2929
2964
2961
2983
2936
2859
2914
2989
2911
2942
2939
2905
2909
2895
2881
2957
2987
2992
2947
3000
3019
2849
2955
2880
2983
2960
2931
2928
2925
2931
2863
2895
3003
2945
2966
3057
3006
2943
2943
3052
2889
3041
2978
3076
3023
3018
2969
2974
3116
2965
2969
3043
2983
3102
3011
2943
3002
2961
3047
3075
3066
2989
2995
3035
3107
3123
2924
3061
2954
3060
2961
3027
2999
2913
3017
3046
2937
3054
2883
2996
3018
2992
2874
3104
2972
3027
2963
2892
3008
2815
2960
2968
2805
2966
2967
2917
3011
2957
2908
2950
2956
2999
2904
2904
2889
2934
2844
2931
2832
2908
2915
2834
2975
2924
2923
2843
2944
2901
2782
2843
2736
2795
2873
2904
2842
2837
2802
2818
2816
2918
2848
2784
2878
2789
2784
2706
2824
2862
2783
2838
2725
2761
2739
2763
2802
2808
2738
2839
2786
2719
2738
2598
2686
2695
2648
2695
2688
2726
2683
2848
2665
2712
2632
2683
2702
2749
2606
2613
2608
2709
2602
2658
2626
2690
2616
2611
2524
2572
2616
2607
2578
2565
2572
2612
2576
2546
2487
2599
2599
2437
2458
2524
2463
2510
2436
2425
2476
2386
2462
2553
2460
2450
2341
2445
2504
2398
2351
2403
2524
2485
2340
2384
2531
2395
2457
2382
2350
2329
2382
2373
2411
2359
2334
2359
2403
2353
2287
2311
2402
2441
2354
2431
2377
2378
2360
2355
2356
2385
2239
2447
2319
2332
2318
2292
2423
2235
2332
2411
2361
2398
2329
2290
2317
2291
2286
2416
2300
2272
2328
2377
2368
2296
2359
2403
2267
2333
2397
2374
2393
2374
2376
2440
2348
2328
2360
2356
2441
2429
2307
2417
2325
2372
2324
2301
2384
2287
2300
2478
2346
2339
2283
2468
2284
2367
2378
2448
2291
2422
2377
2321
2243
2373
2241
2322
2465
2342
2279
2304
2293
2244
2209
2358
2336
2306
2216
2375
2326
2257
2266
2280
2223
2194
2160
2186
2183
2192
2123
2266
2198
2173
2251
2209
2092
2217
2125
2157
2147
2162
2141
2167
2116
2099
2138
2137
2147
2130
2140
2011
2027
2049
2113
2129
2111
2020
2053
2028
2053
2061
2059
2067
2006
1986
1963
2090
1994
2030
1948
1936
2018
1960
2046
1886
2003
2046
1997
2014
1971
1981
2006
1932
1985
1941
2024
1978
1966
2004
2081
2105
1951
1952
1967
1986
2058
2048
2009
2007
2060
2063
2075
2160
2058
2097
2031
2085
2065
2102
2119
2155
2120
2056
2120
2090
2092
2213
2123
2219
2177
2137
2130
2138
2120
2092
2135
2159
2249
2183
2167
2138
2189
2278
2212
2168
2313
2167
2212
2310
2295
2212
2228
2272
2188
2226
2269
2275
2181
2294
2265
2219
2339
2260
2299
2295
2296
2290
2192
2259
2234
2331
2196
2227
2279
2206
2229
2200
2162
2234
2126
2299
2199
2144
2230
2143
2135
2193
2089
2109
2106
2242
2174
2128
2066
2095
2056
2088
2012
2073
1904
2025
2010
1992
1989
2029
2017
1993
1922
1983
1923
1956
1891
1935
1901
1934
1946
1867
1882
1850
1822
1882
1836
1789
1818
1819
1888
1793
1792
1786
1781
1782
1888
1801
1815
1812
1797
1809
1788
1863
1802
1847
1893
1778
1827
1841
1782
1801
1856
1832
1824
1917
1922
1874
1848
1856
1892
1844
1888
1874
1886
1886
1959
1985
1945
1992
1912
2063
1993
2085
2011
2009
2156
2038
2075
2172
2083
2080
2070
2017
2134
2157
2225
2186
2158
2189
2191
2267
2247
2297
2266
2324
2245
2266
2324
2297
2251
2210
2427
2350
2303
2515
2484
2406
2323
2389
2403
2421
2311
2484
2412
2414
2470
2399
2381
2485
2454
2470
2400
2466
2478
2289
2425
2346
2423
2346
2423
2458
2322
2386
2353
2328
2239
2392
2319
2281
2330
2303
2250
2321
2185
2233
2206
2180
2145
2127
2146
2147
2108
2126
2180
2153
2018
1981
2029
2014
1943
1986
1946
1879
1889
1938
1785
1906
1842
1762
1805
1681
1751
1715
1755
1736
1618
1608
1634
1542
1578
1568
1546
1521
1494
1411
1469
1451
1358
1376
1379
1357
1358
1325
1371
1292
1278
1224
1251
1222
1235
1244
1179
1132
1188
1167
1085
1107
1109
1135
1087
1013
1047
1038
1009
956
982
1004
1025
930
883
949
951
925
883
894
910
862
857
804
853
822
852
784
818
852
821
857
814
813
780
780
758
716
759
745
704
740
768
730
709
761
688
747
735
663
691
708
690
713
628
729
688
671
625
692
688
661
655
671
664
648
629
678
645
654
648
668
580
571
625
614
607
593
620
623
597
569
590
614
595
568
567
589
604
627
580
566
563
570
567
582
553
524
576
574
541
567
527
547
537
576
509
553
612
564
529
512
560
585
558
533
488
539
524
533
554
549
509
483
580
502
525
494
533
542
548
514
484
528
535
495
558
569
526
504
516
498
508
511
503
551
468
469
474
540
474
468
505
512
531
524
490
499
517
459
525
472
464
495
502
495
501
468
485
513
463
494
479
500
488
510
507
501
461
478
455
498
471
472
444
499
487
499
488
438
479
510
477
506
464
449
450
462
473
495
454
494
501
457
496
476
487
472
462
452
454
471
468
460
505
471
504
466
470
455
463
475
436
509
463
457
476
458
493
471
448
448
473
481
473
496
479
477
443
456
488
488
428
478
460
448
456
418
439
466
461
429
457
458
424
461
460
427
453
419
460
459
448
444
420
441
456
491
445
455
468
448
423
448
470
408
457
415
416
480
456
429
405
452
442
416
466
464
438
455
433
419
465
441
475
431
467
465
445
438
435
464
424
467
443
508
434
446
510
478
423
403
456
414
421
419
411
455
414
412
449
458
394
426
438
425
475
461
490
453
453
446
446
419
425
418
440
445
410
418
426
427
408
370
447
466
410
356
397
405
392
395
429
407
383
421
390
391
404
398
398
426
390
476
439
413
415
452
372
401
391
392
393
398
390
381
379
399
394
426
413
411
396
442
416
380
404
422
365
420
376
393
367
394
375
368
387
364
380
371
409
398
362
365
410
385
383
398
358
376
371
368
388
394
386
362
363
379
350
401
384
359
380
404
370
380
379
359
376
367
375
408
373
415
354
413
408
388
389
376
425
384
389
388
407
413
408
398
424
410
430
400
386
412
406
422
353
406
402
403
407
411
442
412
419
449
435
424
458
446
453
432
439
473
467
520
503
505
461
468
464
470
484
547
540
489
517
530
497
534
512
553
536
556
574
535
537
554
592
553
589
644
591
604
649
636
632
636
643
719
666
680
675
678
725
672
748
715
797
734
767
708
761
746
817
789
773
797
803
866
790
864
897
910
881
851
874
899
935
945
901
951
921
992
939
959
912
981
978
989
986
1043
1032
1111
1038
1043
1064
1079
1128
1121
1135
1156
1134
1148
1162
1169
1151
1145
1145
1144
1185
1197
1246
1183
1132
1175
1219
1143
1172
1265
1179
1224
1227
1300
1225
1335
1261
1259
1267
1241
1283
1216
1218
1258
1203
1302
1244
1207
1269
1230
1246
1234
1207
1220
1240
1320
1232
1226
1242
1252
1161
1172
1182
1210
1147
1192
1196
1175
1223
1152
1128
1127
1123
1100
1066
1138
1042
1160
1101
1103
1092
1068
1111
1072
1019
1035
999
1008
1004
1003
979
1003
975
981
926
924
947
955
920
920
887
880
840
874
882
814
839
842
812
788
791
770
779
751
805
830
766
744
734
751
691
729
712
727
622
601
698
651
652
603
602
608
613
562
585
570
541
557
577
518
486
514
545
510
502
532
468
517
461
429
459
490
408
467
449
405
406
399
419
445
370
406
361
373
336
355
373
386
371
363
378
355
383
340
331
362
341
311
345
325
277
337
304
304
303
330
265
296
290
289
294
318
295
300
302
302
263
272
267
288
300
287
300
276
259
265
260
289
269
236
272
264
275
267
294
286
251
230
236
232
252
258
236
255
218
242
227
253
234
220
241
264
232
290
244
247
221
226
242
230
224
243
239
239
247
239
254
243
240
228
238
234
239
205
243
228
263
218
224
211
239
233
213
239
221
227
223
226
229
239
205
225
226
246
229
238
243
220
211
229
211
225
221
214
221
206
216
237
204
244
216
238
205
242
225
223
239
221
209
208
214
194
224
198
216
199
192
223
220
233
226
240
215
226
207
199
222
232
210
213
210
253
230
233
204
226
220
231
222
235
192
213
229
223
204
231
227
214
245
220
222
224
216
233
210
215
247
247
238
195
216
233
214
244
236
226
243
221
223
232
231
224
228
235
219
252
253
222
231
230
244
235
237
242
220
247
226
226
228
259
244
239
261
252
237
249
208
256
265
266
272
251
246
255
232
233
270
225
266
238
260
253
273
268
242
264
243
239
288
271
262
272
262
252
263
269
241
281
261
301
280
280
256
300
261
271
279
259
255
284
262
293
279
280
242
236
273
270
271
269
303
257
278
282
247
287
257
289
252
278
279
273
268
288
260
251
280
261
269
250
250
252
275
307
266
279
264
253
284
258
272
280
277
296
253
261
265
278
288
286
256
304
244
301
277
258
275
295
265
244
328
271
255
245
270
281
274
292
246
264
264
279
275
267
259
281
242
260
242
278
284
240
227
227
260
258
254
266
246
243
245
271
229
244
267
274
225
229
238
257
232
254
263
236
257
236
230
243
251
241
213
255
265
255
224
258
222
242
228
245
233
238
266
238
250
242
221
244
218
222
229
260
217
239
231
233
210
251
202
222
211
227
223
216
237
227
221
216
218
201
224
192
199
183
217
216
200
200
220
206
199
225
188
185
196
211
183
212
219
181
210
200
188
202
196
200
217
180
198
177
177
203
194
189
183
211
202
218
190
211
203
196
180
166
186
213
195
209
191
184
210
206
183
204
185
200
183
193
198
189
176
190
188
164
168
214
182
184
198
176
190
153
189
167
171
185
191
165
165
186
194
170
168
188
192
175
167
172
181
175
173
187
167
173
165
180
176
178
172
184
172
189
169
174
161
155
162
184
156
181
147
154
138
176
159
163
183
171
165
161
150
169
186
178
166
172
166
174
163
150
168
185
183
190
162
143
154
162
172
162
145
187
187
166
153
175
153
158
160
174
159
185
174
157
183
168
169
168
152
151
157
172
152
151
171
145
143
169
149
161
163
161
140
171
168
175
172
157
153
197
164
179
182
148
176
172
156
161
170
155
159
160
169
149
182
155
163
159
183
168
166
171
164
166
133
171
148
162
154
179
178
181
151
166
175
168
150
166
149
162
167
163
183
174
158
158
176
155
166
158
169
167
162
184
173
145
187
187
189
167
188
192
164
164
168
186
172
182
188
200
167
176
200
171
188
216
169
170
161
160
163
172
161
165
183
176
182
179
165
203
170
162
176
166
160
171
171
178
202
162
200
199
201
174
183
152
160
167
195
193
149
180
167
162
157
187
186
152
170
170
168
199
183
158
178
159
159
171
199
142
201
166
154
179
181
170
189
167
189
162
176
186
189
179
174
189
162
153
147
175
168
175
147
152
168
191
170
163
138
156
161
152
170
163
181
167
169
166
147
164
179
154
173
138
134
175
163
183
156
148
154
156
147
151
176
154
136
141
159
159
137
154
141
141
150
149
144
151
152
162
131
141
148
127
134
146
133
152
140
153
161
118
117
130
153
152
135
143
138
130
123
143
138
130
140
127
112
119
149
152
126
131
114
147
131
130
140
124
126
150
117
119
134
121
113
155
143
104
112
135
132
110
128
126
121
126
116
124
132
117
128
123
120
139
100
117
114
118
117
95
105
148
115
128
99
113
125
101
119
131
105
132
104
128
120
111
117
108
112
114
101
126
127
115
105
99
127
129
111
103
106
110
127
117
107
84
120
120
129
113
119
108
101
127
125
88
110
120
112
102
101
130
113
94
120
113
107
101
112
126
92
106
113
125
101
118
99
127
121
118
94
109
129
118
102
103
111
106
121
110
94
112
112
123
109
114
130
121
99
110
103
120
133
92
126
106
116
105
124
110
124
104
113
106
113
118
108
118
105
109
100
92
102
109
109
134
117
115
112
92
118
95
136
120
99
120
109
136
117
136
111
110
116
149
111
116
133
110
107
122
113
117
106
133
124
104
128
108
118
105
113
114
134
118
125
117
113
132
120
116
123
132
114
123
147
135
116
102
117
131
117
136
112
136
129
125
126
147
132
123
155
134
122
124
142
135
135
128
132
153
122
140
168
149
147
135
180
141
168
140
130
145
147
159
144
177
164
146
185
128
151
147
185
193
173
164
157
169
179
155
158
160
149
145
150
162
170
163
189
161
190
182
171
186
154
203
192
190
207
180
198
175
192
171
194
187
182
215
209
229
177
212
208
205
185
210
231
215
168
214
208
214
236
194
205
207
215
212
205
211
200
207
247
237
221
221
219
235
239
221
209
215
224
206
245
231
252
267
247
247
245
238
243
242
238
250
211
232
241
230
251
230
246
229
227
233
238
231
252
257
222
244
246
251
230
201
214
224
254
215
261
220
218
231
247
242
243
213
237
239
247
219
261
228
249
223
230
244
216
233
211
258
227
232
243
254
240
226
241
199
207
222
216
229
237
208
212
221
202
228
218
211
228
204
182
216
216
253
219
196
191
199
200
206
199
204
197
216
189
199
175
200
191
221
210
220
216
200
201
198
181
157
172
177
163
197
167
191
183
182
185
154
173
175
172
162
172
185
159
159
140
169
160
154
153
171
185
156
159
126
145
145
163
162
162
121
145
165
158
128
133
126
139
150
139
132
143
127
121
132
137
136
134
119
136
147
131
129
138
150
151
139
120
124
107
132
127
116
113
139
128
127
113
139
127
112
122
128
120
131
113
129
113
117
136
105
105
103
109
121
121
105
120
115
101
124
106
114
108
108
113
127
113
110
125
127
119
107
103
126
102
112
122
116
97
103
116
101
105
130
116
132
106
103
118
127
120
118
103
134
119
121
112
131
124
116
113
109
121
123
102
111
105
126
135
128
115
135
113
120
117
135
127
127
122
117
108
122
129
141
131
120
106
116
110
129
112
126
136
116
123
130
118
127
113
128
124
125
127
103
138
125
142
124
131
135
133
139
132
128
111
113
123
150
120
117
127
139
116
141
137
141
134
118
109
133
145
117
118
120
128
135
117
121
137
127
127
143
129
144
133
112
111
133
139
145
115
132
117
141
129
126
137
158
137
113
132
154
123
146
111
109
137
133
131
120
137
137
135
131
137
123
121
119
107
129
105
138
114
122
113
143
120
122
103
112
134
128
126
111
108
135
106
109
109
123
101
122
118
128
123
101
106
102
118
98
96
106
125
109
116
120
111
115
121
96
112
118
108
119
119
98
109
125
92
113
100
105
101
115
100
88
99
105
100
87
85
83
90
91
103
109
102
108
87
92
123
87
101
86
92
101
94
83
98
91
102
97
117
90
92
89
97
89
89
87
83
94
98
88
103
81
92
99
93
86
86
96
84
97
84
87
76
98
100
84
96
100
72
92
87
76
74
76
89
92
89
97
78
93
73
90
84
79
90
80
79
71
91
74
78
70
78
89
72
75
85
89
68
64
63
78
83
81
78
77
93
68
83
82
74
85
80
75
87
76
80
84
81
77
78
74
67
72
78
73
85
77
81
69
83
80
64
75
85
84
98
88
89
69
65
77
91
86
77
72
93
84
92
90
108
87
75
88
93
75
96
91
70
86
87
81
103
80
94
106
90
79
82
81
101
83
90
101
88
98
74
81
83
100
82
81
95
96
91
67
95
90
98
98
100
92
109
101
117
104
96
98
104
104
80
91
102
103
107
105
95
88
107
104
90
85
97
104
103
113
92
85
109
120
106
122
108
96
94
109
117
100
94
109
107
105
99
129
118
97
104
95
100
105
107
105
120
112
102
90
119
118
133
135
116
118
109
106
113
116
86
134
130
104
126
117
142
123
110
96
142
115
105
113
124
126
132
111
108
113
145
109
111
132
125
118
118
133
107
131
113
113
130
104
123
124
132
114
143
114
118
120
110
116
127
100
122
109
109
114
108
122
111
117
99
118
121
127
128
110
89
97
97
111
111
104
117
121
112
100
115
109
117
134
112
107
116
92
121
124
119
107
105
115
119
114
114
81
119
103
112
108
124
111
107
93
97
117
82
105
87
105
94
92
115
110
93
97
96
87
86
100
100
116
95
113
85
87
98
115
76
77
100
100
111
119
79
105
92
92
94
96
95
89
81
88
89
114
78
72
96
100
79
85
88
93
82
91
93
92
84
86
92
86
105
92
106
87
90
106
101
91
106
107
102
103
101
95
88
107
75
89
84
76
80
81
82
78
86
100
70
104
84
92
86
91
100
89
82
84
98
68
93
71
75
76
82
85
83
83
62
78
89
100
74
76
83
68
98
87
82
67
80
76
79
85
80
84
86
75
80
98
83
81
81
83
84
63
73
80
60
70
81
76
67
90
84
100
86
67
74
77
86
62
77
71
68
78
75
77
77
66
76
81
65
88
76
71
84
78
81
74
77
82
69
70
72
88
81
75
88
82
71
75
65
74
69
74
61
78
68
62
73
63
59
72
84
76
58
55
59
64
74
75
78
61
69
64
82
64
54
73
74
79
65
71
74
70
51
78
74
73
76
74
70
77
50
59
70
94
75
76
64
73
58
75
63
54
67
68
58
51
62
61
58
66
59
58
61
66
58
58
60
67
57
64
68
64
59
59
55
58
65
55
51
43
77
62
64
60
65
63
63
58
51
62
69
52
60
60
64
51
65
52
71
72
60
55
55
50
54
55
60
56
56
54
64
52
58
56
48
52
60
65
57
59
49
56
51
58
60
57
54
54
53
60
60
54
49
59
41
58
62
51
49
56
49
48
53
51
39
48
60
52
39
58
60
50
45
44
37
51
58
51
51
66
69
45
36
58
51
54
53
45
59
53
47
46
36
36
44
52
42
40
47
43
47
42
35
40
45
54
56
43
39
49
44
44
55
52
40
50
49
41
44
49
46
43
48
44
35
46
33
55
41
48
50
57
40
47
46
41
40
43
44
44
36
34
43
0
