3
0
0
0
1
0
1
0
0
0
1
0
0
0
0
0
1
0
2
0
1
0
0
0
0
0
1
0
0
0
0
0
1
0
1
1
0
0
0
1
0
0
0
0
0
0
0
0
1
0
0
0
0
0
0
0
0
0
0
0
0
0
0
1
0
0
1
0
2
0
0
1
1
0
0
1
0
0
0
3
2
0
1
1
0
1
0
0
2
0
0
0
1
1
2
0
0
2
0
0
0
0
0
3
1
2
0
0
2
0
1
1
1
0
2
2
2
2
1
1
4
1
3
2
4
1
3
4
1
1
2
1
5
6
0
3
4
3
5
6
7
4
5
4
9
7
12
6
11
12
6
2
7
10
6
9
9
7
13
15
15
8
21
14
17
25
18
24
18
30
33
38
28
49
57
57
61
77
91
83
107
130
144
146
165
199
244
257
277
324
328
376
450
489
592
594
693
760
842
938
1018
1095
1246
1355
1421
1614
1752
1798
1991
2206
2343
2495
2731
2772
2942
3266
3308
3424
3852
3887
3920
4312
4489
4823
4837
5264
5307
5365
5785
6035
6015
6530
6547
6752
6897
7203
7222
7517
7800
7906
7915
8176
8231
8339
8473
8676
8637
8914
9182
9236
9363
9333
9454
9493
9668
9527
9760
9824
9664
9915
9816
10044
9921
10026
9967
9768
10159
9894
10078
10266
10096
10225
9975
10034
10166
10164
10058
10141
10128
10222
10058
10100
10116
10199
10152
9923
10313
9921
10053
9908
10119
9876
9672
9908
9981
9723
9723
9826
9509
9533
9370
9415
9370
9175
9282
9116
9060
9013
8656
8767
8875
8524
8548
8585
8374
8361
8351
8144
7968
7865
7805
7825
7522
7471
7513
7330
7163
7215
7101
6733
6687
6683
6517
6325
6468
6183
5978
6107
5764
5923
5726
5661
5500
5500
5367
5197
5059
5033
5092
5026
4840
4793
4687
4539
4670
4368
4304
4277
4273
4192
4104
4086
3952
3891
3783
3823
3752
3742
3643
3700
3524
3588
3441
3249
3332
3253
3206
3240
3191
3101
3173
3035
3148
3000
2805
3003
2899
2879
2804
2890
2829
2740
2767
2794
2664
2642
2704
2632
2545
2651
2530
2455
2446
2457
2461
2318
2348
2383
2358
2272
2262
2361
2217
2207
2243
2216
2240
2204
2153
2033
2108
2096
2109
2067
1992
2076
2027
2001
1938
2018
1947
1928
1925
1867
1929
1882
1840
1806
1851
1803
1844
1720
1772
1782
1736
1688
1626
1660
1673
1632
1675
1558
1532
1522
1554
1539
1499
1454
1422
1448
1420
1413
1484
1432
1388
1393
1334
1341
1297
1395
1276
1343
1224
1281
1242
1227
1206
1216
1158
1100
1200
1149
1158
1132
1017
1044
1132
1032
1021
964
1027
981
971
967
934
907
884
867
863
907
816
845
875
833
850
747
784
794
739
768
778
698
739
678
697
678
638
717
683
690
648
631
612
635
595
641
609
583
581
566
533
552
524
531
511
553
521
538
542
478
459
478
475
471
440
495
463
483
450
492
443
410
426
397
415
412
420
390
386
400
389
392
371
353
385
345
356
360
351
336
318
371
324
383
321
345
288
324
307
268
308
273
312
307
326
290
274
268
269
272
279
264
266
267
268
252
256
267
271
250
210
219
250
256
257
227
241
253
229
213
208
223
223
223
217
227
203
207
196
214
169
192
204
192
168
169
207
148
174
178
181
198
171
155
141
171
171
169
150
190
176
163
147
152
165
164
141
157
130
142
146
121
139
138
125
127
137
132
114
146
113
117
121
122
122
106
137
130
131
119
105
102
99
127
131
87
112
117
109
106
110
99
82
107
98
123
95
109
83
112
105
94
76
88
101
80
74
67
88
77
93
65
77
79
95
89
80
89
93
81
83
65
77
78
86
78
66
56
52
66
67
60
57
70
75
74
68
70
79
67
58
53
69
68
76
58
59
67
57
52
54
58
61
43
60
50
48
47
52
56
64
53
43
42
49
50
45
49
65
58
52
53
51
34
52
57
43
64
48
46
45
44
49
46
40
42
64
50
59
47
41
48
45
44
34
50
39
42
35
36
46
36
48
40
45
47
57
33
32
39
27
27
27
51
40
36
36
45
33
42
39
37
34
41
29
38
39
36
31
22
32
38
41
40
22
26
40
25
29
39
39
28
40
30
36
28
33
30
30
46
24
33
28
29
21
35
25
25
25
31
28
28
23
24
38
26
21
26
30
29
25
26
25
31
29
29
27
24
21
28
22
32
38
22
24
22
26
34
33
31
35
25
24
34
27
26
26
19
16
31
23
19
20
23
29
31
27
20
22
27
19
15
22
20
21
23
24
25
25
21
20
19
26
22
17
28
21
18
14
24
22
19
19
20
16
27
23
29
22
26
33
21
23
20
20
23
20
22
15
23
19
14
15
22
25
22
19
19
20
20
16
21
15
21
19
17
27
13
22
15
31
20
22
15
22
20
24
16
14
20
20
15
19
17
14
13
15
16
23
14
26
16
16
17
10
17
19
20
26
16
21
15
14
17
17
22
17
16
19
14
14
15
16
24
9
26
13
13
19
16
18
18
11
11
17
15
15
15
12
12
12
15
22
9
16
10
18
14
13
16
20
20
13
20
14
10
13
11
15
12
7
11
12
9
6
19
16
11
14
8
20
15
9
11
18
25
12
19
12
13
20
10
13
10
18
12
7
16
8
13
9
9
11
19
12
8
8
12
11
8
15
9
11
17
10
7
13
12
14
9
14
12
13
6
17
20
11
7
15
19
10
13
11
8
14
13
13
11
9
11
13
9
8
8
7
15
8
15
6
20
11
8
10
11
6
14
12
13
12
8
8
13
13
10
9
9
10
10
12
8
15
18
13
12
8
4
15
5
6
12
8
8
10
16
11
10
12
10
15
7
7
8
11
15
7
12
12
6
7
7
9
11
9
11
2
7
11
5
9
10
9
12
6
3
11
11
11
8
16
9
10
8
4
6
12
6
6
8
7
8
7
12
7
11
8
7
10
12
9
1
9
3
10
6
13
10
7
9
5
6
7
8
5
10
4
10
7
8
9
4
9
7
10
12
12
6
6
14
11
6
11
7
14
9
8
7
7
6
8
8
10
3
7
7
7
5
5
6
8
5
4
12
8
7
5
7
7
4
6
10
8
6
5
12
10
7
8
8
13
16
6
8
10
9
10
6
8
8
6
11
10
8
8
6
5
7
3
12
5
6
11
5
12
11
6
7
6
5
9
7
3
10
11
8
4
6
12
6
4
2
8
5
5
5
6
8
8
8
6
14
6
5
2
4
10
5
5
4
6
7
5
9
7
5
11
4
7
9
10
10
2
10
5
6
14
14
7
10
5
8
11
6
7
11
5
8
9
10
8
3
6
8
3
6
3
3
7
12
8
7
4
7
5
7
4
9
6
7
5
5
6
2
7
5
6
6
5
8
8
6
8
6
9
9
4
3
6
5
7
6
7
1
7
7
7
7
7
8
4
7
4
4
8
6
5
8
4
10
7
4
3
4
5
8
5
7
3
6
3
3
8
10
4
7
2
8
7
8
6
7
8
5
1
1
6
8
7
8
2
6
4
3
7
9
8
11
5
3
10
6
4
9
7
3
5
7
7
15
4
5
2
4
4
4
8
6
5
5
14
6
6
5
5
2
3
4
7
7
2
9
7
6
3
7
6
5
6
11
4
6
10
3
5
8
3
6
4
5
7
6
6
6
5
10
3
8
7
1
4
8
6
5
8
8
6
6
4
7
11
8
8
11
1
3
3
5
2
4
5
10
6
11
4
4
8
5
5
7
6
2
2
8
4
1
9
7
8
8
7
5
5
7
3
4
9
5
5
7
3
5
4
5
7
9
7
4
8
9
1
6
3
6
8
9
7
5
7
9
2
7
4
7
3
6
9
1
8
3
6
7
2
6
10
3
6
4
4
6
3
3
7
5
6
5
3
3
3
4
7
4
8
6
6
6
12
0
5
2
6
4
3
6
1
6
5
9
6
4
7
2
4
7
7
6
7
4
5
5
6
5
3
3
5
6
4
4
9
3
4
5
7
5
2
10
4
5
4
6
6
5
6
6
3
3
2
7
5
2
6
6
9
5
8
5
4
8
5
5
6
7
7
8
3
6
3
5
4
2
2
5
3
4
4
8
4
5
6
6
6
4
3
3
7
5
5
3
3
4
2
7
7
5
6
3
5
4
5
4
4
2
7
7
5
5
3
6
7
2
2
3
5
2
7
5
5
7
6
6
4
3
4
3
2
10
4
6
6
7
5
5
2
6
4
9
2
4
4
2
5
7
2
5
3
8
5
4
7
2
5
3
5
6
3
4
4
2
4
3
2
2
5
3
1
5
4
3
3
2
4
6
4
6
4
4
5
5
2
8
2
4
1
5
6
2
2
2
5
3
2
2
1
8
6
2
3
3
1
2
4
5
2
3
3
0
1
4
4
2
3
5
5
4
4
7
3
3
1
4
4
3
1
0
3
6
4
2
4
7
3
2
2
2
1
2
2
3
4
3
2
5
1
6
3
2
2
4
3
1
3
2
4
6
5
3
2
4
1
5
2
3
5
3
3
4
4
8
4
2
1
2
4
2
1
3
6
1
0
2
2
0
3
3
2
4
5
3
0
5
3
5
1
3
5
3
7
8
2
2
5
2
3
4
4
2
2
2
5
3
3
3
4
3
4
5
7
4
1
3
4
2
1
3
2
1
5
2
0
4
1
3
6
2
3
4
4
4
2
4
1
2
1
4
3
1
1
4
2
3
2
3
1
1
5
5
3
1
2
2
1
3
0
1
1
0
1
5
4
2
6
1
2
2
0
3
3
1
2
2
4
2
4
5
5
2
4
3
1
2
1
2
0
2
2
4
4
4
1
3
1
3
3
3
5
1
1
0
2
0
4
1
2
5
2
3
2
4
2
3
2
3
4
3
1
4
3
3
1
1
1
7
2
2
1
3
1
2
4
3
3
1
2
1
5
1
1
3
7
0
3
1
5
4
4
1
3
5
2
3
3
2
4
2
6
0
2
1
1
3
1
2
3
0
3
3
4
0
2
4
1
5
3
2
0
4
1
1
2
2
2
3
2
5
5
1
1
3
3
3
4
1
2
0
3
3
2
4
0
4
2
2
2
2
4
1
2
3
3
2
1
2
1
6
1
2
1
4
2
3
3
1
2
2
1
3
2
4
2
0
1
2
3
5
2
5
3
4
3
4
2
1
1
5
4
1
0
3
4
3
1
3
3
2
0
3
0
4
1
2
3
2
5
3
2
4
5
1
1
1
1
5
0
1
1
0
6
3
1
5
3
4
4
2
2
3
3
0
4
3
4
5
4
3
3
1
1
1
3
0
1
3
2
1
3
1
3
1
0
3
2
2
2
1
3
0
3
4
5
3
1
3
4
3
1
3
1
4
4
4
0
4
3
2
2
2
3
4
4
1
1
4
0
6
0
1
4
2
2
2
2
3
3
2
2
4
4
3
2
1
0
3
1
2
0
0
2
2
6
2
1
2
1
2
3
2
3
1
0
3
1
2
7
1
5
0
3
3
0
1
3
0
3
0
4
3
1
4
2
1
1
3
1
3
1
2
0
1
0
1
0
4
2
1
1
3
1
3
3
2
4
0
1
3
0
1
2
0
1
4
1
3
4
1
2
3
2
3
1
3
2
4
2
2
1
1
4
1
3
5
3
0
2
3
0
3
0
2
4
1
3
2
2
2
0
1
6
4
3
1
1
3
3
1
4
1
3
2
5
2
1
2
1
3
4
4
1
1
2
2
1
2
3
2
4
3
4
1
1
2
3
2
3
2
0
3
2
1
3
1
0
1
5
4
2
1
2
4
1
2
2
0
2
2
4
6
2
3
4
1
1
2
3
1
2
5
0
1
2
2
0
4
1
0
2
1
3
3
2
1
3
0
3
0
2
1
1
4
1
1
0
5
2
1
3
1
4
2
4
4
0
2
2
2
1
1
3
3
2
4
1
3
1
3
1
1
1
1
0
1
1
1
1
2
2
0
0
0
0
2
0
1
4
1
1
1
3
2
1
3
3
3
3
2
1
2
2
2
4
1
1
2
1
2
4
4
0
2
0
4
3
7
0
0
1
9
3
4
1
5
3
2
3
1
5
1
2
0
1
4
2
2
1
0
3
1
1
3
2
4
1
2
1
3
4
3
5
2
1
2
2
2
1
0
0
1
1
0
2
1
3
2
1
0
2
5
2
4
3
1
5
1
3
1
2
3
4
4
3
1
1
0
0
4
2
2
4
3
3
4
2
2
2
2
4
1
1
1
1
1
1
1
1
2
3
1
1
4
0
2
2
1
0
1
3
2
1
3
1
0
2
0
1
1
0
3
1
1
0
1
0
2
0
0
0
2
3
0
0
5
1
2
1
2
1
1
1
0
5
1
1
1
1
0
4
4
0
3
1
2
2
2
2
0
3
3
5
1
2
2
1
3
0
1
1
2
2
2
1
1
1
2
2
1
2
1
4
0
2
1
0
3
0
0
0
0
1
2
1
3
1
0
2
1
1
1
1
2
1
1
2
4
0
1
2
1
1
1
1
1
3
2
2
5
1
1
3
1
0
1
0
2
0
0
3
0
1
3
2
2
4
0
2
1
3
3
0
1
2
2
2
2
2
0
0
3
2
2
0
1
0
2
3
1
1
2
0
2
1
1
3
4
0
3
5
1
1
2
3
0
1
2
4
1
1
2
0
2
0
0
2
0
0
1
3
3
2
0
1
1
2
1
0
1
0
2
0
1
2
3
4
0
3
2
2
3
0
3
1
3
2
1
1
2
1
0
0
2
0
1
0
1
0
0
2
0
2
0
2
1
0
1
2
1
1
2
0
2
0
0
0
1
2
0
0
1
1
1
1
1
2
2
0
1
2
0
0
1
2
2
2
1
3
3
2
3
2
2
0
1
1
3
1
3
1
0
0
0
0
1
1
0
1
0
0
2
0
0
1
1
1
1
1
3
1
1
1
1
0
0
1
1
2
2
2
2
1
0
2
5
1
3
2
0
2
1
1
1
2
2
2
0
2
0
0
2
1
1
3
2
3
2
2
1
1
1
3
0
0
0
3
3
1
0
3
1
1
1
3
1
2
3
0
0
0
0
0
1
4
1
0
1
1
4
3
1
1
1
2
2
0
2
2
1
1
1
1
1
0
0
1
3
5
0
1
2
0
0
0
2
2
3
0
1
1
2
2
2
0
1
2
1
4
0
3
0
1
1
3
3
1
0
0
2
1
0
1
1
0
0
1
1
5
2
0
0
2
3
1
0
2
0
3
0
1
0
2
0
1
1
3
0
1
1
1
3
1
2
2
4
3
1
2
1
2
0
1
1
1
3
2
2
1
0
1
3
0
1
2
2
1
3
1
2
0
2
1
1
0
0
0
1
1
4
2
0
0
0
3
2
1
3
1
1
0
1
2
0
3
1
1
0
0
1
2
0
0
1
0
1
1
1
0
1
0
0
1
0
1
0
1
0
0
2
2
1
0
1
1
2
1
1
2
0
1
2
3
1
1
1
4
1
2
0
0
1
0
2
1
4
1
3
0
1
0
0
2
0
2
0
1
0
0
1
0
1
2
0
0
1
1
0
2
0
1
0
0
2
0
1
1
2
0
2
0
2
0
0
3
1
1
0
0
3
0
2
2
2
4
1
1
0
0
1
2
2
1
2
0
0
1
2
2
0
2
1
1
2
2
2
1
1
1
1
1
1
0
1
2
2
1
0
2
0
1
1
1
2
2
2
2
0
0
2
0
1
0
0
0
0
3
2
1
1
0
1
1
1
0
1
1
0
0
1
2
0
1
0
1
1
0
0
2
1
2
0
0
1
0
2
1
0
1
0
0
0
1
1
1
1
1
1
0
2
2
0
2
1
0
0
0
0
1
1
1
1
0
1
1
1
0
0
1
1
0
1
0
0
1
1
1
2
0
0
0
0
0
2
0
0
1
1
0
1
1
1
1
1
0
1
2
1
2
1
0
0
1
1
0
0
1
1
1
0
3
0
1
1
0
1
0
1
0
0
4
0
1
0
0
1
1
0
1
0
1
0
0
0
0
0
0
0
0
1
0
3
0
0
1
0
0
0
2
1
1
0
0
1
0
0
2
1
2
0
1
1
1
0
1
0
1
2
0
2
1
0
0
0
0
1
1
0
0
1
0
0
1
0
1
1
1
2
1
1
1
1
0
1
2
2
0
2
0
1
0
0
0
1
2
1
0
0
0
0
0
0
2
3
1
0
1
4
1
0
1
1
2
1
1
0
2
1
0
0
0
0
2
1
1
0
1
0
0
1
0
0
0
1
1
0
1
1
0
1
0
1
0
0
0
2
1
2
0
2
1
2
0
1
1
0
0
0
1
0
0
2
1
1
0
0
1
3
1
2
1
0
3
0
0
1
1
0
2
4
0
2
0
2
0
2
0
1
2
2
1
0
0
0
2
0
3
1
1
3
0
1
0
2
4
1
0
1
1
2
1
2
0
1
0
2
0
1
3
1
0
3
1
0
1
0
2
1
1
2
1
4
1
2
3
1
2
1
1
3
1
7
1
1
2
1
3
2
0
2
1
1
0
2
2
0
1
1
1
2
2
1
1
3
3
2
0
2
2
1
0
1
1
0
2
3
1
1
0
0
1
2
0
1
3
5
1
2
2
1
0
0
1
0
0
3
2
1
2
1
3
0
1
0
2
3
1
1
3
2
2
3
1
1
3
1
3
0
4
0
2
1
5
0
0
2
2
3
1
2
0
1
3
3
2
0
3
4
3
0
1
2
0
3
1
1
2
0
5
4
1
2
1
1
3
1
0
0
0
0
2
2
1
3
2
2
4
0
4
2
0
3
1
1
1
3
0
1
0
2
2
0
2
1
2
1
1
2
0
1
0
3
2
2
1
1
3
0
3
3
2
2
0
1
1
0
0
2
1
1
2
1
0
0
1
2
0
2
0
0
0
1
0
2
1
2
1
0
0
0
4
1
3
1
2
0
1
2
1
3
1
1
0
3
1
0
0
0
1
1
1
1
2
1
0
0
0
0
3
1
0
1
2
2
2
4
0
0
0
1
0
1
0
1
2
1
2
2
2
1
0
1
0
0
2
3
2
1
1
1
0
3
0
1
0
2
1
0
2
1
0
0
1
1
0
3
1
0
1
0
3
0
0
0
1
2
0
0
0
0
1
0
0
1
0
0
1
1
1
1
1
0
0
0
0
0
2
1
1
0
1
0
1
0
0
3
1
0
0
0
0
1
1
0
0
2
0
1
1
2
1
0
0
1
2
1
0
0
0
0
1
0
0
0
1
1
0
1
2
2
0
2
1
2
1
0
1
0
0
1
0
2
0
3
1
0
2
4
1
1
0
0
2
0
1
1
0
0
0
0
2
0
0
1
0
1
2
0
0
0
0
2
2
0
0
0
0
1
1
2
1
0
1
0
0
0
0
0
0
1
0
1
0
0
1
0
0
1
1
2
0
1
1
0
0
0
0
1
1
0
1
0
0
0
