0
0
0
0
0
0
0
0
0
0
0
0
0
0
0
0
0
0
0
0
0
0
0
0
0
0
0
0
0
0
0
0
0
0
0
0
0
0
0
0
0
0
0
0
0
0
0
0
0
0
0
0
0
0
0
0
0
0
0
0
0
0
0
0
0
0
0
0
0
0
0
0
0
0
0
0
0
0
0
0
0
0
0
0
0
0
0
0
0
0
0
0
0
0
0
0
0
0
0
0
0
0
0
0
0
0
0
0
0
0
0
0
0
0
0
0
0
0
0
0
0
0
0
0
0
0
0
0
0
0
0
0
0
0
0
0
0
0
0
0
0
0
0
0
0
0
0
0
0
0
0
0
0
0
0
1
0
0
0
0
0
0
0
0
0
0
0
0
0
0
0
0
1
0
0
0
0
0
1
0
1
0
0
1
0
0
0
1
1
0
0
0
0
3
2
2
2
3
4
4
5
4
5
7
5
8
15
14
16
27
22
23
23
30
40
37
41
45
42
57
49
65
46
63
82
71
71
67
77
81
76
80
89
93
94
81
76
84
87
101
108
98
87
107
87
76
112
100
88
98
94
96
101
94
94
91
84
103
113
106
82
79
102
102
88
93
97
96
94
91
127
99
84
110
107
96
94
117
115
111
93
132
113
108
116
120
114
119
99
119
103
134
119
123
123
126
104
119
123
114
109
121
132
113
100
106
110
101
123
116
105
122
118
122
96
122
114
111
123
109
105
100
109
109
105
97
110
98
105
95
117
111
111
112
94
94
106
84
93
102
100
78
97
87
90
97
83
70
87
76
104
98
90
103
106
94
90
93
75
89
82
80
88
87
74
84
84
82
87
90
95
86
79
78
79
77
79
89
79
77
79
63
69
79
81
86
77
76
67
78
86
79
78
77
69
77
82
91
96
63
75
80
65
75
76
84
78
77
77
81
67
73
75
71
69
78
97
78
68
69
68
58
82
87
65
65
85
68
71
72
72
81
80
68
57
81
86
71
67
81
68
80
81
70
93
82
81
82
63
79
71
72
83
66
58
59
79
81
75
53
76
64
76
62
53
83
65
62
77
75
68
75
57
58
52
70
54
58
52
59
69
64
61
59
68
66
69
61
67
60
59
57
61
51
67
50
64
58
63
60
58
54
61
58
56
42
56
59
48
49
55
53
60
41
43
63
51
52
43
65
60
54
49
52
53
43
41
47
45
50
67
47
55
43
59
46
44
55
51
45
41
45
50
40
53
36
51
52
51
53
62
41
40
53
47
48
42
46
48
46
44
38
49
67
50
52
40
53
48
32
41
45
44
50
43
35
42
41
45
50
44
50
51
48
50
55
40
35
33
46
48
42
47
60
40
39
43
43
36
40
47
52
42
40
36
49
51
37
51
50
34
36
37
35
41
42
40
29
38
43
40
48
29
35
29
24
42
44
36
46
42
40
49
34
33
40
38
39
35
29
31
33
38
32
47
39
42
28
38
40
38
31
30
54
26
42
36
45
43
39
39
38
38
34
36
45
49
35
33
32
39
36
36
34
30
48
38
30
45
31
24
47
22
27
34
36
33
31
30
31
34
31
39
30
34
31
24
32
32
27
35
44
23
28
38
26
28
31
45
32
22
34
25
28
25
24
34
36
31
27
34
33
41
29
29
23
32
30
31
26
28
32
31
15
19
20
23
26
27
25
19
34
33
34
31
24
32
25
38
21
23
29
25
22
34
30
27
26
14
26
19
30
15
14
33
23
27
25
29
26
19
27
26
26
20
18
25
22
15
18
24
15
27
23
24
28
15
16
20
24
18
19
19
25
25
21
14
15
23
18
28
14
26
19
28
24
32
18
20
22
26
18
15
25
24
28
22
23
14
16
20
12
19
22
13
16
17
11
23
26
21
17
21
19
18
20
20
19
24
16
18
17
11
25
19
17
22
17
18
24
26
12
20
14
16
17
19
16
19
22
13
23
15
14
18
16
13
19
13
9
17
22
19
14
11
16
25
14
21
18
14
16
18
8
15
15
21
20
12
13
18
13
15
19
15
15
12
12
17
12
14
10
20
16
13
16
13
18
22
12
8
14
24
11
17
14
15
13
19
15
17
16
9
10
13
8
18
15
16
17
11
11
19
16
10
10
23
9
10
12
20
16
12
17
11
18
9
8
13
13
17
19
10
20
17
13
8
10
13
10
14
12
13
10
12
18
15
16
11
9
16
14
17
19
13
12
12
12
11
16
14
12
14
17
14
9
10
12
14
16
7
6
16
12
14
14
14
9
13
12
9
13
6
15
8
10
7
16
10
4
21
12
10
12
10
12
9
13
10
8
10
9
17
14
12
12
12
10
11
13
11
14
15
18
5
10
8
3
9
16
8
15
6
9
13
10
11
12
10
3
7
6
10
7
13
7
12
8
6
7
7
6
14
6
11
14
4
12
6
5
11
11
5
8
11
13
11
9
7
6
15
6
7
7
7
11
13
9
10
9
10
10
7
13
10
6
9
9
8
4
7
12
11
10
3
8
10
7
5
3
9
10
10
4
3
4
7
9
11
8
6
7
7
4
13
8
8
11
6
3
6
10
6
7
9
6
8
10
11
7
3
11
0
12
6
8
3
7
7
7
4
6
7
6
11
7
8
8
8
5
9
9
3
6
5
10
9
9
5
14
7
9
5
7
4
10
9
6
9
6
10
4
5
7
5
5
5
4
5
4
4
8
5
3
9
10
2
11
8
4
4
7
3
7
6
2
7
6
4
5
10
5
9
7
5
6
6
4
8
3
2
4
4
6
6
3
6
3
5
8
12
4
4
9
3
3
4
3
7
6
6
5
3
7
6
9
10
7
5
4
6
5
5
6
4
6
1
8
9
2
4
7
8
3
5
5
6
6
6
3
4
9
9
5
7
3
10
7
2
4
6
6
10
6
5
5
8
6
3
8
7
2
6
5
8
4
1
4
4
8
3
7
7
2
6
5
2
8
6
4
4
5
2
5
7
7
2
6
5
5
3
4
3
4
8
9
8
6
8
4
7
13
8
6
7
4
7
9
3
9
4
3
1
4
1
5
1
7
9
5
8
3
10
7
7
2
3
7
5
9
7
0
5
6
7
1
3
6
2
1
4
4
10
8
2
7
5
7
8
4
3
4
7
4
10
1
5
7
3
9
4
2
7
2
9
9
1
6
4
1
4
8
5
5
5
2
6
3
6
5
5
4
2
2
1
6
9
5
8
3
9
4
2
0
3
11
2
6
2
3
4
6
8
7
5
3
3
8
0
4
3
3
4
5
3
6
5
4
4
5
8
6
2
3
4
4
3
7
5
1
0
4
4
2
3
3
6
6
2
3
2
4
5
2
6
7
3
7
5
9
5
0
2
4
5
4
4
2
4
7
5
5
5
4
2
5
3
4
6
5
4
5
2
4
3
7
2
4
5
6
1
4
3
2
2
2
9
3
5
1
6
5
2
5
7
3
4
3
6
6
10
2
5
1
8
6
5
2
6
8
4
7
6
7
6
6
5
4
1
3
1
4
3
6
4
0
7
10
3
3
4
5
5
2
2
3
3
4
4
3
5
4
4
4
4
4
8
8
6
2
3
8
3
4
5
4
2
8
3
3
4
2
7
8
8
3
5
9
3
9
2
7
1
4
5
6
4
12
7
2
3
5
4
6
8
2
4
4
7
4
7
4
6
4
3
7
5
4
10
5
3
9
7
3
1
4
6
2
7
3
6
5
4
6
4
2
5
6
1
3
5
6
10
1
5
3
3
5
5
3
2
6
4
5
3
10
3
6
6
7
3
5
6
2
9
2
5
5
4
4
4
7
3
6
8
1
4
3
2
2
2
5
6
3
2
3
2
1
1
2
1
5
6
3
3
4
8
6
0
3
5
2
3
3
3
2
6
4
1
3
3
2
1
3
5
5
1
9
4
5
3
7
3
4
3
5
0
2
2
1
8
1
2
0
7
3
6
4
6
2
3
6
2
5
3
4
3
4
3
3
5
2
2
2
6
2
3
3
4
2
2
4
3
5
2
5
2
5
0
3
2
3
2
2
5
3
6
1
5
1
6
5
2
6
4
2
4
4
7
3
6
1
2
2
7
4
3
4
4
3
3
6
2
2
1
1
5
5
2
3
3
5
2
2
2
8
5
1
2
1
5
1
1
2
3
2
2
0
1
1
3
1
2
6
5
5
4
4
2
3
1
1
1
1
2
8
5
0
2
1
3
2
5
4
4
3
0
1
1
3
3
1
4
3
3
3
3
1
0
2
1
3
1
7
1
4
4
3
2
2
2
2
2
2
1
4
1
1
3
3
2
0
2
5
5
3
2
4
3
4
0
1
1
4
0
1
5
2
3
1
5
5
2
3
1
8
5
0
6
1
6
0
2
1
3
4
5
1
3
2
3
1
1
1
3
1
5
3
3
3
0
0
1
4
4
2
2
1
6
4
1
2
4
1
0
3
2
4
3
0
0
1
1
2
2
3
4
3
3
1
1
4
0
2
4
4
3
0
2
3
1
0
3
3
3
4
1
0
1
1
3
0
2
0
1
2
0
1
2
2
5
4
0
3
3
2
4
2
0
5
4
0
4
2
2
3
1
3
2
2
2
2
4
1
3
1
3
0
1
3
3
2
2
1
2
4
2
3
2
1
2
2
0
2
1
1
4
3
5
1
4
1
1
2
3
0
2
1
2
2
2
2
2
0
3
2
2
1
2
2
2
2
2
3
1
1
4
5
3
1
3
0
2
2
0
2
2
4
4
1
3
2
2
1
3
3
3
1
1
3
3
3
3
1
1
0
1
3
1
2
4
3
1
5
3
4
2
6
0
3
1
1
2
1
1
3
2
3
1
1
2
1
2
1
2
3
1
1
3
3
2
2
1
3
3
1
1
3
0
4
3
5
2
3
0
1
1
0
1
0
1
3
0
0
1
2
0
4
0
3
1
2
2
2
0
1
3
3
1
2
0
1
1
4
2
2
1
1
2
4
1
3
2
1
4
5
1
0
3
2
1
1
1
0
2
3
3
2
2
3
1
2
1
4
2
4
2
1
0
5
0
1
2
2
1
4
2
2
5
2
4
0
1
2
0
0
4
2
1
4
0
4
2
3
0
1
2
0
4
2
0
2
1
2
3
1
2
2
2
2
1
1
0
0
0
2
2
1
1
3
2
0
1
4
1
2
0
5
0
2
0
0
2
4
1
2
2
0
3
0
0
1
3
4
1
1
0
0
3
1
2
1
0
3
1
5
2
1
1
3
2
2
1
1
2
3
1
3
1
0
0
2
3
2
0
0
2
1
3
3
1
2
1
1
2
1
1
0
0
3
1
1
3
0
2
3
3
2
2
5
4
4
1
4
1
1
3
0
1
5
0
1
1
0
0
6
2
0
3
3
2
2
2
1
2
2
5
0
0
0
1
2
2
1
1
1
1
1
1
1
2
2
2
5
1
0
2
3
2
2
2
4
1
2
4
1
2
3
0
1
2
1
1
3
3
3
2
1
1
2
1
2
1
3
0
0
4
1
3
1
3
0
3
1
0
3
3
3
0
1
0
2
3
3
0
1
2
1
2
1
1
5
4
0
2
4
1
2
4
1
3
1
1
0
2
3
3
4
2
3
1
0
1
2
3
0
1
2
2
3
2
0
3
1
3
4
4
3
3
1
2
4
1
1
3
4
4
0
2
3
3
0
1
1
0
2
3
1
4
1
0
4
3
4
2
2
2
6
2
0
0
1
2
1
2
2
2
2
3
3
1
2
2
3
0
3
2
3
3
1
2
0
1
1
2
3
1
2
2
0
2
1
1
1
2
1
1
1
1
2
2
2
4
2
1
2
1
1
1
2
3
1
3
1
2
2
4
5
2
0
2
1
4
3
0
0
4
1
0
2
3
0
1
3
1
5
0
1
3
3
1
2
2
1
1
1
0
0
1
1
2
1
2
2
3
0
3
3
4
3
3
3
2
1
1
2
3
1
1
2
2
0
3
3
1
2
2
1
2
2
3
1
3
5
3
1
0
0
0
1
1
1
0
0
1
2
3
1
2
3
2
6
2
0
1
1
0
1
2
1
0
0
1
1
1
1
1
0
0
2
0
1
0
3
1
0
1
1
1
1
1
2
0
0
1
1
3
2
1
0
2
0
3
2
2
1
1
2
1
1
1
0
2
2
0
3
1
0
2
4
3
0
4
0
1
1
1
2
1
1
2
2
3
0
1
3
3
2
2
4
0
2
1
1
1
1
2
1
2
2
2
2
1
0
2
0
0
1
2
1
0
3
0
0
0
1
3
1
3
1
0
0
0
1
1
0
2
1
2
2
2
1
0
1
0
0
1
0
0
1
1
0
1
0
4
1
3
0
0
1
2
4
0
0
2
0
1
3
2
0
0
0
1
1
1
1
2
1
1
0
0
0
0
1
3
1
1
0
1
1
2
5
1
0
3
2
0
1
0
1
0
0
0
2
1
1
0
0
0
1
0
2
1
2
2
0
1
2
3
1
0
3
2
0
1
2
1
2
3
1
2
1
0
0
1
1
0
1
2
0
3
0
2
0
0
1
1
1
2
1
2
0
3
2
4
2
2
2
1
2
1
2
1
1
0
2
1
0
2
0
0
2
4
1
1
1
1
0
1
1
3
1
0
1
1
1
2
1
0
1
0
2
2
5
1
0
3
1
0
1
0
0
1
3
3
1
1
2
1
2
1
2
0
1
1
0
0
0
1
3
0
0
1
1
3
0
2
2
1
0
1
1
1
1
2
2
0
0
3
0
0
1
2
1
2
0
2
1
1
0
1
2
3
1
3
2
2
1
2
0
1
3
0
0
0
1
1
1
0
0
0
3
0
2
2
1
1
1
2
2
1
1
1
2
0
0
1
1
2
1
2
2
1
1
2
1
1
0
3
1
1
1
1
0
0
1
1
0
0
0
1
1
3
2
0
3
3
1
0
1
1
2
1
2
1
2
3
1
0
1
0
1
1
2
1
0
0
0
0
3
3
0
0
1
0
0
0
0
2
0
2
0
2
0
0
0
0
2
2
0
0
0
2
2
2
0
2
1
0
1
2
2
1
0
0
1
2
0
1
0
0
0
1
3
0
0
1
0
0
2
2
0
0
4
0
0
0
1
1
1
0
2
0
0
1
2
1
0
1
1
0
0
1
2
1
0
1
3
0
0
1
1
1
2
1
1
1
0
2
2
3
0
2
0
1
1
0
0
1
1
1
0
0
2
2
1
0
0
0
2
2
1
1
1
2
1
2
0
1
2
1
3
2
1
1
1
3
1
0
2
0
0
3
1
0
1
1
0
1
0
1
0
0
1
0
0
1
0
0
2
0
0
0
2
1
1
1
0
1
2
0
1
1
0
0
1
2
0
0
2
0
2
2
0
1
0
1
2
0
0
1
0
1
0
0
1
0
1
0
2
2
1
3
0
2
1
1
1
0
0
0
1
2
0
0
2
1
1
0
0
0
2
0
1
1
1
0
0
0
0
1
1
0
1
0
1
2
0
0
0
1
1
0
1
2
0
0
0
1
0
1
0
1
3
0
0
2
1
1
0
0
0
0
1
0
2
0
1
0
0
1
1
0
1
1
1
1
0
1
0
2
0
3
0
0
0
0
1
0
0
0
0
1
0
0
0
0
0
0
1
0
0
0
1
2
2
1
0
0
2
0
0
0
1
2
0
0
0
0
0
0
0
0
0
0
2
0
0
0
0
1
0
1
1
0
0
0
0
0
0
1
0
0
0
0
0
0
0
0
1
0
0
1
0
0
0
0
0
0
1
0
0
1
3
0
0
1
2
1
1
1
0
3
1
0
0
1
2
2
1
1
0
2
0
0
0
2
0
0
0
1
1
0
0
0
2
0
0
1
0
0
0
0
1
0
0
2
3
0
3
0
1
1
0
1
1
1
0
0
0
0
0
0
0
0
2
1
0
2
1
0
1
0
0
1
0
1
2
0
1
0
1
0
1
0
1
2
0
1
0
0
0
2
0
0
1
0
0
0
0
1
0
1
1
1
0
0
0
0
1
1
0
0
1
1
0
0
1
0
0
0
1
1
0
0
0
1
1
0
1
2
0
0
0
0
1
1
0
0
1
1
0
1
0
1
0
1
2
1
0
0
0
1
0
1
1
1
1
1
0
1
1
1
1
0
0
1
0
2
0
0
0
3
1
0
2
0
0
0
1
1
1
0
0
0
2
2
1
1
1
0
1
0
0
1
1
0
1
1
0
0
0
0
0
0
1
0
1
0
0
2
1
2
3
1
1
1
2
2
1
2
0
2
0
1
0
1
1
1
1
1
1
0
1
0
0
2
3
2
2
3
3
1
2
1
1
2
1
0
2
1
0
0
1
2
0
0
1
2
0
2
0
1
0
1
1
1
0
0
0
0
1
2
0
2
1
1
1
0
1
1
0
1
2
1
0
0
0
0
0
0
3
0
0
1
2
3
2
0
1
0
1
0
0
0
2
3
0
2
0
4
1
0
0
0
3
0
1
1
0
1
3
4
1
1
0
0
2
1
3
0
2
1
3
1
1
2
2
1
2
2
3
1
0
1
2
3
0
1
1
1
1
3
1
1
2
1
3
2
2
1
0
0
2
3
0
2
2
0
2
5
1
0
2
0
2
1
1
3
1
0
1
0
2
2
2
0
1
0
1
5
3
0
2
2
0
4
2
1
2
0
1
1
0
2
5
2
1
0
2
0
2
1
1
0
2
2
1
2
1
1
2
1
0
1
3
1
0
0
2
2
1
1
0
0
2
0
1
3
2
1
0
1
0
1
1
2
4
0
1
1
0
0
1
1
2
0
1
0
1
1
2
1
0
1
0
1
2
0
1
2
2
0
0
2
0
1
2
0
3
0
1
1
1
0
1
1
2
1
1
2
1
0
1
2
0
0
2
2
0
0
0
0
1
0
0
1
0
0
0
2
0
1
0
1
1
1
0
0
0
0
1
1
0
0
0
0
0
0
0
0
0
1
1
0
1
2
1
1
2
0
0
0
1
1
0
1
0
0
1
0
0
1
0
0
1
0
0
1
1
2
0
0
0
1
0
2
0
0
0
0
2
0
0
0
0
0
0
0
1
0
0
0
1
0
0
0
1
0
0
1
0
0
1
0
1
0
1
0
0
0
1
1
0
0
1
3
2
0
0
0
1
0
1
2
0
0
0
0
0
0
1
0
0
0
0
0
1
2
1
1
0
0
0
1
0
0
1
0
1
1
0
0
1
0
0
0
1
0
1
0
1
1
0
0
0
