0
0
0
0
0
0
0
0
0
0
0
0
0
0
0
0
0
0
0
0
0
0
0
0
0
0
0
0
0
0
0
0
0
0
0
0
0
0
0
0
0
0
0
0
0
0
0
0
0
0
0
0
0
0
0
0
0
0
0
0
0
0
0
0
0
0
0
0
0
0
1
0
0
0
0
0
0
0
0
0
0
0
0
0
0
0
0
0
0
0
0
0
0
0
0
0
0
0
0
0
0
0
0
0
0
0
0
0
0
1
0
0
0
1
0
0
1
0
1
0
0
0
0
0
1
1
2
0
0
0
1
0
3
3
2
2
1
1
4
1
4
1
2
2
0
0
2
1
0
4
0
6
10
6
5
12
3
5
7
7
9
9
9
7
8
7
8
17
11
14
16
16
15
10
23
18
19
18
13
15
21
32
25
14
31
32
30
32
39
35
53
50
51
41
60
48
56
60
60
73
67
76
103
64
89
98
73
99
95
105
116
119
114
130
138
141
176
149
155
151
164
159
176
178
185
182
200
247
206
223
220
220
239
229
260
236
268
256
279
297
304
288
321
293
310
316
318
333
342
317
351
318
353
352
362
337
389
377
352
378
431
423
420
395
377
397
397
407
408
442
391
408
402
391
411
415
432
419
427
416
398
486
486
408
382
445
427
411
416
439
444
424
413
420
427
442
439
438
417
407
417
444
451
419
401
429
419
411
417
384
477
454
441
412
395
438
418
457
412
406
453
426
423
425
431
423
433
414
425
446
426
427
379
442
383
440
416
413
438
441
417
428
455
412
401
425
446
435
442
377
439
429
429
439
447
410
442
426
415
437
420
430
404
433
426
370
431
395
408
409
391
399
400
394
425
411
424
420
392
442
397
404
403
421
398
438
392
355
432
442
381
398
398
430
404
417
410
412
426
416
413
439
453
420
444
418
434
436
454
409
443
399
434
443
458
444
422
431
441
415
430
434
473
413
449
424
429
437
443
477
419
456
481
443
462
427
453
488
451
409
457
455
455
407
464
462
463
438
479
444
499
460
458
481
474
480
466
455
462
473
494
500
493
510
467
519
467
458
482
489
483
488
470
501
492
529
473
520
527
510
503
560
462
536
576
501
528
546
501
541
537
534
532
528
594
543
521
558
512
512
536
544
563
546
555
546
523
558
525
535
533
579
552
584
532
552
544
575
570
528
581
569
552
591
511
605
570
554
515
563
613
556
569
561
579
561
579
585
602
535
578
552
579
558
603
614
588
553
561
592
517
630
504
571
517
610
564
608
516
559
586
576
612
541
542
569
548
570
569
568
529
564
559
567
551
592
588
551
540
555
548
561
521
521
542
584
527
515
476
549
504
528
518
504
526
518
510
549
507
542
561
504
540
507
552
515
497
524
500
504
502
538
537
497
533
496
514
517
480
496
534
512
482
531
487
509
510
489
483
475
526
514
461
454
435
476
502
452
455
464
437
431
468
438
437
448
497
470
425
474
445
480
414
434
455
472
456
495
471
427
472
446
431
431
403
416
418
474
427
419
450
424
427
432
418
451
443
421
435
419
395
422
418
437
425
412
418
406
457
406
430
419
391
387
424
415
410
376
418
378
362
411
424
434
412
369
374
419
402
360
404
409
390
396
434
396
404
400
377
431
404
421
391
382
384
374
364
392
393
395
360
353
405
379
397
389
376
416
375
399
393
351
370
406
377
372
363
361
405
378
368
366
376
379
316
399
384
379
387
341
409
375
374
385
362
350
377
347
341
389
397
354
356
359
353
340
364
368
337
402
370
385
363
364
310
355
357
322
327
359
387
345
355
376
354
323
363
324
322
333
338
360
365
355
343
336
348
331
331
359
385
333
322
338
347
362
344
385
374
379
345
367
327
336
329
334
314
347
353
350
347
355
308
331
345
341
311
318
340
353
335
349
337
340
332
349
338
347
330
325
340
298
335
367
304
326
326
341
343
331
349
342
348
333
311
336
347
327
319
323
348
338
312
334
343
360
312
337
317
329
324
335
330
297
306
340
315
338
314
335
346
357
330
309
307
335
328
339
331
324
310
343
330
334
312
315
306
317
333
325
341
291
329
322
332
309
336
294
325
312
336
338
341
342
325
332
326
337
326
337
325
323
327
347
303
323
340
292
317
283
362
341
315
312
310
367
329
320
307
328
360
327
356
291
286
333
326
350
299
325
312
352
310
356
316
325
299
299
321
338
301
312
315
319
315
327
321
315
319
303
313
337
324
335
329
322
342
318
324
322
339
328
320
348
314
327
321
266
311
310
329
315
308
309
326
310
300
329
313
319
308
331
341
345
304
303
292
339
348
360
344
329
314
307
329
360
323
333
334
329
313
307
307
299
325
350
348
357
295
316
313
334
318
309
291
306
306
343
335
342
331
319
328
344
341
336
305
350
313
334
322
307
281
318
281
306
295
334
312
329
335
323
292
327
311
320
320
347
312
339
322
310
317
313
353
320
304
340
274
298
297
317
315
317
348
364
348
285
335
289
313
358
308
350
332
329
286
321
318
320
346
326
329
317
286
314
315
302
303
321
319
318
351
326
263
345
317
336
314
331
349
317
313
312
319
337
348
325
334
332
342
312
349
351
338
288
317
338
331
326
335
341
329
303
322
328
304
306
330
306
325
311
309
319
336
301
362
373
308
320
312
295
321
281
290
316
283
327
348
323
321
320
304
329
328
319
332
329
280
309
322
312
269
308
301
302
264
262
293
312
328
299
309
274
298
284
325
299
252
285
301
289
288
314
272
273
280
281
268
292
298
261
282
278
275
250
306
243
274
275
250
285
272
288
272
269
279
258
259
229
251
251
265
245
254
250
271
240
254
272
251
221
221
254
234
218
228
216
221
260
194
219
191
220
220
200
234
215
238
231
206
186
195
231
228
204
206
191
177
195
207
180
176
177
178
184
194
179
167
172
192
145
185
177
171
161
173
164
148
141
182
191
166
177
145
151
139
160
147
139
141
142
148
149
130
120
117
147
136
123
132
138
147
137
109
121
145
139
134
133
101
119
122
109
153
117
127
115
136
123
126
119
116
121
110
115
103
111
96
127
97
100
105
124
107
99
109
101
90
90
101
104
95
89
88
86
99
85
101
98
62
72
92
84
86
93
68
85
82
79
86
73
75
76
77
80
77
83
75
88
89
56
97
87
62
65
70
68
73
64
73
79
72
72
57
71
72
79
76
78
58
71
75
65
89
60
70
57
63
58
76
65
58
47
56
57
69
67
67
63
61
77
53
59
58
51
52
57
53
61
63
67
53
50
59
66
56
48
67
67
48
69
54
65
71
54
48
45
53
58
54
44
62
59
38
68
40
56
45
45
62
49
59
63
51
41
45
50
38
52
54
51
68
50
55
35
51
56
51
61
48
47
52
51
67
59
62
49
57
50
51
44
46
48
44
50
56
47
47
43
49
66
59
51
65
46
43
46
59
55
56
54
49
44
42
48
54
54
61
60
51
52
53
51
53
60
48
62
53
49
51
54
56
62
50
49
53
48
52
61
49
56
49
74
51
51
54
56
57
63
58
55
45
64
61
62
61
72
63
65
61
60
54
70
73
65
74
71
55
76
64
62
71
73
73
73
85
83
81
79
81
76
82
86
96
87
92
97
108
92
88
103
111
108
110
119
117
113
128
127
138
123
131
146
135
150
140
164
148
147
169
161
170
154
169
171
203
186
214
198
215
205
219
218
228
239
239
232
276
268
235
269
307
290
238
305
309
340
305
327
346
323
334
348
371
391
385
407
413
442
431
461
451
505
459
444
506
505
538
507
497
545
578
583
582
622
594
618
601
692
634
627
692
694
755
778
748
756
802
794
828
815
805
861
856
865
903
899
901
936
952
964
978
973
962
1045
1003
1070
1085
1149
1103
1145
1179
1142
1160
1168
1169
1218
1211
1270
1269
1259
1338
1278
1274
1365
1263
1342
1376
1428
1438
1421
1378
1426
1461
1463
1435
1431
1517
1547
1497
1581
1491
1505
1455
1625
1619
1649
1540
1528
1670
1611
1605
1687
1661
1628
1643
1667
1684
1650
1647
1664
1702
1711
1652
1624
1700
1695
1720
1791
1706
1632
1668
1667
1677
1715
1636
1607
1754
1705
1696
1683
1746
1637
1642
1669
1674
1635
1615
1604
1630
1676
1541
1643
1679
1636
1521
1530
1525
1566
1575
1514
1436
1492
1434
1538
1501
1408
1410
1423
1388
1424
1348
1354
1319
1302
1336
1300
1317
1328
1274
1252
1265
1202
1247
1181
1168
1216
1122
1155
1144
1099
1033
1015
1069
1049
982
992
1021
984
964
965
894
947
866
872
819
873
850
767
747
766
725
797
723
712
720
694
669
653
694
631
596
607
564
570
591
546
536
517
518
553
486
511
489
480
454
478
489
405
401
433
390
392
348
371
352
341
348
338
318
282
317
281
295
316
272
233
237
233
217
228
240
233
212
197
200
209
185
213
201
165
159
170
151
172
169
149
148
161
131
149
125
118
130
128
124
118
109
112
102
91
105
98
98
98
82
82
68
88
76
86
75
66
71
61
76
45
71
77
56
59
74
64
50
50
53
61
53
56
38
52
43
37
40
50
33
47
41
49
34
39
35
36
38
35
42
40
25
40
28
32
30
34
30
32
32
24
26
25
25
32
34
28
35
28
31
29
25
26
17
18
32
32
28
21
26
36
25
32
23
24
33
26
22
25
23
26
29
28
18
24
28
22
22
23
20
24
23
25
25
17
12
24
14
31
18
21
22
24
22
22
29
19
22
23
17
19
33
21
26
12
22
17
26
21
29
22
21
15
14
11
17
25
25
17
24
29
25
19
16
14
14
22
20
29
20
12
17
19
21
22
19
17
14
16
13
11
17
18
12
18
17
21
15
19
18
19
20
13
16
18
17
19
18
13
11
19
20
22
19
19
16
13
23
20
19
20
16
21
13
14
14
16
20
17
19
10
17
19
14
17
17
14
17
13
17
14
17
14
20
19
22
18
10
12
19
17
17
15
25
16
14
21
24
15
15
15
11
16
17
19
24
18
12
17
19
18
15
16
15
19
12
23
14
21
21
19
18
19
13
19
14
15
28
17
13
12
15
29
16
14
21
10
20
11
15
17
16
14
18
12
17
15
15
16
18
12
11
11
7
16
16
22
13
19
14
16
20
14
19
15
16
21
16
15
20
18
13
13
15
15
21
15
20
18
12
12
14
27
17
16
15
19
16
16
5
17
10
16
8
9
12
15
16
18
21
14
13
8
13
21
23
16
9
14
13
12
11
16
18
14
16
15
19
18
11
8
12
19
18
17
13
15
18
21
12
14
22
17
11
16
18
12
19
16
19
9
12
22
8
11
10
14
22
17
17
11
9
9
18
14
15
16
10
8
15
18
13
13
11
18
15
10
18
10
19
16
26
14
15
17
19
21
15
12
12
13
9
12
12
20
11
15
11
12
16
12
14
20
15
18
15
11
25
12
8
6
17
18
16
15
6
11
8
11
12
8
6
9
12
14
11
18
17
13
16
15
12
8
13
7
18
12
25
18
16
11
18
8
7
19
12
13
13
11
9
10
11
10
12
11
10
12
14
21
12
15
7
16
13
10
11
14
12
14
14
9
13
13
11
14
8
15
8
13
11
6
12
16
14
21
18
10
13
14
11
9
7
9
11
7
14
11
6
17
13
13
7
10
5
11
12
11
9
5
5
13
13
16
7
11
11
11
16
14
10
22
9
12
15
10
7
8
13
4
11
8
14
10
11
12
7
10
5
9
4
8
10
7
9
14
9
6
10
10
11
10
7
14
4
12
10
2
5
11
8
4
13
11
17
9
10
10
7
11
12
6
7
8
9
11
12
9
8
9
10
7
11
8
15
6
14
7
7
13
4
7
9
10
11
5
9
9
12
10
10
11
11
7
8
13
8
9
8
11
12
5
11
11
12
3
13
7
9
9
10
12
9
9
8
7
8
9
5
12
4
10
10
14
9
12
13
8
10
10
6
9
8
13
7
12
4
6
12
9
12
7
10
8
8
9
6
8
4
7
7
3
11
9
9
9
5
12
13
8
11
2
7
7
4
9
12
7
7
13
9
11
11
9
9
7
4
6
6
10
6
6
8
9
13
7
5
9
15
5
11
8
7
14
5
7
3
7
13
6
9
13
4
8
5
12
5
3
9
4
9
5
8
8
8
8
11
7
8
8
11
8
7
12
3
5
12
5
6
8
5
9
11
9
7
5
5
8
10
7
3
5
6
11
6
13
11
10
13
5
8
7
7
9
4
9
7
11
8
5
8
9
8
8
6
4
7
5
9
4
9
2
10
5
8
7
13
6
8
7
6
16
8
9
8
8
9
6
5
4
9
6
5
11
5
7
5
7
8
11
9
9
9
6
4
4
5
12
5
1
3
9
3
9
4
9
7
14
9
7
8
9
7
6
11
6
12
6
6
4
3
11
6
3
10
6
8
4
12
11
8
10
2
6
9
5
7
14
9
6
8
8
8
6
7
6
7
7
7
5
7
12
7
11
9
7
7
9
7
4
5
9
6
3
6
9
4
5
11
7
5
5
3
4
6
6
6
7
6
4
9
7
7
4
8
6
6
5
13
9
12
9
4
3
8
7
3
11
9
6
6
10
6
11
10
4
4
4
6
10
5
7
4
10
11
6
6
8
6
5
3
10
5
8
6
8
6
7
5
0
10
5
6
9
4
6
7
8
6
5
5
10
9
6
5
6
8
8
4
4
6
10
5
5
8
4
6
10
6
6
7
9
7
10
6
12
12
6
3
3
10
6
8
9
3
3
8
7
4
6
5
9
5
6
10
6
6
5
4
5
3
7
3
5
2
9
7
2
6
7
6
7
6
5
7
7
10
7
3
3
3
3
7
11
6
5
1
5
7
5
8
7
7
5
3
5
3
4
4
3
6
7
3
6
3
4
5
5
8
3
5
3
6
3
7
4
4
5
8
6
0
5
3
7
7
8
5
3
6
5
2
6
3
6
2
2
6
7
5
5
2
3
3
5
6
4
6
5
4
1
3
2
8
5
2
2
8
5
1
3
4
9
7
3
6
6
6
7
0
4
4
6
4
4
3
4
4
2
7
1
9
7
2
2
2
5
6
2
5
0
4
4
8
4
3
5
6
1
8
2
5
4
1
1
4
8
6
6
3
8
6
7
4
6
3
5
4
8
5
5
6
3
5
4
6
10
4
4
3
3
2
3
4
2
5
2
5
1
4
3
4
3
1
5
2
5
5
5
6
3
4
3
4
2
7
2
4
3
3
6
2
1
4
5
8
2
3
6
6
2
3
2
6
6
4
9
3
3
6
0
5
2
5
3
6
3
1
3
5
4
4
1
2
9
3
4
4
2
4
1
2
5
1
6
0
5
4
2
8
5
6
5
3
2
5
7
2
3
2
7
8
2
3
3
5
3
3
3
6
3
4
3
3
2
2
4
6
2
8
2
4
5
8
5
3
4
7
3
2
4
4
3
6
2
3
3
6
5
3
2
3
8
8
1
3
4
5
5
4
4
2
8
3
6
2
2
1
2
10
4
3
5
3
3
4
3
5
2
4
2
6
4
4
4
4
6
5
4
4
6
5
5
2
5
2
6
3
3
2
4
8
4
5
6
3
3
8
7
5
3
8
2
6
2
5
4
4
6
3
5
3
5
1
3
8
5
4
6
4
5
7
6
5
3
2
4
4
2
6
7
9
7
4
5
9
5
6
7
4
6
10
6
3
8
5
2
3
6
3
6
7
4
3
2
4
1
8
2
6
1
8
5
4
3
7
9
4
7
6
3
7
2
4
6
4
2
9
4
3
4
3
4
3
4
4
1
8
5
4
7
3
11
3
4
5
11
8
2
7
7
4
9
9
6
4
6
9
3
4
7
8
10
4
3
5
2
7
7
6
2
2
1
10
5
5
6
6
2
7
9
8
10
3
9
6
10
6
4
6
8
3
9
9
5
3
7
11
4
6
4
5
9
8
2
7
2
6
9
8
6
4
8
8
7
5
1
6
6
8
8
2
6
4
10
4
3
2
4
4
5
7
8
5
3
5
10
6
5
3
5
5
1
6
10
4
8
4
6
3
4
7
9
7
4
7
4
2
2
6
6
5
3
3
2
2
0
3
8
4
8
8
5
3
3
3
4
5
2
5
3
3
2
0
4
7
7
1
2
6
6
3
3
1
0
4
4
3
3
3
0
1
1
3
1
5
0
3
2
6
3
1
1
4
2
3
1
3
4
1
3
2
1
2
2
0
1
2
2
3
2
3
0
1
2
2
4
3
1
1
4
1
4
2
2
0
1
1
0
2
1
3
0
1
1
2
3
2
1
3
1
0
2
3
0
3
2
1
0
2
0
2
2
5
3
2
3
0
3
5
0
1
0
1
0
0
3
0
0
2
2
2
3
2
1
3
1
3
2
1
2
1
1
1
2
3
1
1
2
2
0
1
3
0
0
1
0
4
3
1
0
1
0
2
0
1
0
1
4
0
3
1
0
3
1
1
1
2
4
0
2
2
1
2
1
1
1
2
1
1
0
1
2
4
1
1
1
0
0
3
3
1
2
2
1
1
2
2
1
0
2
2
0
2
2
1
1
3
3
1
1
2
0
1
4
0
1
0
1
3
5
4
2
1
0
1
0
1
2
1
3
3
1
2
2
1
2
0
4
2
2
1
2
1
1
2
0
3
0
0
0
1
2
2
2
1
2
0
1
1
1
3
0
3
1
2
1
1
0
2
2
3
1
2
2
1
2
0
4
3
1
1
0
2
1
0
1
1
0
1
3
0
2
2
2
1
3
1
3
0
1
1
1
1
3
2
0
1
0
2
1
1
0
1
2
1
0
1
2
1
0
1
0
1
3
0
2
2
1
1
2
1
2
3
0
1
2
2
2
1
0
1
3
2
0
0
0
2
1
0
1
1
0
1
3
1
2
2
0
2
0
1
1
2
2
0
2
1
1
1
0
2
2
0
1
2
0
2
1
0
0
0
0
1
1
0
2
0
0
1
1
0
2
0
1
0
0
3
0
2
2
0
0
2
0
1
0
0
3
0
0
1
1
0
1
3
1
0
0
0
1
0
1
1
1
1
1
0
0
1
0
1
0
0
2
1
1
1
0
1
0
0
1
1
0
2
0
0
0
0
1
1
0
1
1
1
0
1
0
1
0
1
0
0
1
2
2
0
0
1
1
0
1
3
0
0
0
1
2
0
1
0
0
1
0
1
0
1
0
2
1
0
1
1
0
1
0
0
1
0
1
1
0
0
1
2
0
0
1
0
0
1
1
1
2
0
0
0
3
1
1
1
0
2
1
0
0
0
2
1
0
0
1
0
1
2
2
2
0
0
1
0
0
2
1
0
1
0
0
1
0
1
0
0
2
0
0
1
0
1
0
