0
0
0
0
0
0
0
0
0
0
0
0
0
0
0
0
0
0
0
0
0
0
0
0
0
0
0
0
0
0
0
0
0
0
0
0
0
0
0
0
0
0
1
0
0
0
0
0
0
0
1
0
0
0
0
0
0
0
0
0
0
0
0
0
0
0
0
0
0
0
0
0
0
0
0
0
0
0
0
1
0
1
0
0
0
0
0
0
0
0
0
1
0
1
0
0
1
0
0
2
0
0
1
0
1
0
0
1
0
3
1
0
6
1
1
0
2
0
2
1
0
2
1
1
0
1
2
1
4
1
0
2
1
4
2
1
2
2
0
4
1
4
3
2
3
4
4
3
4
6
4
5
10
2
8
6
1
10
3
2
5
6
4
7
9
11
10
8
11
12
11
10
10
13
8
13
15
20
12
14
14
17
20
14
19
21
20
17
16
22
21
14
23
18
31
29
26
40
42
44
29
47
34
36
44
41
48
36
42
50
56
46
60
56
67
67
67
61
68
70
72
80
64
70
79
88
92
104
81
97
93
80
94
108
124
109
107
109
107
113
116
118
123
120
128
139
125
135
147
135
145
175
135
165
175
188
150
170
184
167
146
170
185
171
201
184
184
176
190
197
178
181
207
179
187
191
167
203
216
199
196
180
179
187
187
174
210
179
194
206
170
192
214
214
196
180
178
201
145
201
199
187
189
169
187
200
208
184
197
177
194
180
194
200
193
212
177
184
189
183
185
195
208
168
192
173
160
177
189
168
170
192
167
150
183
184
195
191
203
159
169
171
195
169
188
191
162
164
173
191
191
175
165
183
181
171
189
170
155
155
155
159
198
172
165
168
181
204
158
155
178
178
170
167
178
178
173
176
179
188
158
193
162
175
192
177
174
191
198
148
146
195
160
189
149
167
170
178
157
155
175
165
180
174
172
175
160
158
154
175
139
182
179
172
174
175
148
175
163
141
187
165
146
166
152
160
168
142
194
165
169
154
199
192
147
172
170
175
161
154
140
146
164
145
185
172
133
169
166
155
180
157
147
180
162
177
161
168
127
161
152
162
185
192
139
172
173
174
148
160
173
159
168
175
158
156
152
161
136
153
150
162
160
188
168
153
165
152
142
158
166
151
160
167
164
153
136
155
169
175
159
157
175
149
163
161
152
160
141
151
156
158
154
157
137
152
144
159
148
177
182
176
145
177
148
167
168
186
166
150
144
168
164
186
151
159
150
176
156
169
150
176
170
169
161
175
165
154
149
167
185
185
149
165
179
204
157
167
142
174
167
176
159
155
176
176
150
161
170
169
197
187
177
170
139
178
170
185
184
203
183
189
183
184
169
170
194
177
165
187
168
186
187
183
201
183
196
183
161
193
199
178
199
180
184
200
197
190
189
190
164
200
184
179
170
203
180
188
198
186
202
170
208
176
197
204
173
193
183
173
189
190
180
196
162
189
158
190
209
201
185
193
194
213
197
184
173
178
175
176
185
186
172
205
182
203
164
186
182
174
183
162
152
176
156
160
207
169
183
176
183
189
194
181
178
144
169
191
201
174
160
169
161
161
175
179
184
176
191
189
161
158
183
163
158
159
156
173
177
184
201
179
144
167
158
182
185
169
163
169
142
152
157
175
159
164
163
177
188
171
153
141
121
162
151
165
159
161
168
148
145
161
160
175
150
148
151
140
128
144
135
157
155
139
150
129
133
140
156
150
141
152
141
137
133
159
175
178
140
129
140
133
136
150
139
144
129
137
163
165
146
146
146
150
137
143
152
146
133
134
145
151
150
132
119
117
142
124
127
146
157
138
134
153
120
137
127
134
131
135
131
141
145
132
122
117
112
128
122
118
134
110
125
132
114
146
131
143
133
127
131
130
122
136
150
123
132
116
120
120
126
143
127
118
139
134
123
100
121
117
130
112
109
113
131
142
131
134
97
130
122
117
122
137
124
148
134
127
129
116
116
129
107
110
125
125
120
114
123
127
126
118
116
115
131
133
127
129
124
109
134
104
112
115
108
147
104
118
120
141
135
132
112
109
118
113
113
97
119
111
105
99
110
122
91
124
126
83
104
137
85
112
129
111
122
96
119
114
103
114
97
98
94
93
109
108
116
104
112
104
114
97
95
94
119
117
106
108
104
99
124
110
113
114
116
80
105
108
104
100
94
108
103
97
107
122
89
94
92
93
106
95
92
118
93
115
103
109
87
102
105
106
127
105
95
103
101
101
126
120
107
98
97
109
97
121
98
102
89
94
99
100
107
100
102
92
102
106
107
108
104
96
113
104
91
100
106
86
119
111
94
96
96
114
92
101
74
120
82
85
104
93
98
119
94
106
95
97
102
118
98
95
99
93
102
95
97
77
94
104
119
92
116
86
106
112
102
95
99
98
95
92
107
95
118
100
108
88
95
78
73
101
85
84
81
83
93
92
103
112
96
98
92
90
91
96
90
74
82
104
84
103
92
105
106
108
89
99
99
98
91
96
88
78
101
94
79
89
87
95
98
108
107
89
86
79
93
106
112
84
84
100
74
115
99
91
94
87
107
108
121
86
87
103
101
86
97
107
86
83
101
95
78
97
92
95
93
91
94
74
70
96
105
91
104
100
80
100
71
97
96
99
92
99
99
97
84
93
85
84
87
92
101
85
98
100
89
93
87
69
87
107
86
96
82
76
84
119
95
70
94
102
83
92
91
80
96
97
99
92
86
99
91
112
80
110
89
88
69
108
92
82
98
71
85
95
89
100
86
76
86
90
86
79
93
90
106
94
75
99
81
104
90
97
91
96
93
98
90
87
93
89
92
95
95
66
89
114
100
85
84
70
88
87
83
82
86
92
92
97
101
81
94
85
102
96
100
88
92
92
75
86
81
88
84
91
91
84
82
93
88
85
94
85
84
99
99
79
85
88
85
75
82
90
84
83
90
103
75
66
81
98
86
82
83
83
81
99
89
86
94
95
71
96
83
83
80
76
89
90
74
99
98
84
84
87
83
103
87
100
64
74
100
79
80
97
81
89
86
86
83
91
84
72
107
72
76
110
85
81
95
87
81
81
72
104
100
72
86
87
89
77
72
77
94
105
94
96
99
66
78
92
91
71
79
101
88
87
90
86
89
96
90
94
84
90
102
81
85
85
83
89
79
74
66
87
82
79
85
69
82
78
84
88
94
107
93
70
102
93
88
85
94
97
87
82
88
99
78
75
83
82
85
93
87
90
83
87
86
91
85
82
71
92
85
95
88
85
105
80
83
80
72
85
86
84
91
93
64
91
85
92
70
92
76
87
90
91
87
78
56
79
88
82
80
85
72
70
88
84
98
91
67
64
99
80
104
69
82
75
107
79
96
86
98
81
79
92
86
69
64
104
83
82
80
87
80
92
99
75
85
75
87
77
76
102
90
77
90
98
88
88
95
70
90
81
63
83
70
72
95
88
92
80
78
90
94
75
100
89
96
90
101
82
85
82
102
81
97
95
96
79
100
101
72
76
99
72
87
72
84
92
87
98
83
101
81
86
78
96
84
83
80
80
84
80
90
80
88
87
81
103
93
81
81
83
92
86
94
74
81
101
79
81
100
86
83
80
71
81
93
84
92
80
80
89
93
81
98
81
94
95
95
90
98
84
88
100
77
72
90
79
92
100
83
89
85
75
89
95
91
81
105
80
82
78
89
72
104
90
79
106
76
100
76
93
102
92
92
91
81
76
85
96
89
92
80
84
72
75
68
87
70
77
80
109
94
95
72
77
98
87
88
88
85
93
83
99
70
84
95
109
94
67
85
86
88
78
78
85
72
80
102
80
86
89
81
70
95
84
86
97
77
73
79
94
98
99
79
82
101
102
68
76
75
89
84
79
77
77
94
83
78
89
102
89
86
90
86
105
94
97
74
82
79
99
78
89
80
92
79
92
68
87
68
92
76
71
77
89
94
90
85
87
89
92
84
104
71
92
84
106
98
86
73
84
102
72
73
90
98
66
76
76
78
86
90
84
84
84
74
83
80
89
89
91
84
69
82
104
85
96
91
98
87
86
91
88
84
79
75
101
91
88
88
99
78
73
98
93
86
96
92
91
93
82
84
93
82
81
78
80
96
89
78
81
70
82
97
72
78
86
74
71
98
86
67
83
103
86
99
82
84
84
96
89
86
98
99
86
85
82
91
104
103
88
86
81
79
91
100
89
95
72
72
101
79
84
87
72
72
91
81
88
73
84
77
98
80
107
81
59
88
88
89
101
81
82
70
96
102
93
95
97
79
83
99
91
93
85
100
93
84
111
81
95
89
95
91
85
103
89
93
79
102
117
94
82
78
84
85
88
89
114
85
96
73
110
84
95
107
76
109
108
76
95
89
91
88
110
93
99
82
97
95
85
94
70
89
105
82
99
69
95
91
108
86
87
92
79
88
102
91
89
81
108
99
87
107
91
95
94
102
98
90
101
92
96
99
101
91
83
86
90
93
80
88
100
102
100
103
89
104
94
87
85
91
94
88
96
86
89
87
91
97
93
80
101
76
103
92
87
94
95
89
89
83
87
83
89
93
103
92
90
95
84
97
104
93
106
98
88
88
94
85
82
95
87
87
93
82
99
88
99
99
90
95
90
93
96
94
91
67
90
91
81
72
94
85
101
87
95
116
110
82
96
98
91
97
93
114
100
108
77
65
95
107
82
101
111
87
90
106
84
98
103
93
91
98
104
93
75
95
85
101
100
81
87
102
93
95
89
97
82
100
106
92
100
91
104
116
112
92
99
94
84
95
107
104
110
95
100
105
111
109
99
91
97
111
95
97
98
91
91
97
96
91
105
89
95
119
106
106
120
111
99
99
105
102
104
85
100
116
117
100
104
113
110
95
97
102
103
82
86
105
99
97
81
114
109
95
115
116
110
102
104
106
78
98
101
111
101
84
94
107
99
100
105
108
112
106
94
105
84
102
83
109
100
105
111
115
96
95
114
103
94
101
114
105
100
114
98
110
121
128
85
97
100
112
94
117
107
97
89
101
99
114
94
98
102
107
98
98
93
101
95
98
102
94
99
113
140
106
115
108
100
113
123
111
106
125
108
96
110
100
123
112
111
107
105
94
94
115
120
117
120
100
103
109
102
102
116
114
98
99
120
106
98
122
95
103
121
109
115
93
108
98
123
114
102
96
97
101
119
121
100
108
107
112
96
83
123
104
110
96
105
99
112
92
101
109
108
108
101
84
113
114
124
111
109
107
128
118
102
95
105
120
104
101
105
104
100
101
101
106
99
106
116
113
124
130
104
96
111
79
94
106
93
105
96
124
121
95
118
117
96
118
95
110
118
100
121
111
102
102
102
113
109
110
92
94
111
129
120
108
103
114
129
97
109
118
107
121
122
112
106
110
100
94
94
104
109
103
117
108
111
96
120
97
120
112
103
124
106
104
104
106
129
101
107
99
128
121
109
98
111
110
104
129
116
103
109
103
105
119
111
101
111
132
120
105
113
110
125
119
109
106
118
113
86
113
106
125
112
99
118
104
131
115
109
106
97
126
118
110
94
100
91
98
114
104
115
95
121
79
119
101
104
108
104
91
95
127
115
97
117
95
111
107
102
95
98
103
111
95
116
126
101
114
101
116
106
109
94
101
106
100
101
107
88
110
95
97
97
106
99
95
88
110
90
88
98
86
106
89
82
96
109
101
105
78
98
95
101
107
99
93
109
95
99
90
105
115
99
97
94
109
84
113
86
117
99
99
72
96
80
86
96
82
72
81
97
92
95
75
106
69
94
90
103
82
79
91
90
95
92
100
95
99
98
83
85
85
91
80
86
102
78
88
90
81
82
90
82
82
96
89
82
68
87
85
89
80
83
65
84
75
85
89
81
95
84
73
78
89
94
70
86
97
88
61
72
79
69
76
94
86
83
91
83
81
81
89
91
90
89
80
68
76
75
71
82
73
67
82
72
82
65
84
86
75
78
59
57
74
72
82
82
75
71
89
78
83
78
86
62
77
73
80
72
91
63
61
70
74
60
81
68
85
81
74
76
69
75
64
82
66
73
84
79
73
54
80
81
77
71
70
57
67
67
60
85
70
82
76
81
75
71
79
75
73
70
63
77
73
75
78
76
58
70
73
71
69
80
87
75
69
66
68
66
71
87
61
74
73
62
75
54
74
69
60
80
68
76
79
59
69
75
72
77
59
60
70
61
67
59
71
57
59
72
72
64
72
82
58
71
57
72
58
57
68
77
76
71
65
56
72
67
67
68
56
61
69
67
77
65
62
61
71
64
70
78
84
68
74
71
55
55
68
68
70
69
93
54
77
73
71
68
66
73
69
64
75
63
55
66
63
75
67
77
61
70
54
74
65
68
71
71
67
65
81
56
70
66
56
58
68
62
59
62
64
84
64
64
54
56
63
62
57
50
72
76
56
68
60
60
70
80
59
63
66
45
67
64
73
51
60
70
60
63
69
65
52
38
65
65
54
74
54
60
48
56
62
55
55
66
59
61
57
50
51
55
60
63
62
72
71
62
64
62
57
67
69
71
77
60
58
76
65
77
55
56
64
62
56
50
60
68
78
66
50
82
59
61
80
74
57
60
68
54
59
57
65
60
52
69
57
64
68
67
74
73
86
82
72
72
82
81
65
78
75
71
61
66
74
61
69
87
77
79
69
79
66
78
92
78
74
70
78
83
92
92
80
71
94
87
76
110
90
83
88
97
89
91
80
95
82
106
94
96
97
107
92
111
102
100
117
111
110
110
128
119
112
108
106
114
119
122
138
112
117
126
143
133
110
124
149
120
147
147
145
137
124
125
143
154
144
135
153
150
145
149
124
164
157
163
168
164
175
153
168
149
179
167
179
173
189
160
181
176
168
156
198
196
149
196
208
213
183
189
180
188
211
184
185
183
190
203
209
206
192
175
184
162
199
181
203
193
199
189
195
221
213
217
194
207
211
214
231
215
201
241
204
225
210
234
194
241
240
216
211
193
212
220
194
224
211
208
236
221
224
208
205
225
214
229
226
228
199
227
242
214
203
220
204
233
193
210
233
191
179
200
209
223
207
197
206
198
215
203
218
192
198
220
190
193
209
170
199
197
185
166
182
174
176
183
178
173
164
192
182
173
167
156
172
179
142
181
165
158
174
147
167
161
129
159
150
131
142
144
138
155
134
135
130
129
119
140
138
131
134
130
113
124
110
105
116
121
117
109
122
93
81
106
120
108
95
110
101
112
97
90
86
94
84
78
74
79
76
75
74
70
79
89
79
78
73
92
75
58
77
58
74
56
56
66
57
53
55
52
65
66
58
48
64
49
51
63
40
62
40
51
55
44
42
50
39
49
45
33
49
42
34
40
37
36
38
35
40
44
36
35
32
33
36
39
42
27
24
30
24
39
31
35
28
27
30
41
29
34
25
29
23
30
22
30
34
37
34
34
30
27
28
41
28
29
30
41
17
32
26
34
30
32
32
29
33
31
28
30
25
31
35
35
41
29
27
26
35
40
30
37
36
29
36
40
45
24
43
47
46
31
37
28
48
35
36
47
38
36
54
44
42
50
55
50
47
48
48
46
53
53
46
52
48
64
54
41
58
56
49
70
52
67
70
52
59
83
58
79
61
70
80
72
81
70
72
63
90
91
69
62
86
82
96
81
77
83
100
95
73
85
81
91
98
84
93
102
95
107
108
108
92
108
87
97
127
109
111
116
117
107
118
120
123
108
106
115
114
114
114
132
119
132
99
142
124
136
119
132
149
148
136
135
143
130
132
149
134
141
144
156
160
121
146
143
170
147
140
160
149
155
142
174
159
141
156
148
183
159
144
146
171
154
150
150
178
168
177
191
145
167
177
182
177
168
165
166
149
170
183
168
159
164
168
182
180
186
172
187
173
152
166
172
158
167
195
161
179
189
148
165
197
168
183
167
185
154
172
175
174
150
185
176
158
150
185
164
157
146
183
183
138
183
155
159
179
152
178
152
142
169
151
173
162
168
140
160
134
163
138
132
136
141
147
115
126
140
137
133
136
132
108
122
135
117
115
134
106
103
129
103
111
124
104
119
105
96
98
130
104
97
103
116
113
82
93
90
82
102
106
77
84
98
77
98
90
80
79
102
90
95
75
89
81
77
77
76
53
68
66
55
80
73
54
47
51
69
62
55
64
53
65
46
40
58
62
53
57
44
53
55
39
30
40
54
34
35
47
44
47
33
48
33
33
45
35
41
34
34
38
31
32
27
32
26
29
29
21
33
28
24
23
23
18
30
16
26
16
25
25
20
24
17
22
24
12
28
17
28
23
13
16
26
24
23
17
18
16
10
19
21
17
12
15
12
16
20
15
16
14
14
11
12
10
15
15
5
19
9
15
15
10
21
15
17
13
12
6
14
12
15
6
7
8
13
8
11
14
12
7
12
11
12
6
7
9
7
5
11
6
6
11
11
9
10
9
8
7
10
6
7
15
7
11
7
10
7
8
9
14
11
6
9
7
10
13
2
9
8
13
8
10
18
7
6
4
6
15
11
12
7
8
9
4
9
6
7
10
8
5
9
10
10
5
8
5
7
7
12
6
5
9
9
9
10
8
12
8
10
7
13
9
11
8
6
4
10
13
6
5
6
11
9
6
6
9
6
5
7
9
3
10
12
9
10
9
10
9
7
10
5
9
8
7
10
5
7
10
8
11
8
3
5
10
8
4
5
9
6
9
7
6
3
3
5
8
12
7
15
7
4
5
9
3
3
3
9
7
6
8
9
7
3
9
9
7
9
8
8
5
4
6
8
7
8
4
5
6
4
11
9
8
3
7
6
5
3
7
7
7
3
7
4
2
5
7
13
4
4
5
6
4
4
5
3
9
5
6
4
10
3
11
7
3
6
9
10
8
9
4
6
10
4
7
2
4
7
4
9
7
6
5
5
2
5
8
7
4
12
6
4
3
5
7
10
8
6
5
8
5
6
3
3
5
6
4
10
5
4
5
10
5
5
9
8
8
12
7
2
3
9
10
4
4
4
4
13
8
5
5
9
5
8
4
8
13
7
6
0
5
8
5
8
5
5
6
7
5
4
2
5
7
6
8
10
7
3
3
7
7
6
3
4
5
5
7
6
8
2
3
5
10
4
9
6
8
7
6
14
10
6
5
9
8
4
6
4
8
10
11
5
9
6
9
10
6
5
6
2
2
5
9
3
7
7
8
9
1
2
7
5
4
1
10
2
6
7
7
7
5
4
9
1
7
10
3
3
7
7
4
11
9
3
7
7
3
6
5
3
4
5
9
5
3
5
9
6
6
8
5
8
6
4
7
0
