0
0
0
0
0
0
0
0
0
0
0
0
0
0
0
0
0
0
0
0
0
0
0
0
0
0
0
0
0
0
0
0
0
1
0
0
0
0
0
0
0
0
0
0
0
0
0
0
0
0
0
0
0
0
0
0
0
0
0
0
0
0
0
0
0
0
0
3
0
0
0
0
0
0
0
0
0
0
0
0
0
0
0
0
1
0
0
0
1
0
0
0
1
0
1
0
1
1
0
0
0
0
0
0
1
1
0
0
1
0
2
1
1
0
0
0
2
2
1
1
1
1
4
1
2
1
3
1
2
2
3
3
3
6
3
2
2
5
5
7
5
7
3
6
7
14
7
9
8
7
11
14
12
8
16
22
19
18
16
21
31
20
26
34
40
27
39
46
43
31
47
54
42
55
62
75
78
78
87
63
81
104
104
117
114
112
150
132
135
149
181
186
187
206
204
249
245
281
293
314
325
372
370
397
390
419
469
509
506
578
575
650
667
740
720
750
826
875
957
961
967
1040
1102
1124
1217
1220
1287
1395
1368
1382
1522
1552
1586
1650
1726
1769
1838
1879
1970
2006
2048
2080
2174
2272
2344
2390
2334
2381
2511
2526
2508
2525
2606
2726
2780
2756
2787
2827
2809
2910
2779
2939
2890
3034
2903
3089
3025
2987
2984
2972
3078
3061
2958
3072
3066
3090
2933
3027
3037
3080
3103
3070
3085
3052
3029
3002
2990
3103
2940
2857
2966
2831
2823
2918
2849
2917
2787
2823
2792
2771
2723
2638
2717
2543
2532
2481
2544
2524
2458
2416
2395
2446
2410
2354
2174
2266
2248
2247
2140
2192
2049
2078
2040
2002
1967
1870
1941
1907
1786
1870
1771
1750
1745
1722
1677
1665
1552
1618
1528
1534
1496
1506
1441
1410
1415
1353
1371
1362
1297
1235
1315
1230
1239
1240
1235
1205
1194
1120
1124
1150
1057
1091
1042
1011
1024
1027
1022
997
1024
968
927
949
954
879
956
875
858
846
885
852
813
927
815
863
810
784
832
831
790
782
749
745
782
783
803
830
770
734
777
748
790
751
750
729
697
773
816
757
743
750
696
764
701
724
755
755
733
759
778
747
733
730
732
702
729
736
715
741
745
709
709
721
743
738
700
781
753
729
756
738
775
763
742
742
736
708
790
740
750
766
724
724
763
745
747
706
707
794
779
787
797
762
752
747
721
737
782
790
774
780
773
824
734
801
772
806
746
741
839
767
737
792
754
775
790
743
800
808
769
740
699
803
788
784
784
765
752
786
784
753
804
752
805
761
770
814
733
817
801
818
780
751
765
761
757
784
798
876
814
761
764
774
789
797
776
770
758
758
757
820
713
745
771
808
788
822
781
806
783
768
749
753
764
724
762
776
761
685
756
734
748
753
734
721
721
774
729
777
697
757
778
729
734
712
714
726
711
706
676
726
759
710
711
684
659
700
706
691
707
667
697
722
711
665
697
722
678
667
699
681
702
688
710
682
677
703
626
681
660
667
674
686
635
704
650
647
644
695
620
716
639
690
631
649
665
674
655
652
658
657
609
638
653
645
650
618
622
607
638
608
629
651
614
636
561
639
625
648
594
641
526
659
607
603
633
618
616
649
586
640
574
611
559
617
606
597
574
613
582
586
566
572
579
594
622
589
631
607
608
596
593
590
613
570
561
617
605
592
603
550
589
612
594
586
530
612
530
608
546
576
561
609
530
633
560
521
520
547
548
555
541
541
565
577
547
584
524
582
600
549
558
553
529
556
579
558
532
549
535
511
502
549
554
520
571
562
544
562
543
496
512
534
533
533
558
553
513
545
532
527
484
576
520
517
526
531
512
527
517
545
526
518
540
506
525
491
517
474
502
504
507
485
488
489
477
474
474
498
530
492
486
505
490
478
532
513
503
544
491
485
489
492
490
480
478
520
475
526
484
456
471
473
490
467
458
490
459
500
490
528
470
457
465
466
437
480
495
492
463
461
461
451
451
467
455
470
488
431
462
404
469
472
444
459
411
472
434
474
434
474
427
464
427
442
398
450
441
428
419
466
465
427
412
419
453
443
403
420
419
416
426
419
409
406
428
420
391
416
409
415
430
427
405
413
417
418
425
418
424
375
398
426
405
421
408
419
406
414
434
351
413
382
395
400
356
397
413
420
373
403
373
378
385
417
358
372
402
397
384
373
368
382
398
403
393
420
398
356
391
369
358
372
386
403
361
395
351
395
368
353
360
399
389
383
378
390
343
413
362
351
411
358
330
355
375
384
386
378
326
363
356
397
338
347
341
343
342
346
325
347
331
326
336
362
329
346
392
332
352
370
325
344
311
317
339
356
341
327
332
343
378
313
319
324
347
349
348
322
348
318
334
323
314
344
309
330
373
305
324
336
339
357
327
332
296
320
297
299
311
333
316
315
310
325
295
327
297
315
317
309
313
310
348
304
323
324
313
295
296
311
324
334
291
298
279
288
338
284
328
312
290
293
260
337
270
321
286
336
284
276
286
299
303
275
285
268
280
296
304
258
256
270
280
280
276
279
304
296
297
270
292
258
278
269
259
282
268
309
290
303
269
298
316
263
297
287
266
248
255
292
245
267
278
269
260
255
257
247
268
257
277
251
289
254
270
245
279
253
239
237
295
266
270
263
251
265
277
257
238
260
271
277
234
254
232
234
235
238
246
237
250
246
248
255
250
239
257
219
233
259
212
231
222
255
228
226
240
241
257
255
244
244
267
227
227
230
232
261
237
239
232
235
248
211
216
259
249
219
245
251
250
243
241
235
237
253
233
224
222
224
223
208
228
244
193
203
223
216
214
204
217
205
213
217
215
225
225
197
213
228
205
221
208
218
196
232
218
205
201
216
225
202
203
214
204
211
203
216
224
200
234
209
197
205
207
215
220
228
205
175
201
199
191
200
211
194
226
202
218
197
202
214
190
204
183
210
189
203
203
251
203
209
201
197
188
204
206
180
192
198
182
191
207
190
196
228
200
211
184
212
209
181
193
215
176
200
191
214
215
187
174
167
182
199
179
188
172
207
206
173
181
182
177
179
185
210
195
173
190
197
177
172
183
157
173
173
170
185
184
187
195
206
180
176
170
152
172
166
171
177
158
173
189
169
179
165
168
180
157
165
174
162
147
161
170
161
154
179
158
152
171
162
160
183
178
163
171
191
176
154
159
164
177
160
139
171
167
150
171
133
172
180
160
153
145
167
154
153
164
159
169
166
164
146
158
160
167
162
151
155
156
166
153
134
170
171
146
162
168
183
160
146
160
163
143
168
146
185
139
169
158
152
134
162
161
155
150
187
143
156
170
170
137
161
147
155
141
164
155
168
155
150
131
158
170
152
136
155
138
146
145
141
126
130
144
116
134
152
128
137
138
117
163
156
137
120
144
141
161
147
167
149
140
151
156
142
122
155
131
147
126
139
115
121
152
138
129
117
133
159
126
117
118
134
143
119
128
141
134
128
134
129
127
154
140
109
150
135
129
130
144
120
131
121
150
110
121
140
129
103
139
140
131
151
149
116
143
143
139
123
133
134
130
125
124
128
136
130
128
129
136
114
119
136
129
112
128
114
138
129
114
128
94
122
106
113
124
139
127
138
112
136
130
130
127
117
113
113
120
112
118
128
99
127
107
101
117
125
109
126
110
112
109
105
111
120
124
123
103
127
103
123
126
122
127
112
110
98
117
111
97
108
118
101
94
111
109
121
108
104
113
106
103
113
130
107
116
101
115
99
127
106
94
103
102
100
101
114
107
94
96
118
103
104
100
108
111
89
95
103
111
110
90
108
89
111
112
116
92
107
94
112
102
80
98
102
118
84
88
103
117
89
85
109
98
110
88
101
93
110
109
82
105
82
104
102
85
85
100
88
107
92
105
77
97
81
88
96
91
82
89
99
95
99
85
102
91
76
89
96
99
80
87
87
84
86
94
94
92
81
80
76
90
99
66
92
91
89
87
81
91
74
91
79
91
64
80
90
73
90
71
88
78
99
93
80
87
106
98
86
71
77
98
99
89
71
99
84
79
79
91
85
77
83
76
74
88
86
85
88
99
74
78
94
82
72
79
83
75
91
55
93
94
79
57
71
83
76
91
89
91
66
82
93
74
83
79
74
68
102
63
83
83
99
80
64
68
73
74
85
82
69
73
79
80
80
65
74
70
90
67
87
84
68
78
70
80
79
85
69
94
78
78
82
71
71
72
67
77
77
81
72
92
76
68
73
81
81
78
75
63
71
77
81
84
82
87
81
67
79
51
81
75
74
74
70
71
55
70
65
77
92
61
77
77
68
75
75
78
61
89
78
65
76
90
56
91
75
69
87
76
86
73
83
78
66
72
84
76
75
88
93
71
64
71
80
81
86
66
93
86
74
77
65
68
80
54
74
78
73
60
82
73
81
75
64
83
72
76
80
66
62
85
65
74
88
89
82
87
87
79
81
78
69
76
89
73
64
89
69
67
89
85
71
73
63
71
76
69
77
67
69
80
86
61
91
71
83
59
75
74
71
74
87
90
89
85
85
86
81
85
88
77
71
69
103
71
93
71
85
80
65
86
88
91
84
84
66
76
63
85
88
81
101
77
107
90
91
88
91
85
85
92
78
73
89
80
107
78
97
71
80
74
76
81
92
96
78
91
82
85
85
88
76
78
89
90
82
84
75
108
104
83
101
82
84
111
79
85
81
91
106
90
111
87
79
87
97
101
85
83
103
105
97
79
106
96
99
91
79
85
73
99
85
86
93
99
76
96
79
84
101
83
104
84
98
76
82
84
90
82
80
99
84
90
75
104
91
95
96
71
88
97
88
95
86
76
97
120
91
96
80
72
77
80
85
74
93
74
91
72
83
79
78
86
75
67
73
80
67
77
76
60
71
84
82
72
90
68
72
72
60
81
64
67
82
65
62
66
79
70
67
80
67
67
72
73
64
76
63
52
70
73
48
59
63
57
76
59
81
60
50
63
67
65
63
64
63
52
49
60
60
59
54
57
60
63
49
46
59
48
55
59
57
45
53
59
67
52
45
56
55
37
59
48
68
39
65
47
45
43
29
32
43
45
50
44
44
50
43
44
48
50
39
56
50
40
44
47
58
39
45
48
35
42
32
42
43
42
26
49
40
40
52
46
41
38
48
31
37
39
40
43
44
43
34
36
35
49
32
33
39
42
32
37
38
36
41
34
42
32
26
43
35
39
42
31
46
28
33
24
40
33
42
36
33
28
43
31
35
32
26
36
36
39
28
34
45
31
28
26
25
29
39
26
37
33
37
37
36
37
38
23
26
37
27
48
20
29
27
34
32
30
36
30
35
27
32
34
28
29
29
33
40
26
23
35
30
32
26
35
23
33
42
16
36
35
21
34
29
33
26
31
33
39
30
22
36
34
29
24
27
24
36
27
30
39
30
31
29
29
23
30
32
44
36
24
31
28
32
26
37
18
31
34
33
34
27
46
35
36
25
25
37
19
27
36
31
24
37
26
32
33
33
32
36
36
29
37
37
34
25
36
28
37
25
32
32
33
35
27
31
33
25
19
29
28
20
30
23
23
32
32
28
27
21
30
26
34
27
28
28
21
37
20
38
28
26
32
28
30
21
32
29
40
48
31
32
24
24
21
34
25
21
35
24
27
32
23
29
30
31
28
26
27
31
34
26
21
27
26
25
40
31
23
24
30
32
20
26
27
31
38
26
27
50
38
33
23
29
20
23
32
37
34
33
37
29
26
31
34
25
22
45
23
30
33
26
21
37
37
24
34
33
33
27
25
25
24
30
25
35
34
29
28
24
25
30
38
29
30
28
30
34
29
27
29
35
28
26
29
30
37
42
39
33
35
37
36
35
34
39
35
36
34
31
30
40
52
37
34
28
46
29
48
39
35
45
37
36
35
38
38
41
51
28
32
41
46
32
37
45
47
37
39
52
45
39
46
49
48
39
37
47
42
47
43
41
51
48
52
42
75
61
41
51
45
43
47
63
56
59
48
41
54
54
51
50
49
52
58
63
61
50
51
71
58
63
62
61
52
53
66
58
69
48
54
56
69
63
52
61
72
55
77
61
58
61
76
67
59
61
82
57
62
75
76
77
74
69
77
77
64
65
86
75
70
69
71
83
71
63
68
76
66
70
60
63
67
71
57
46
63
87
75
61
59
74
81
66
79
73
68
61
83
72
75
70
81
57
56
61
59
73
87
65
58
59
53
74
63
53
53
55
55
47
51
63
56
65
54
61
58
69
61
72
66
59
52
56
47
56
64
68
47
66
48
60
51
49
64
53
39
47
40
39
56
48
46
47
50
48
48
39
46
44
56
39
36
52
36
46
43
43
41
48
34
34
39
44
37
23
30
38
36
49
39
37
33
24
32
30
29
29
20
31
40
27
20
18
29
24
21
19
25
29
32
24
23
21
27
30
20
28
28
20
22
24
22
21
19
28
24
22
27
19
23
23
20
23
13
24
19
24
15
19
17
18
16
24
12
18
18
10
8
13
14
20
16
12
19
14
20
8
16
14
17
11
16
19
16
17
15
8
13
9
16
19
17
18
17
13
15
13
17
17
19
10
11
15
13
8
8
6
12
9
16
18
13
14
15
8
8
9
10
17
14
10
3
6
7
17
11
14
12
15
8
12
16
14
9
8
10
10
10
12
15
10
14
12
9
9
7
11
8
7
8
11
13
8
9
7
13
17
16
13
11
20
5
15
7
13
5
11
14
9
9
11
14
11
12
9
13
11
15
7
8
14
12
10
7
5
13
11
9
12
9
7
14
2
14
7
7
9
12
8
5
13
9
17
10
8
7
6
16
12
11
10
11
15
6
7
6
11
13
9
9
8
12
9
13
4
14
9
4
9
10
10
5
7
6
13
8
8
10
5
6
6
10
8
7
12
8
11
9
4
7
13
10
11
7
12
15
8
5
8
11
6
11
7
7
9
4
7
7
5
9
9
11
14
11
9
10
11
8
8
6
6
11
11
7
6
7
5
3
7
15
9
7
11
9
11
6
4
1
10
7
8
7
7
7
15
12
7
8
9
7
13
10
10
5
7
5
4
4
7
3
11
16
8
6
9
8
7
6
9
6
13
12
3
11
9
10
3
13
7
7
7
9
9
8
6
2
6
12
4
6
8
13
10
9
8
6
11
11
10
7
7
9
7
6
4
9
9
9
8
12
11
8
6
15
7
2
9
5
3
10
8
4
10
8
5
8
8
7
7
8
12
4
5
9
5
7
9
7
8
9
5
3
5
9
11
11
4
2
5
7
7
6
8
11
6
3
4
7
8
9
9
8
9
3
9
4
3
6
6
3
7
5
5
9
6
6
6
12
6
10
7
10
6
4
10
2
5
7
4
6
5
7
6
11
9
9
9
8
3
6
8
11
6
8
10
7
5
6
8
9
7
4
8
4
10
3
5
5
6
8
9
2
8
5
5
7
4
8
8
5
4
7
6
8
4
6
6
6
11
6
5
7
4
5
3
5
3
9
7
6
10
10
3
6
12
10
6
5
7
3
6
7
5
8
4
6
3
13
5
3
3
2
5
3
3
3
8
5
3
7
8
3
8
4
6
5
6
4
7
6
7
4
4
6
7
5
3
4
5
11
5
2
1
5
5
7
5
0
5
4
5
7
3
1
7
3
7
3
4
4
9
5
7
3
7
3
6
8
7
6
7
8
7
1
5
5
6
7
11
7
6
4
4
2
2
5
0
4
5
3
5
3
4
3
4
4
5
7
6
6
10
2
3
7
5
2
1
6
5
3
7
5
1
3
8
5
8
4
4
3
6
5
4
3
5
5
4
4
5
5
5
5
2
2
3
4
4
3
5
7
3
5
4
4
2
8
7
2
4
7
2
2
6
2
4
2
1
3
4
5
3
4
4
2
6
5
6
3
3
6
2
5
6
4
6
3
4
1
2
4
3
4
5
5
9
2
5
5
7
5
3
3
5
2
2
3
5
4
2
3
9
4
4
3
1
2
2
4
6
4
3
4
2
4
2
4
5
2
5
3
3
3
6
5
2
9
0
7
6
4
2
4
8
3
2
3
3
6
2
3
2
3
2
6
5
6
7
5
3
2
5
5
4
3
9
3
2
5
3
3
2
4
3
4
8
3
4
4
1
4
3
2
3
6
5
4
4
9
7
5
6
3
3
3
3
3
3
2
2
3
7
5
3
2
3
4
2
0
5
5
4
8
5
6
6
4
3
4
4
5
5
6
7
0
1
6
2
4
4
2
3
2
4
5
7
3
4
5
5
2
5
4
5
5
5
3
5
6
3
3
2
7
8
1
4
3
4
4
9
2
3
7
1
3
7
5
5
6
4
4
6
5
8
4
6
2
4
3
4
2
3
1
2
2
1
3
4
3
1
1
6
7
8
3
4
6
6
3
4
3
3
4
2
4
2
6
2
2
3
6
4
2
3
3
4
5
4
7
2
1
1
2
2
5
4
2
3
2
8
4
4
7
3
3
3
5
3
6
4
4
5
7
9
4
3
2
2
2
6
5
4
3
1
4
4
2
6
3
6
4
6
4
5
3
5
1
7
3
1
4
3
3
3
4
3
3
2
3
5
2
3
1
1
7
7
3
2
4
3
7
7
7
2
3
7
6
5
7
5
3
6
3
4
8
1
3
5
7
5
6
8
2
4
7
4
5
4
9
4
4
4
8
2
3
4
4
4
3
4
5
3
3
5
2
5
2
5
2
6
6
5
1
5
2
2
3
7
2
6
1
3
5
2
4
7
2
1
4
4
5
6
5
1
9
8
5
8
4
2
8
4
3
4
9
3
6
4
3
2
6
2
2
4
2
0
6
7
6
1
2
2
3
3
9
6
3
2
3
2
2
2
4
5
3
4
0
4
2
2
3
3
2
2
0
3
2
2
2
3
3
3
5
0
4
6
5
2
1
8
4
5
2
3
4
3
3
4
2
5
1
0
2
5
3
1
4
1
4
3
2
4
4
5
4
2
6
2
4
4
2
1
2
4
3
2
2
2
6
2
3
2
8
3
6
5
4
2
1
2
1
9
3
4
1
3
4
1
4
4
4
3
4
3
2
3
3
3
2
1
6
3
1
3
2
1
5
4
1
1
4
4
4
4
2
3
3
2
2
3
2
4
4
3
1
1
5
2
3
2
2
3
3
3
3
1
2
3
4
4
4
7
0
4
1
8
1
0
2
1
4
6
1
5
1
2
3
4
2
0
3
1
2
2
1
5
2
2
1
2
2
6
1
2
3
2
5
3
4
1
1
5
7
3
3
1
1
3
4
0
2
4
1
4
3
1
2
2
1
6
3
2
1
4
4
0
3
2
1
3
3
3
1
2
5
2
2
2
2
4
1
5
0
0
2
4
3
1
2
2
1
5
0
2
2
2
1
1
2
0
1
2
1
4
7
1
0
1
6
0
