2
0
0
0
0
0
0
0
0
0
0
0
0
0
0
0
0
0
0
0
0
0
0
0
0
0
0
0
0
0
0
0
0
0
0
0
0
0
0
0
0
1
0
0
0
0
1
0
0
0
0
0
0
1
0
0
0
0
0
0
0
0
0
0
1
0
0
1
0
0
0
0
2
0
0
0
1
0
0
0
1
0
0
1
0
0
0
0
1
0
0
0
2
0
3
0
0
0
1
0
2
1
0
4
2
3
4
3
2
4
2
4
3
9
5
6
4
14
10
8
3
8
7
6
10
15
8
18
15
15
13
11
19
10
17
23
21
27
23
22
26
36
38
38
40
38
58
59
41
42
53
54
61
76
59
76
57
68
97
73
80
83
95
112
101
107
111
127
139
156
150
152
158
183
189
179
220
191
238
234
267
241
242
261
251
270
293
344
295
352
322
380
378
333
374
370
393
385
401
413
407
411
435
433
435
427
438
483
451
458
456
478
488
477
463
463
478
525
475
532
510
503
475
502
508
488
511
493
535
497
482
542
532
527
530
547
518
529
539
566
506
505
550
571
531
542
525
546
564
553
578
588
555
545
543
550
547
591
554
553
538
555
548
561
536
541
589
578
575
582
598
572
586
592
593
588
629
627
619
612
593
540
591
613
530
600
572
598
602
604
618
570
603
627
620
608
598
564
613
620
580
593
663
610
609
587
628
599
637
650
611
643
649
597
606
634
596
636
593
636
628
596
588
621
573
617
618
607
654
637
601
628
576
617
652
654
612
586
584
608
599
643
590
629
605
606
554
562
555
645
579
595
580
588
570
624
608
598
568
619
617
607
572
601
590
579
607
600
637
638
572
600
581
556
637
591
575
584
589
625
593
605
586
661
599
618
601
603
622
645
601
646
610
600
606
624
615
598
620
578
516
533
629
620
622
619
626
605
641
608
654
652
613
578
598
580
621
627
597
652
589
596
598
611
644
667
621
597
599
659
659
598
656
659
591
660
638
622
614
635
627
624
619
590
615
660
577
659
619
614
637
639
573
675
599
613
650
636
649
648
637
618
654
644
618
629
643
633
680
683
694
667
675
641
617
651
673
657
661
640
660
692
617
656
643
666
665
694
657
659
670
653
624
658
657
700
651
657
698
626
658
654
705
694
643
698
648
711
699
693
738
663
662
708
701
662
722
705
675
675
647
745
684
696
674
712
679
726
692
711
671
691
694
720
736
707
732
716
644
672
661
677
650
693
643
746
704
653
683
667
664
734
707
670
681
679
671
673
663
712
675
666
682
627
692
632
700
650
644
623
692
708
696
658
643
678
677
633
599
650
639
659
636
626
663
625
678
660
622
642
615
617
564
613
628
615
578
601
598
653
626
580
576
609
626
588
628
599
604
640
559
624
584
586
581
604
582
573
568
575
553
579
546
555
605
574
563
579
579
542
561
537
570
527
516
595
518
557
539
533
497
510
544
568
575
512
530
483
517
541
481
559
540
555
535
502
514
485
546
532
544
539
556
522
535
494
491
517
505
539
516
515
469
531
504
542
508
501
496
497
491
486
488
525
497
524
501
522
463
485
520
475
518
467
473
460
490
511
491
513
455
470
475
486
458
516
493
451
470
456
461
453
456
431
458
484
457
454
468
462
438
433
463
473
445
458
395
434
460
446
422
469
484
493
426
468
453
455
434
418
424
452
440
433
427
474
407
437
441
415
408
440
481
417
403
413
443
383
435
395
406
405
428
445
400
451
407
409
386
424
403
407
390
434
432
436
402
419
381
414
417
416
387
390
354
402
406
448
406
390
401
391
402
415
400
396
396
367
397
363
398
424
370
394
400
380
385
432
402
377
397
395
392
333
390
404
379
378
362
398
373
355
365
400
382
375
399
390
405
355
397
380
369
420
369
375
362
378
378
355
377
357
369
375
366
341
367
386
367
399
365
330
381
382
369
377
357
370
369
377
315
399
343
384
353
346
352
347
370
376
336
350
344
356
369
336
347
362
359
376
369
321
362
336
379
380
342
331
362
352
348
367
345
355
319
345
354
322
361
341
346
330
346
334
352
342
354
335
344
335
324
351
331
330
324
347
345
371
338
332
352
338
334
319
357
351
388
340
340
304
350
335
327
328
343
349
327
355
300
340
372
327
364
339
364
336
325
325
339
350
366
339
337
356
316
326
347
304
328
318
359
345
333
334
351
320
358
324
334
334
323
325
355
323
354
315
301
320
314
341
349
313
364
327
317
349
321
334
390
307
329
327
324
287
331
326
338
317
312
311
329
340
320
335
329
318
323
340
286
318
284
319
294
330
302
340
328
309
322
328
304
300
312
307
283
341
311
288
337
304
315
346
312
326
290
343
311
285
313
325
303
297
347
278
313
298
333
307
311
311
299
284
284
287
307
295
313
282
303
292
304
310
322
365
295
312
300
298
315
284
333
315
322
307
320
331
308
319
302
276
303
328
296
320
319
311
295
313
288
322
317
333
277
324
305
296
302
317
292
334
345
323
265
316
294
313
318
300
320
323
320
282
293
273
306
325
305
347
314
313
338
316
281
311
315
315
313
324
297
288
329
288
270
324
285
296
322
316
293
290
289
304
318
309
330
287
261
317
254
289
312
307
252
286
310
282
294
276
284
262
293
272
317
305
269
315
310
290
258
313
268
301
275
296
317
271
298
274
301
323
276
287
283
295
273
286
308
271
267
278
295
275
321
309
278
282
295
274
246
302
269
271
290
288
247
274
286
302
308
258
294
261
270
238
279
266
244
230
261
268
229
263
243
246
254
256
255
232
272
261
242
260
259
269
249
256
258
261
237
226
241
239
229
239
234
247
222
237
234
241
243
208
221
237
244
236
212
238
188
231
211
183
228
191
205
209
219
232
217
221
229
236
223
209
179
203
168
196
197
186
192
193
193
166
194
164
196
194
186
200
178
200
185
196
158
189
191
185
179
197
180
175
167
169
182
171
180
160
156
173
153
149
155
166
168
154
155
169
156
148
157
163
170
175
144
175
155
137
150
134
135
147
149
150
146
160
139
150
142
133
148
158
165
156
151
138
133
149
136
130
130
125
129
108
155
129
117
145
128
144
127
136
144
114
133
129
135
120
109
127
143
121
114
117
123
138
121
109
113
115
101
117
107
117
123
142
115
122
121
108
114
118
99
109
114
113
112
127
119
109
108
120
118
113
91
116
97
123
96
103
123
118
100
108
97
120
119
127
114
105
113
98
111
104
98
95
93
100
103
79
86
123
96
122
92
105
107
89
110
104
88
95
85
94
117
100
92
94
93
91
113
102
111
98
94
101
98
101
85
95
108
90
93
95
103
75
95
102
116
77
73
99
92
95
97
84
85
109
97
98
88
97
91
99
96
87
114
103
101
102
93
99
89
89
97
83
78
89
94
102
88
90
92
87
88
91
86
115
101
83
85
72
85
96
97
118
84
84
85
76
73
107
90
89
83
79
70
100
88
99
73
77
93
87
84
97
101
99
82
93
75
85
89
101
84
82
95
80
91
90
84
71
104
75
80
103
78
93
96
91
92
96
86
84
81
96
89
109
94
86
89
88
83
112
87
93
87
104
111
91
106
97
105
108
113
92
109
108
100
115
106
104
105
126
106
114
120
96
115
134
133
116
104
141
114
134
128
133
152
152
144
141
138
162
152
157
168
147
156
150
153
140
194
189
183
181
201
175
185
219
200
181
176
193
202
212
213
241
233
217
242
262
243
237
237
265
253
255
258
261
306
286
312
313
301
307
348
356
323
361
365
380
355
385
386
395
391
364
373
430
420
396
378
455
447
392
450
465
454
491
469
479
506
501
531
566
562
580
567
553
559
558
604
634
616
600
618
643
689
694
644
677
751
661
704
727
726
777
685
823
768
797
778
827
780
805
805
858
793
877
867
861
870
876
859
896
904
898
910
976
959
970
1006
953
947
1005
997
993
1025
991
991
1003
1056
1079
1054
1060
1076
1083
1086
1075
1092
1102
1015
1055
1131
1074
1043
1099
1103
1066
1050
1116
1123
1099
1105
1141
1120
1070
1159
1141
1115
1089
1047
1071
1111
1076
1082
1099
1108
1073
1142
1132
1106
1068
1074
1135
1063
1047
1027
1061
1040
1066
1026
1028
1023
1080
982
1011
1048
998
952
982
1003
934
971
991
924
929
855
925
923
883
921
882
863
907
900
799
831
857
764
765
793
797
774
787
788
767
767
758
696
767
717
688
685
657
674
652
637
658
594
618
655
608
537
573
561
577
529
566
533
528
510
488
542
480
464
463
456
471
406
440
402
444
391
367
386
389
364
366
351
365
360
345
320
326
292
327
349
297
289
274
302
290
239
265
257
246
231
261
253
234
232
240
204
212
195
218
199
193
192
170
181
162
157
170
143
143
158
148
156
127
119
136
136
140
97
109
102
122
100
97
110
82
109
102
98
93
94
87
86
97
85
82
72
69
70
65
71
68
60
65
65
63
63
64
60
58
49
66
57
55
37
53
49
50
40
52
36
39
41
41
33
47
41
30
63
51
30
47
42
32
36
42
39
32
42
26
34
34
22
38
28
32
25
28
28
39
31
26
22
30
29
20
26
21
18
18
22
32
23
19
21
27
29
25
29
23
23
15
22
16
23
15
19
20
18
28
18
13
21
25
17
28
18
18
19
14
17
16
25
19
17
20
13
10
18
13
16
13
14
12
20
15
23
22
25
17
22
15
19
19
23
20
17
17
13
15
15
21
17
20
22
15
16
22
13
19
21
13
17
12
19
19
11
17
18
14
13
10
15
15
13
12
13
14
15
12
16
16
17
8
21
9
15
19
8
16
11
13
15
17
10
25
16
21
16
23
14
14
10
19
12
10
20
16
18
10
23
16
21
23
12
13
12
17
16
13
9
12
17
18
12
22
13
14
11
13
14
13
17
4
8
16
14
11
9
15
14
11
12
15
13
9
9
14
12
18
7
10
20
17
24
16
15
15
16
13
13
16
18
9
7
13
17
14
14
13
12
10
13
17
12
13
17
9
16
13
10
8
7
14
14
7
11
11
16
9
13
13
12
20
15
13
17
10
10
10
11
21
23
10
12
14
18
14
17
13
10
11
13
12
14
11
9
13
19
9
17
13
18
13
12
6
13
11
11
12
14
8
21
19
17
9
16
15
11
14
12
10
8
12
10
11
5
16
20
13
12
4
16
16
11
10
12
14
10
13
6
10
11
11
13
9
16
9
8
4
11
11
17
6
15
10
13
11
7
9
17
5
9
20
14
14
7
9
6
5
8
11
18
11
18
9
12
15
8
7
11
14
10
13
17
12
11
8
12
11
11
13
11
12
13
11
7
11
14
10
10
7
9
6
11
11
9
8
8
10
5
10
11
12
8
14
14
6
10
11
7
10
12
10
9
10
13
6
14
11
7
9
11
7
11
5
10
17
13
5
10
7
11
10
15
5
8
7
10
13
5
8
8
5
8
6
15
10
11
10
4
1
9
16
8
6
8
4
6
6
10
6
11
5
11
6
7
6
6
13
15
7
7
9
10
9
10
6
7
8
8
7
8
7
9
7
10
8
10
7
8
13
6
11
7
10
4
9
7
5
9
6
6
10
11
8
10
11
7
9
7
7
6
5
8
10
8
7
7
8
12
6
5
5
5
11
10
10
9
9
9
5
10
4
13
10
7
5
6
7
6
6
8
8
5
9
9
4
6
9
6
6
3
6
5
7
6
8
5
6
7
13
7
8
6
8
7
9
3
9
5
7
6
8
10
6
6
14
4
7
7
10
5
6
6
8
5
3
5
6
3
7
3
2
7
6
6
9
8
12
7
6
5
11
6
5
8
2
11
11
9
7
9
6
16
6
5
4
7
5
8
1
4
3
11
6
7
7
1
8
8
5
6
5
9
9
4
9
6
8
7
7
8
0
6
3
4
3
7
6
6
4
5
5
4
5
7
8
8
9
2
3
7
6
7
6
3
8
11
5
5
9
9
7
6
6
8
8
6
6
5
6
3
7
8
6
4
4
6
5
3
8
3
10
5
3
3
7
6
9
2
5
6
6
6
3
8
7
9
8
3
3
5
3
4
5
3
2
4
5
9
7
2
3
4
8
6
6
1
7
2
5
6
7
5
5
4
6
4
10
4
5
5
5
9
4
4
9
4
5
7
6
8
4
8
3
4
4
7
4
6
6
8
4
2
4
0
7
4
3
11
4
5
5
11
3
5
3
7
3
8
7
2
3
6
2
2
4
6
4
3
3
5
4
1
2
2
4
7
6
6
4
3
7
6
9
3
7
5
3
5
6
5
2
4
2
6
3
5
5
3
7
3
5
4
7
6
5
10
6
3
4
4
4
5
2
7
5
5
5
4
2
5
5
4
2
4
4
7
6
4
6
1
1
3
2
2
4
6
4
5
9
4
7
3
0
5
5
3
5
5
2
6
6
2
5
1
3
3
8
6
2
4
2
3
7
3
3
1
4
3
1
3
5
2
4
5
4
8
7
4
4
5
3
6
3
5
4
5
5
6
5
2
6
6
5
3
4
2
3
7
4
3
3
5
3
5
5
4
3
4
2
5
2
1
9
3
2
3
4
6
3
4
5
4
4
4
3
4
7
5
3
3
6
1
2
6
3
4
3
2
3
4
5
8
3
2
5
1
5
4
1
6
5
0
2
3
1
4
4
6
2
4
0
5
3
3
3
1
3
6
2
3
4
4
3
4
3
0
2
7
1
3
2
5
4
4
5
6
1
1
1
2
5
2
2
0
3
3
4
2
5
2
1
3
2
4
3
4
7
3
0
4
3
3
2
5
4
3
2
2
2
4
3
3
4
1
2
2
5
3
4
0
3
3
5
5
3
0
3
1
5
3
6
3
2
2
6
3
3
11
4
3
2
1
2
1
1
1
5
5
3
1
3
0
5
3
6
2
5
2
1
2
3
4
2
4
4
4
2
1
1
2
3
3
2
4
2
0
0
1
2
5
3
1
3
5
4
2
3
4
3
4
1
5
2
1
6
4
2
6
2
2
6
1
1
3
4
2
1
2
1
2
4
2
1
7
6
3
4
2
1
4
3
3
3
5
2
2
1
5
3
6
2
2
0
4
2
1
1
4
0
0
0
3
2
0
0
3
4
0
3
2
1
3
2
5
4
2
0
2
6
4
4
1
2
4
4
1
3
3
1
2
3
4
0
5
2
2
1
2
2
2
4
2
2
1
6
3
1
2
1
2
1
3
4
0
5
5
4
1
2
0
1
3
2
2
1
2
3
0
1
1
0
1
4
1
0
3
4
2
6
2
0
0
4
2
2
3
3
5
0
1
5
2
4
4
0
3
2
3
2
5
2
2
1
2
2
3
1
5
3
2
1
2
4
2
0
3
3
3
1
2
1
3
1
2
2
2
2
2
2
2
1
1
1
1
2
3
1
4
2
1
0
0
1
3
0
2
4
2
1
3
2
1
2
5
3
1
0
1
0
1
3
5
0
3
1
2
5
4
1
4
2
1
5
4
0
1
5
4
0
0
4
6
2
2
4
2
4
6
1
1
2
1
6
3
4
3
4
2
4
2
2
2
2
0
2
1
4
1
3
2
0
3
4
6
1
1
1
2
5
4
7
1
1
4
7
2
2
3
1
2
3
1
4
1
1
2
2
2
3
5
6
2
2
4
4
3
1
3
1
1
2
4
1
6
1
1
5
1
4
3
7
2
5
2
4
3
3
6
5
1
2
2
1
0
5
2
3
5
2
0
1
1
2
3
2
6
3
2
5
2
2
2
1
2
2
3
1
1
3
5
4
2
0
2
3
5
4
0
3
3
4
5
4
2
1
4
3
1
4
4
2
4
1
1
4
2
6
1
3
4
5
2
1
2
6
5
6
3
0
1
3
3
6
2
2
2
1
4
1
5
2
0
1
6
3
0
2
3
1
1
2
5
4
6
2
1
3
5
4
0
2
1
0
5
4
2
3
1
4
2
1
1
6
1
0
3
2
1
3
4
2
2
3
2
2
3
0
0
2
4
1
2
4
4
2
2
2
2
1
5
1
2
3
2
1
1
1
2
0
2
2
2
1
2
1
1
2
1
1
2
4
3
1
3
1
4
2
1
1
1
2
1
3
2
3
0
2
3
0
3
2
2
2
0
4
4
2
3
0
2
1
1
0
2
1
2
0
0
1
1
3
3
1
0
0
1
2
0
1
0
2
2
1
0
0
2
0
2
1
1
5
2
3
1
0
0
0
2
1
0
1
3
0
2
0
5
1
3
1
0
1
2
0
1
1
0
2
2
2
0
0
0
0
3
0
0
1
0
1
3
1
1
2
2
0
2
0
1
1
1
0
0
1
0
2
2
1
0
1
1
1
0
0
0
0
2
1
1
2
0
0
1
1
1
2
1
0
0
1
0
1
0
1
0
1
1
1
0
1
1
0
2
0
0
1
1
1
0
3
3
1
1
0
1
0
1
0
0
3
2
0
1
1
0
1
1
1
3
2
3
0
2
2
2
1
1
2
1
1
0
0
1
1
4
1
2
1
0
0
3
0
0
2
0
3
0
2
3
1
0
1
1
1
1
0
2
1
0
0
0
0
1
0
1
1
0
1
1
4
0
1
0
1
3
0
0
1
1
0
0
0
1
0
0
0
0
0
0
1
1
1
1
0
1
1
1
1
1
2
3
0
0
0
0
0
0
2
0
0
1
0
0
1
1
1
0
1
0
0
3
2
0
0
5
1
0
0
0
0
1
0
0
1
0
0
1
2
1
1
0
0
1
0
0
0
1
0
3
0
1
0
1
1
0
0
0
1
0
0
0
0
1
0
1
2
1
0
0
0
0
0
0
0
1
2
0
1
0
3
0
0
1
0
2
0
1
1
4
0
0
0
1
1
0
1
2
1
0
1
0
1
0
0
0
0
2
1
2
1
0
0
0
0
0
1
0
1
1
1
1
1
0
0
0
1
0
2
0
1
0
1
0
0
0
0
0
1
0
0
0
0
1
0
0
3
0
1
0
0
0
2
0
0
1
0
1
0
1
1
3
1
0
0
0
0
0
0
0
1
0
0
1
0
0
0
1
0
1
0
0
0
0
0
0
0
0
1
2
0
1
0
0
0
1
0
0
0
0
0
0
2
0
0
0
0
0
0
0
0
1
0
0
1
2
0
1
1
0
1
1
0
0
0
0
0
0
0
0
1
0
0
2
0
0
1
0
1
0
0
1
0
0
0
0
0
0
0
1
0
0
0
1
0
0
0
0
1
0
1
0
1
0
0
0
1
0
2
0
0
0
0
1
2
0
0
0
0
0
1
1
0
0
0
0
0
0
0
0
1
0
0
1
0
1
0
