1
0
0
0
0
0
0
0
0
0
0
0
0
0
0
0
0
0
0
0
0
0
0
0
0
0
0
0
0
0
0
0
0
0
0
0
0
0
0
0
0
0
0
0
0
0
0
0
0
0
0
0
0
0
0
0
0
0
0
0
0
0
0
1
0
0
0
0
0
0
0
0
0
0
0
1
0
0
0
0
1
0
0
0
0
0
0
0
0
0
0
0
1
1
0
0
0
0
0
0
0
0
0
0
0
1
0
1
0
2
0
0
2
0
0
1
0
0
1
0
2
2
5
0
4
3
2
3
2
1
2
6
2
8
6
6
5
3
5
13
4
7
9
7
6
8
7
6
6
9
14
15
10
13
11
10
19
17
27
19
20
34
31
31
29
38
44
47
50
60
59
63
62
71
87
95
72
89
93
117
129
112
109
143
149
141
124
171
175
170
184
167
199
182
194
196
213
231
204
232
229
228
201
236
227
241
239
222
227
249
213
210
235
257
246
236
243
220
224
250
227
235
239
243
249
215
227
235
237
242
241
238
217
253
268
194
220
225
230
220
216
244
239
232
254
220
247
236
223
257
244
248
258
252
243
222
246
211
247
235
236
226
257
242
273
275
271
271
268
243
256
271
247
265
275
283
289
274
283
261
289
310
309
293
290
267
240
261
259
294
273
275
271
281
291
286
278
280
306
264
282
294
288
292
261
265
265
287
297
265
263
287
292
278
309
324
281
294
271
286
277
284
296
307
285
284
276
271
273
275
300
286
289
268
291
288
257
296
236
285
286
267
278
305
250
250
269
288
296
268
249
260
259
276
272
302
288
264
303
271
284
268
274
274
259
255
261
268
310
257
310
298
263
255
284
294
261
266
273
281
262
262
263
244
262
233
262
273
247
284
266
268
253
262
274
256
240
272
274
291
263
266
263
251
251
263
278
261
294
259
282
258
280
273
236
266
265
285
270
267
265
307
242
276
261
277
256
249
255
277
253
274
257
272
252
264
249
250
255
277
257
242
253
255
269
260
287
278
255
267
255
257
234
282
262
304
235
236
248
254
253
264
263
247
298
237
265
243
264
243
252
278
216
276
239
262
269
247
266
262
262
265
260
248
269
260
289
278
282
281
295
300
271
252
247
253
301
232
263
265
265
275
263
272
265
237
281
263
284
273
278
266
258
269
265
250
255
236
260
240
263
279
279
244
261
245
315
287
280
258
284
244
240
267
252
260
252
291
275
295
248
265
285
243
287
260
279
281
261
296
285
268
250
310
247
261
253
263
240
270
278
255
283
272
270
281
274
266
255
265
286
275
291
281
272
255
276
259
252
274
258
284
254
270
272
274
229
246
283
243
250
234
251
252
261
258
256
254
252
257
250
257
261
263
237
267
272
258
230
232
247
230
234
240
272
250
261
272
240
244
227
237
261
234
261
241
219
249
265
265
264
219
230
203
268
203
231
231
226
235
246
236
228
189
237
239
216
230
221
227
249
264
219
216
228
220
229
227
236
226
211
230
232
217
222
257
199
217
218
247
185
208
214
225
232
229
238
222
209
206
223
233
188
210
213
224
186
194
209
211
196
244
205
180
232
197
186
232
200
213
206
217
193
226
225
212
208
188
206
180
217
183
209
213
181
199
192
181
207
198
180
197
202
203
155
180
199
188
190
194
207
192
180
189
215
175
193
174
193
189
194
204
190
198
181
211
183
198
208
163
184
193
199
183
179
186
169
174
160
186
203
188
177
179
171
184
209
195
161
180
165
177
202
175
192
191
165
199
180
156
170
187
166
150
163
186
181
190
164
150
170
166
160
193
170
167
186
174
140
176
181
163
174
163
155
178
151
160
148
152
172
168
170
158
178
156
173
168
179
149
167
147
171
147
163
159
161
176
148
190
155
167
135
162
150
177
148
169
150
157
145
159
156
164
164
161
161
144
147
155
153
153
184
168
148
142
170
156
162
162
161
131
151
155
147
164
145
144
143
170
146
140
157
156
143
157
162
171
136
125
152
181
152
146
174
132
158
177
145
170
153
148
159
152
150
149
150
122
128
146
160
134
144
148
158
165
150
147
115
145
150
151
151
127
152
143
149
150
142
149
147
145
146
148
155
128
147
151
138
144
145
124
143
140
129
133
138
144
165
125
144
128
130
146
125
150
124
142
149
142
148
142
143
146
154
134
149
154
131
135
136
129
136
146
130
144
151
134
141
120
156
127
123
166
144
138
154
145
119
154
134
152
142
138
139
130
156
122
129
117
142
124
136
122
152
138
151
169
137
142
143
142
134
135
169
156
149
163
149
126
128
138
150
146
139
130
138
142
152
133
126
119
145
132
121
135
133
130
139
144
151
127
120
120
142
134
116
129
121
117
129
146
116
127
125
117
138
119
128
127
139
126
132
144
125
106
129
130
123
142
144
134
138
139
136
135
113
111
132
124
121
112
145
141
133
120
137
122
141
129
120
130
135
141
129
136
132
130
110
131
140
122
131
123
119
117
154
126
121
126
112
123
135
133
129
144
129
121
112
125
140
138
117
147
159
109
124
139
148
113
128
140
129
140
139
134
144
136
158
145
115
139
150
109
126
158
124
113
130
157
131
153
150
120
142
114
134
127
125
139
134
123
136
118
138
133
126
108
125
123
132
123
130
114
133
140
129
137
111
163
123
124
136
137
142
112
121
123
137
128
140
131
110
132
133
125
115
123
136
144
123
128
117
127
123
134
106
118
114
125
110
117
128
102
125
124
115
141
97
115
147
129
119
121
125
119
120
119
126
109
114
121
111
113
124
112
115
148
108
122
123
118
113
129
99
132
124
110
111
125
111
104
97
100
107
104
110
96
105
133
115
106
109
116
120
124
115
123
125
104
87
100
104
93
98
105
96
101
98
90
115
87
93
100
104
91
102
105
87
90
105
99
87
98
93
91
87
71
87
107
88
78
74
80
91
86
83
89
90
85
79
86
103
91
84
77
93
72
83
79
80
70
73
86
76
75
78
79
71
80
77
77
63
73
60
70
71
80
69
62
69
69
67
74
88
80
73
76
73
59
61
65
69
69
78
58
72
67
68
54
70
67
65
81
74
70
60
67
76
90
56
61
59
60
66
56
59
63
67
63
55
50
69
50
49
58
59
56
54
68
64
55
51
54
54
56
49
61
49
44
53
64
60
51
48
55
65
37
59
60
41
39
57
55
53
57
58
39
48
41
49
43
36
61
44
50
46
46
56
55
49
64
47
49
63
42
45
43
59
48
65
65
48
48
50
43
52
39
55
44
52
52
52
48
46
38
58
40
51
48
32
50
42
45
37
39
36
52
48
42
34
52
53
38
64
52
52
36
48
43
35
44
45
46
50
45
45
28
42
51
48
50
44
44
37
47
44
38
48
42
41
46
44
37
46
34
37
47
44
47
45
39
43
55
37
53
49
49
44
37
39
39
44
48
35
38
34
45
48
53
41
39
33
33
39
36
37
37
43
49
35
45
61
45
46
37
38
30
34
40
34
46
45
41
38
38
27
51
41
49
34
40
31
39
31
35
35
37
37
49
39
37
34
46
48
49
26
48
40
43
34
45
45
43
34
42
38
42
50
47
37
41
41
32
46
41
55
38
37
36
52
47
44
43
45
43
44
45
60
39
49
40
55
45
46
48
51
46
58
40
37
47
47
52
49
46
70
47
53
49
49
52
53
39
54
45
56
50
51
69
67
50
65
58
61
67
64
74
71
57
69
61
54
65
69
67
77
68
67
67
90
71
87
83
69
85
83
69
73
83
90
102
109
87
96
95
117
126
123
85
97
110
129
127
123
141
141
102
139
125
118
144
135
151
150
129
171
152
166
176
160
167
186
161
188
185
177
185
167
189
219
180
205
194
237
213
209
201
222
232
228
237
238
245
247
222
269
278
242
252
279
270
289
275
271
306
295
334
299
315
286
292
326
322
329
331
343
368
359
326
358
363
402
371
349
378
376
339
387
424
392
434
413
380
421
429
391
421
413
468
371
432
430
429
435
434
437
464
515
469
451
482
485
496
447
453
494
440
481
468
494
491
483
451
452
488
485
487
479
452
475
501
490
479
486
488
484
468
476
486
475
511
427
507
481
479
467
476
480
467
453
490
473
440
436
432
452
430
445
439
442
415
427
441
405
428
448
408
386
396
420
363
395
373
370
408
353
378
378
348
369
355
337
342
336
325
325
373
290
314
341
307
321
276
316
267
258
285
252
285
277
276
242
225
265
237
220
229
212
224
225
254
200
212
188
199
220
217
215
178
181
175
162
163
171
171
164
164
144
140
151
131
161
132
127
115
132
117
143
128
103
111
120
96
107
84
78
98
93
88
83
106
76
74
71
73
92
76
63
71
73
77
79
67
61
64
52
70
49
50
54
49
36
47
45
51
43
38
25
40
31
50
40
31
28
42
39
27
26
23
27
26
20
28
33
31
21
25
30
31
24
28
28
26
26
27
19
28
21
20
26
20
21
14
12
16
11
18
11
19
17
21
14
10
9
12
10
13
12
7
13
10
10
6
12
14
10
13
11
12
8
11
11
12
6
8
5
13
9
12
7
6
14
4
16
4
3
7
8
12
10
5
9
5
7
6
6
8
7
5
6
3
5
9
10
5
7
4
6
4
4
6
6
3
6
2
4
8
4
7
3
4
7
3
1
4
2
6
5
3
2
5
5
5
4
4
8
5
4
3
8
4
3
3
0
4
3
4
2
9
6
5
11
10
6
5
4
3
5
4
4
4
6
4
3
4
4
3
2
2
2
2
4
4
4
4
0
4
0
4
1
3
7
2
5
6
6
4
3
5
3
1
3
7
4
2
3
1
4
4
8
8
6
3
1
6
4
4
0
2
3
2
3
6
3
7
3
7
2
2
5
3
6
3
3
2
1
0
0
6
3
0
4
6
2
2
2
4
2
5
3
4
5
1
5
4
3
3
5
3
4
0
1
6
2
4
3
3
1
0
3
3
2
3
3
0
5
2
7
3
4
2
7
7
3
1
3
3
5
5
3
3
2
4
2
4
0
3
2
2
12
5
4
4
1
5
3
4
1
5
2
4
1
5
2
3
5
1
3
2
5
4
1
4
4
4
5
1
2
4
1
6
6
3
5
2
2
1
3
6
1
2
4
3
6
3
1
2
5
3
1
3
4
6
2
0
4
7
5
1
2
6
5
2
2
2
2
0
4
4
4
1
1
2
4
2
4
5
4
3
2
3
2
1
2
2
2
2
0
2
10
3
3
6
1
6
4
1
1
5
4
1
1
0
5
2
3
4
2
2
1
4
2
5
2
5
4
1
3
2
5
1
2
4
2
4
5
0
1
3
0
3
2
5
3
5
2
4
4
1
4
2
5
2
4
5
1
2
3
4
0
4
3
1
0
3
2
6
2
2
7
0
4
3
0
4
1
2
1
2
1
3
4
3
3
1
1
1
1
4
3
1
3
3
1
3
6
6
0
3
4
1
4
2
0
4
0
3
6
1
3
1
3
2
1
0
3
7
5
3
5
2
4
1
1
1
7
2
1
4
1
2
2
0
1
2
3
1
2
5
2
4
2
5
2
1
3
5
1
4
0
2
2
5
4
5
4
1
2
5
4
0
0
0
2
4
3
2
4
3
0
2
0
2
7
1
3
0
2
4
0
2
2
2
3
2
2
1
4
2
3
2
1
0
0
1
4
4
4
3
3
4
2
1
1
2
3
1
1
2
1
0
4
4
0
3
2
3
2
3
2
0
3
1
1
2
0
2
4
1
1
4
1
1
4
1
1
1
4
2
3
4
1
2
6
1
2
0
2
2
1
0
1
5
4
2
1
1
2
0
1
2
3
0
1
3
2
4
4
1
4
0
2
3
0
2
3
0
0
4
3
4
1
2
1
1
0
0
2
1
1
2
0
2
2
3
1
4
1
1
1
3
1
4
2
1
4
3
3
2
3
1
2
2
4
0
3
2
3
1
0
1
1
0
4
4
3
4
0
0
0
1
0
3
0
3
0
1
3
0
3
2
1
3
1
2
0
1
0
0
1
1
1
1
1
1
1
1
1
4
0
0
2
1
1
1
4
1
5
1
1
1
1
3
1
0
3
1
3
2
2
0
2
2
2
1
0
4
3
0
2
1
4
3
0
0
2
3
0
1
3
1
1
0
2
3
0
2
1
3
2
1
1
2
1
3
1
1
3
0
1
1
1
1
1
3
2
1
0
2
0
2
0
0
1
0
3
0
0
1
2
0
1
2
1
0
1
4
1
3
1
0
0
1
1
1
1
2
1
0
0
2
0
2
2
3
0
1
2
1
3
2
2
3
2
2
1
3
0
2
1
2
3
2
2
0
0
0
1
0
3
1
1
0
2
3
4
2
2
2
3
3
0
3
1
0
3
1
1
1
1
0
0
2
2
4
4
1
3
1
1
1
3
2
2
0
2
0
2
0
4
2
1
0
0
1
0
2
0
1
2
0
2
0
2
2
2
0
4
2
3
2
1
1
2
0
0
2
0
2
2
1
2
1
1
2
0
2
3
2
1
2
1
0
2
1
0
0
0
2
1
2
3
0
1
0
3
3
1
1
1
0
0
1
0
2
3
0
0
0
3
3
2
2
2
1
3
1
2
4
3
0
0
3
1
2
1
2
1
2
2
1
1
2
0
0
2
1
0
2
0
3
0
1
1
0
1
0
2
2
2
2
3
2
3
0
2
0
0
4
1
3
0
4
3
1
1
0
1
1
3
1
1
1
1
1
0
0
0
1
0
0
1
1
0
1
0
2
2
1
1
0
2
1
3
2
1
2
0
0
0
2
0
1
3
0
2
3
2
0
3
1
3
1
1
2
1
1
1
1
1
2
2
1
0
0
1
0
2
1
2
1
1
0
2
1
2
1
1
0
0
0
0
0
1
0
1
2
1
2
2
1
1
1
0
1
2
1
1
1
1
0
0
2
3
2
0
2
1
1
0
1
1
0
1
4
2
3
1
2
1
3
1
1
2
0
0
1
0
1
0
1
1
0
1
1
4
0
0
1
0
1
2
1
0
0
1
0
2
1
1
1
2
1
1
1
1
3
0
1
2
2
2
0
0
0
1
2
0
1
0
1
1
4
0
1
1
1
0
2
1
1
4
2
0
0
1
1
1
1
1
1
1
0
2
1
1
2
3
2
1
2
0
1
1
0
2
0
0
0
1
2
2
3
2
0
2
0
1
1
0
0
2
2
2
0
1
1
1
1
0
1
0
0
1
1
0
1
1
1
1
0
1
0
1
2
1
0
0
1
1
1
0
1
0
2
1
0
1
1
1
2
2
0
1
1
2
0
0
1
0
0
1
0
0
1
0
2
1
1
2
0
1
0
1
0
0
0
1
0
2
1
3
0
3
1
1
0
1
0
1
1
2
3
1
1
0
0
1
2
0
0
2
0
1
0
0
1
1
0
0
1
0
0
3
1
2
0
1
0
0
1
0
2
1
0
0
1
0
0
0
1
0
1
2
0
1
1
0
1
0
0
0
1
0
0
0
1
0
1
1
0
2
1
1
0
2
0
1
3
1
1
1
0
0
1
0
1
0
2
2
1
1
1
0
1
1
0
1
1
0
0
3
0
0
3
2
0
0
0
1
1
1
0
1
1
1
3
1
1
0
0
1
2
0
0
1
2
0
1
1
1
1
0
0
0
1
4
1
1
1
1
0
1
0
0
3
0
2
3
2
0
1
1
0
0
2
0
0
0
2
0
0
0
1
1
2
1
0
1
0
0
1
0
1
3
1
0
0
1
1
1
1
0
0
3
0
0
1
1
2
1
0
2
0
1
0
2
0
0
1
2
1
0
0
1
0
1
3
2
2
0
1
1
2
0
2
2
1
0
0
0
0
1
0
0
0
2
1
1
2
1
1
0
0
0
0
0
0
2
2
1
0
2
1
1
0
1
0
1
0
0
1
2
2
2
0
0
2
1
0
1
1
0
1
1
2
1
1
2
1
2
2
1
0
1
0
1
0
2
0
0
0
0
2
1
1
1
0
0
0
1
1
0
0
0
0
0
1
1
1
0
0
0
1
1
0
1
1
1
0
1
0
0
0
0
0
1
0
1
1
1
1
1
0
0
0
0
0
1
0
1
1
1
0
1
1
0
1
0
1
1
0
1
1
1
0
1
0
1
1
0
0
2
1
0
2
0
2
0
1
1
0
1
0
0
1
0
0
0
1
1
3
1
0
0
1
1
0
1
0
1
0
0
1
0
0
1
0
1
0
0
2
0
2
1
0
1
2
1
1
1
0
0
1
0
1
0
0
0
0
1
0
1
0
1
0
1
0
0
1
0
1
0
0
0
1
1
0
0
2
0
0
2
1
0
2
2
0
0
0
0
1
0
0
0
3
2
1
1
1
0
0
0
1
0
3
1
0
0
1
1
1
0
1
0
1
2
0
2
1
0
1
0
3
0
1
1
0
0
0
0
2
0
1
1
0
3
0
1
0
1
4
0
0
0
0
1
1
1
2
0
0
1
0
2
0
2
0
0
1
1
1
1
2
2
1
1
0
2
0
0
0
0
2
1
0
0
0
1
0
1
1
0
1
2
1
1
0
0
0
0
2
3
0
1
0
1
0
0
1
4
1
2
0
1
1
0
0
0
0
1
1
3
1
0
1
3
3
0
0
2
0
2
0
1
1
0
0
2
1
2
0
2
0
2
2
0
2
0
0
1
0
0
0
1
3
0
1
1
0
2
3
1
0
0
1
0
0
1
1
1
1
2
0
0
2
1
0
0
1
1
1
0
1
0
1
0
0
2
1
0
0
1
1
0
0
0
1
1
0
0
0
1
1
0
1
0
0
0
2
0
1
0
0
1
0
0
0
0
0
0
0
0
0
0
1
0
0
0
1
1
2
0
1
1
0
0
0
0
0
0
0
0
2
0
0
1
1
0
0
1
0
0
0
0
2
0
1
1
0
0
0
0
1
0
1
0
0
1
1
1
1
0
0
0
1
0
0
0
0
1
0
0
0
0
0
0
0
0
1
0
0
0
1
0
0
1
0
0
1
0
0
0
0
0
0
0
0
0
0
0
0
0
0
0
0
0
0
0
0
0
0
0
0
1
0
0
1
0
0
1
0
0
0
1
0
0
0
0
0
1
1
0
0
1
1
0
1
1
0
0
0
0
1
1
0
0
0
0
0
0
0
0
1
0
0
0
0
2
0
0
0
1
0
1
0
0
0
0
0
0
1
1
0
1
0
0
1
1
0
1
0
1
1
0
0
0
0
0
0
0
0
0
0
0
