0
1
0
0
0
0
0
0
0
0
0
0
0
0
0
0
0
0
0
0
0
0
0
0
0
0
0
0
0
0
0
0
0
0
0
0
0
0
0
0
0
0
0
0
0
0
0
0
0
0
0
0
0
0
0
0
0
0
0
0
0
0
0
0
0
0
0
0
0
0
0
0
0
0
0
0
0
0
0
0
0
0
0
0
0
0
0
0
0
0
0
0
0
0
0
0
0
1
0
0
0
0
0
0
0
0
0
0
1
0
1
0
1
1
0
0
1
0
0
1
1
4
1
2
2
1
1
0
3
2
1
4
2
2
4
3
7
5
2
7
7
8
9
8
9
8
10
9
21
11
14
17
20
17
21
16
22
15
21
21
35
24
34
29
36
42
42
39
59
50
62
61
72
70
76
81
105
98
95
110
103
128
132
138
126
138
151
161
167
163
171
183
184
164
206
214
215
221
219
218
239
261
259
221
252
212
221
226
241
220
226
226
223
243
228
230
235
223
256
249
223
218
287
238
245
237
229
215
259
207
247
239
275
230
229
253
254
222
231
222
240
255
249
259
217
246
222
254
251
234
242
260
278
270
246
235
231
263
263
234
289
314
267
255
268
270
244
280
266
282
283
283
262
260
289
269
279
279
280
284
302
305
254
301
289
279
268
276
295
293
299
272
261
268
279
304
337
281
304
288
264
267
289
303
280
274
267
289
291
308
288
304
292
280
291
320
307
291
292
295
317
306
280
279
301
296
303
281
321
283
282
293
285
261
288
320
263
306
283
284
284
299
285
279
300
250
272
303
288
268
314
251
263
303
276
270
286
278
268
289
286
288
279
285
271
297
310
307
286
254
275
291
276
246
262
264
265
266
260
273
267
272
273
294
270
269
264
281
287
268
255
287
279
249
279
277
255
281
288
291
278
263
275
288
240
274
259
243
266
276
280
281
272
261
274
268
315
267
259
274
251
284
283
266
267
259
277
279
253
276
299
265
281
242
257
272
259
269
295
266
287
281
271
290
294
274
286
261
266
257
289
276
277
279
249
281
267
302
259
263
289
300
274
232
274
300
248
294
280
267
258
280
307
261
274
284
284
265
308
254
298
280
274
290
264
281
284
297
279
298
281
262
278
291
304
270
298
283
266
269
290
289
311
302
303
304
291
300
293
272
263
272
262
268
286
287
287
281
295
296
292
262
267
323
289
281
254
269
271
292
249
291
285
272
279
280
300
287
290
272
267
255
283
293
267
306
264
297
263
314
304
301
299
276
268
271
303
290
259
293
269
318
275
304
288
297
286
281
264
268
267
260
256
297
279
286
262
278
281
276
305
278
265
256
257
252
262
292
243
259
264
296
254
276
277
261
278
279
261
279
274
251
265
242
256
262
266
281
220
250
265
273
257
262
275
274
224
269
254
255
232
265
263
232
261
225
241
246
233
271
251
244
254
232
245
262
258
244
266
235
197
240
223
224
249
214
213
222
236
257
249
229
220
223
226
232
224
242
210
204
208
221
215
200
249
205
211
221
222
224
178
211
205
221
237
190
181
199
198
239
209
204
205
207
204
211
195
194
218
192
236
214
248
202
200
237
207
202
207
212
206
211
186
212
177
212
191
202
195
203
207
174
169
203
200
189
183
175
196
192
174
197
178
189
175
197
213
213
176
170
185
179
182
181
183
176
210
201
186
198
174
175
197
196
155
186
178
188
195
168
177
179
168
183
197
175
177
169
198
175
185
178
187
153
160
166
185
168
169
160
174
177
174
200
182
180
158
157
167
178
156
160
193
167
178
157
172
150
164
150
169
172
171
179
154
165
164
176
140
186
162
150
147
157
152
176
189
181
160
158
175
156
158
162
177
129
156
155
156
149
151
138
164
186
143
164
134
158
159
185
158
158
169
133
155
145
167
164
154
156
162
152
149
143
147
173
149
167
169
172
156
151
152
157
172
183
123
131
167
150
154
160
155
165
165
159
158
134
127
147
165
164
178
152
157
140
150
125
140
137
155
146
140
143
116
138
137
144
162
148
159
153
142
146
140
178
171
142
153
154
168
158
145
137
136
164
136
120
154
150
143
146
167
137
150
152
138
150
168
124
153
132
142
134
142
147
163
153
125
163
139
140
177
139
142
151
133
122
142
135
120
138
144
152
137
150
148
153
142
154
124
166
139
136
155
177
144
135
122
131
132
152
155
129
128
121
117
140
146
134
156
152
141
126
129
145
131
140
129
147
131
129
156
138
135
153
134
141
123
130
144
136
123
134
136
140
160
128
175
148
127
140
140
141
140
148
143
135
136
130
136
133
152
137
135
150
136
133
141
138
142
133
129
137
126
125
126
117
117
136
138
137
122
131
151
123
121
139
127
141
123
126
117
116
112
134
144
105
142
143
145
114
120
133
133
124
137
143
124
135
119
117
115
134
126
139
123
157
141
127
136
132
117
127
113
135
136
127
129
136
116
107
115
124
143
144
137
128
114
113
138
130
148
141
134
104
129
144
135
128
109
110
137
127
119
127
126
139
144
138
118
134
126
126
117
133
128
118
115
146
153
152
126
161
104
156
104
153
134
118
135
117
125
123
110
132
115
123
146
124
122
137
125
133
137
131
142
123
121
116
129
135
149
116
120
150
133
122
139
122
121
110
122
119
113
114
118
129
128
138
120
133
133
137
136
148
118
114
125
110
149
119
122
116
121
111
119
116
116
125
118
120
100
145
124
110
136
111
127
132
147
112
131
126
122
136
125
123
120
102
124
116
111
112
126
129
128
125
99
126
113
103
101
117
111
109
110
128
115
130
126
121
125
112
92
109
123
114
103
123
112
113
106
120
95
118
104
120
107
88
103
106
97
125
106
103
109
100
100
93
102
105
100
91
101
99
77
108
101
99
110
89
97
92
79
102
111
82
81
93
86
94
88
76
105
92
85
83
85
65
94
83
89
77
95
122
86
96
88
99
95
84
100
83
81
81
91
71
77
95
80
86
80
79
93
81
70
76
77
82
74
82
69
89
63
66
72
75
62
65
54
74
70
63
71
82
60
81
82
61
66
72
60
71
77
66
79
75
66
60
65
51
52
68
67
67
59
55
49
67
62
54
61
49
52
54
55
70
48
52
62
59
59
62
63
46
69
57
65
52
54
58
61
58
54
50
58
55
45
57
52
43
50
54
62
62
45
45
63
49
67
46
38
68
52
54
63
44
57
54
43
49
66
62
53
66
44
48
49
52
48
55
57
46
45
50
52
53
60
47
47
59
54
46
41
50
50
50
51
40
46
45
52
42
52
47
32
57
50
55
43
40
34
48
52
49
40
55
42
44
38
52
38
47
32
37
41
47
45
34
46
49
53
35
40
46
52
45
34
44
36
46
38
38
58
43
40
37
47
37
46
41
39
62
45
52
38
44
49
39
33
41
41
47
44
34
47
41
38
44
48
54
43
23
46
33
43
32
32
45
43
31
43
43
47
40
42
42
47
51
52
46
34
36
37
37
38
30
42
44
58
37
37
39
53
38
40
42
38
36
45
41
37
57
33
42
53
53
41
41
54
35
43
45
45
47
54
45
44
52
42
37
54
32
38
36
46
29
39
38
38
35
45
40
37
47
41
46
58
45
45
45
49
46
35
44
44
43
48
41
44
49
64
61
51
50
35
56
45
53
58
48
40
45
49
54
66
72
46
40
60
72
62
46
56
57
53
59
68
64
52
83
64
66
66
60
60
69
77
71
67
85
65
58
73
67
77
78
86
85
86
86
96
85
91
93
96
112
129
90
88
110
123
102
133
128
120
120
138
119
117
121
115
130
132
153
135
140
139
131
145
156
156
144
169
172
192
163
187
164
180
165
178
186
203
182
208
193
183
234
201
217
216
232
203
238
238
245
231
255
251
258
270
266
273
273
257
284
288
301
266
304
313
300
308
325
333
334
331
357
361
342
340
350
353
328
366
364
371
376
354
376
419
413
369
384
418
408
414
391
418
446
462
407
417
425
437
451
501
436
446
445
438
462
454
490
449
456
471
470
456
462
464
525
499
487
476
509
508
457
499
496
489
547
507
483
492
504
479
525
460
504
454
486
493
478
469
484
478
510
446
484
508
444
458
462
498
498
407
478
478
453
460
455
461
454
416
425
374
413
429
433
456
396
422
404
422
441
402
414
411
390
360
361
361
316
351
360
351
361
345
362
347
352
338
318
309
341
300
298
322
297
332
312
282
279
250
261
247
259
250
277
220
284
227
223
241
237
219
224
199
211
202
217
228
207
186
183
169
178
190
159
158
162
153
159
162
140
127
142
152
132
139
115
148
131
105
111
130
110
116
106
102
103
103
104
89
100
82
89
94
82
87
73
80
72
73
73
87
56
67
65
63
66
46
59
56
54
58
61
47
39
58
34
39
44
54
37
36
40
30
47
30
29
24
31
38
30
36
22
42
16
33
24
18
26
22
26
21
25
17
9
18
15
24
17
25
16
16
20
15
10
10
12
14
19
16
10
15
9
17
10
18
16
6
12
14
15
13
17
6
8
12
14
6
6
13
7
18
11
15
7
9
11
14
10
9
9
8
7
11
9
10
9
8
7
6
8
11
7
8
5
11
6
7
5
9
6
7
5
4
7
8
4
2
5
6
7
5
6
3
7
10
5
7
4
6
5
6
3
10
4
8
6
2
6
5
3
4
6
5
3
4
3
8
2
5
2
6
5
3
7
3
3
4
6
8
3
2
3
3
9
2
5
5
3
4
1
9
3
2
8
4
9
3
6
5
6
2
1
2
4
3
1
3
2
3
1
8
3
3
2
4
4
4
3
2
7
0
1
2
5
4
6
1
0
3
5
2
2
6
4
3
4
5
3
3
2
4
2
1
1
3
8
7
3
2
2
6
4
3
3
3
3
3
3
5
3
4
3
3
3
4
4
3
8
0
5
3
2
2
2
5
2
3
6
6
0
9
2
2
1
6
5
2
2
3
2
6
2
3
5
4
6
4
6
3
2
4
1
3
3
3
4
0
3
7
0
4
1
1
5
3
0
2
3
0
4
1
5
1
3
3
2
3
4
6
4
6
7
2
1
2
6
2
1
2
3
2
1
6
2
2
2
7
3
4
2
1
2
7
6
4
2
0
2
4
1
3
1
3
5
6
3
2
3
0
0
5
3
5
5
2
3
3
2
7
3
4
2
3
1
2
3
2
5
1
3
3
6
2
0
1
3
4
3
4
2
2
2
4
0
4
1
1
3
5
3
4
3
2
1
3
3
5
4
2
1
7
7
0
5
1
1
2
6
4
2
5
4
4
2
3
3
1
3
3
3
5
4
5
0
5
2
5
5
0
2
4
1
4
4
5
6
2
3
2
4
2
3
1
4
1
1
0
2
4
3
4
1
4
4
3
5
4
0
2
4
3
5
3
3
4
2
0
5
2
4
2
1
1
1
4
5
2
2
5
1
4
3
1
4
3
2
0
7
1
4
1
5
4
0
3
4
2
2
2
4
2
1
0
2
1
4
3
2
0
1
1
5
1
3
5
2
1
4
2
3
1
2
4
1
2
1
2
4
1
6
2
2
2
2
0
2
2
4
1
3
2
1
0
1
4
6
3
3
2
3
3
3
4
2
2
2
1
1
2
0
6
1
2
4
2
4
4
2
5
2
4
7
4
2
0
2
3
2
1
3
0
0
5
2
1
0
2
6
2
2
2
3
2
2
1
4
2
1
1
2
2
1
2
7
1
1
3
1
2
0
3
3
2
6
0
1
1
0
5
1
3
3
2
3
1
2
1
2
0
3
2
2
4
2
2
3
0
2
1
3
0
2
3
1
2
2
2
2
2
3
4
2
2
0
2
4
3
2
2
1
1
3
1
3
2
3
1
2
4
4
3
1
2
2
1
0
3
3
2
1
3
2
2
1
0
2
1
1
2
3
2
0
0
2
3
2
1
3
3
4
1
0
3
1
0
4
2
1
2
1
1
1
2
1
0
0
2
1
2
2
0
2
2
1
1
2
1
1
2
1
1
1
1
1
2
1
1
0
1
2
3
1
1
0
2
2
2
2
2
1
2
0
0
0
2
1
1
2
3
1
1
2
7
1
2
2
1
2
0
1
0
4
1
0
1
3
1
2
2
1
0
5
0
0
1
2
1
0
0
4
2
2
2
3
2
4
0
3
0
2
0
0
1
0
1
0
1
3
1
1
3
2
3
1
1
0
0
1
0
3
1
0
0
2
1
1
2
0
1
1
2
1
2
0
0
1
2
4
0
1
1
0
0
3
2
1
1
0
1
1
1
1
0
1
2
2
1
0
2
2
0
1
0
1
1
2
1
3
1
1
0
0
1
0
2
2
2
3
0
0
2
2
1
3
0
4
2
1
3
1
0
1
2
2
1
2
0
1
0
2
2
0
1
1
0
1
0
1
1
1
1
0
1
1
2
1
1
0
1
0
2
0
3
1
2
2
1
1
1
1
0
0
2
2
1
1
0
0
0
0
1
0
2
3
1
2
0
2
3
0
2
0
2
2
2
4
0
0
3
0
0
1
1
2
3
2
1
1
1
4
0
0
1
3
1
1
1
2
1
3
1
2
3
1
1
0
0
0
0
2
0
0
0
2
0
2
2
0
2
1
2
3
1
1
2
4
2
2
1
0
3
1
1
0
0
2
0
1
1
0
1
0
0
2
2
1
0
0
0
2
2
0
1
4
1
0
5
2
0
2
2
3
1
1
3
1
1
1
0
0
1
2
1
2
0
2
1
2
1
0
0
4
0
0
1
0
1
1
0
4
0
2
0
2
1
0
4
0
3
2
2
2
0
0
0
0
0
1
3
0
0
2
2
3
0
0
0
3
1
2
0
1
0
2
1
3
1
1
1
0
0
2
0
3
1
1
0
1
3
2
1
1
1
1
0
1
2
0
1
0
0
1
0
3
0
0
0
2
1
0
2
0
1
2
0
1
2
1
0
1
0
2
0
1
0
4
4
4
0
1
1
2
2
1
0
1
1
1
0
2
2
1
0
1
0
1
0
3
1
1
1
0
0
2
1
0
0
1
0
1
0
1
2
1
1
0
0
2
2
0
1
2
2
1
1
0
1
0
3
1
0
0
1
0
0
1
0
0
0
1
1
1
0
1
0
1
2
1
0
0
0
2
1
0
0
2
0
2
2
0
1
1
0
0
3
0
4
1
2
0
1
1
0
1
0
1
1
1
1
1
0
1
2
0
1
0
0
2
0
3
0
2
0
0
1
3
0
0
1
1
3
0
1
1
0
1
0
0
2
1
0
1
0
0
0
1
1
1
2
1
2
2
1
0
0
2
1
1
1
1
0
0
1
0
1
1
1
0
2
0
2
0
0
1
0
3
0
0
0
0
1
1
1
0
1
1
0
1
1
0
0
3
0
4
1
2
1
1
1
0
2
2
1
1
0
1
3
3
0
2
0
0
2
0
1
0
1
1
0
1
0
0
2
1
1
2
1
0
1
1
0
0
1
0
0
0
0
0
0
0
0
1
2
0
1
0
0
0
0
4
0
0
0
0
2
0
1
3
0
2
1
1
1
1
1
2
0
2
0
0
0
0
3
0
0
4
0
1
0
2
0
1
2
1
0
0
0
0
1
1
1
0
2
1
2
0
0
0
1
1
0
0
0
1
1
0
2
0
0
1
0
0
1
0
0
0
2
0
1
1
1
0
1
0
1
0
0
0
0
0
1
1
1
1
2
0
0
1
0
1
1
0
1
1
0
1
0
0
2
0
2
1
1
1
0
1
0
0
1
0
1
1
0
3
0
2
0
2
1
1
2
0
1
0
0
0
1
2
0
1
2
1
0
0
0
1
0
1
1
2
0
1
1
2
1
0
0
0
0
0
1
0
0
2
2
1
0
0
0
0
0
0
0
0
1
0
3
2
0
0
0
1
0
0
0
0
1
0
1
1
1
0
0
0
0
0
0
1
0
0
0
0
3
0
1
1
0
0
0
1
1
1
1
0
0
0
1
0
1
0
2
0
0
0
0
1
0
2
0
2
1
1
1
0
1
2
0
0
0
1
0
0
1
1
0
1
0
1
0
0
0
0
0
1
0
1
1
0
1
1
0
1
0
2
2
0
3
0
0
1
0
2
1
0
0
0
0
1
2
0
0
1
0
0
0
2
1
0
0
0
0
1
1
0
0
0
2
0
1
1
0
0
0
1
1
0
1
0
0
0
1
0
0
1
2
0
1
0
0
0
1
1
0
1
1
0
0
0
0
1
1
1
0
0
2
0
0
1
0
1
0
0
2
1
2
1
1
1
1
1
2
1
0
0
0
1
1
0
1
0
0
0
1
0
1
0
1
1
2
0
3
1
0
1
1
0
0
0
2
1
3
0
2
1
1
0
0
0
2
1
1
0
2
0
1
1
1
0
1
0
0
0
3
2
0
1
1
0
0
0
2
0
0
1
1
0
0
0
1
0
1
3
2
1
0
0
0
0
0
0
1
0
0
1
1
0
0
0
1
1
1
0
0
0
1
0
1
1
1
1
1
0
0
1
2
0
1
1
0
0
1
1
3
0
1
0
0
1
1
3
1
0
1
1
0
1
0
0
0
1
0
0
1
1
1
1
1
0
0
2
2
0
0
2
0
0
1
0
0
1
2
0
1
2
3
0
2
1
0
0
0
0
1
1
0
2
1
0
0
0
0
0
3
0
0
1
0
0
1
0
0
3
0
2
0
1
3
0
0
1
0
2
0
0
0
1
1
2
0
1
1
0
1
1
2
0
2
1
1
0
0
0
0
1
0
0
1
1
1
0
0
0
0
0
0
0
1
0
0
0
1
0
1
1
0
0
1
0
0
1
0
1
1
0
0
1
0
0
0
0
0
2
0
1
1
1
0
1
0
0
1
0
0
0
0
0
1
2
3
1
2
1
1
0
0
1
3
0
0
0
0
0
1
0
0
0
0
0
0
0
0
0
1
1
0
0
0
0
0
0
0
0
0
0
0
0
0
0
0
1
0
0
0
0
0
0
1
0
0
0
0
0
0
0
0
0
0
0
0
0
1
0
0
0
0
0
1
0
0
0
0
0
1
1
0
0
1
0
2
0
0
0
0
0
0
0
0
1
0
0
0
0
0
0
0
0
0
0
1
0
0
0
0
1
1
0
0
0
0
0
0
0
0
1
3
0
0
0
1
0
2
0
0
0
0
0
1
1
1
0
0
0
0
0
0
0
1
0
0
0
0
0
1
0
0
0
0
2
0
1
0
0
1
0
0
0
0
0
0
0
0
1
0
0
0
0
2
0
