0
0
0
0
0
0
0
0
0
0
0
0
0
0
0
0
0
0
0
0
0
0
0
0
0
0
0
0
0
0
0
0
0
0
0
0
0
0
0
0
0
0
0
0
0
0
0
0
0
0
0
0
0
0
0
0
0
0
0
0
0
0
0
0
0
0
0
0
0
0
0
0
0
1
0
0
0
0
0
0
0
0
0
0
0
0
0
0
0
0
0
0
0
0
0
0
0
0
0
0
0
0
0
0
0
0
0
0
0
0
0
0
0
0
0
0
0
1
0
0
0
0
0
1
0
1
0
1
0
0
0
2
2
0
0
2
0
3
0
1
1
1
5
4
1
1
2
3
4
4
2
5
1
8
3
3
3
6
6
7
6
8
6
7
10
15
15
18
16
24
14
22
25
30
16
32
27
35
40
51
40
54
42
62
56
65
62
67
76
90
81
101
91
102
95
103
104
107
120
106
95
120
113
108
111
133
127
134
102
108
120
105
120
103
117
119
123
115
121
107
127
107
115
119
129
100
111
104
116
97
115
135
97
109
117
110
115
103
95
112
112
112
107
113
102
129
100
95
109
107
111
116
105
123
82
116
102
112
122
122
136
113
132
121
121
132
102
121
111
135
120
123
127
106
137
125
122
98
105
122
121
137
134
122
134
146
117
158
140
138
130
161
148
143
139
113
139
155
135
139
131
134
119
147
136
150
129
129
145
142
149
141
118
143
153
148
117
129
156
127
122
159
145
136
146
131
144
141
161
150
146
128
144
127
148
153
124
151
134
138
118
134
115
139
110
140
148
140
128
128
133
117
121
119
117
122
122
148
128
132
111
127
135
120
98
123
116
122
109
120
137
118
111
108
139
119
130
139
136
126
129
126
135
116
114
122
132
132
130
126
119
110
110
105
134
135
130
108
120
124
112
118
106
130
128
119
127
122
130
127
126
111
107
96
104
133
105
111
128
115
116
118
104
132
115
124
136
119
115
128
123
114
111
123
121
119
105
116
123
114
129
125
125
103
124
108
111
118
122
115
135
126
109
121
124
107
131
119
110
126
114
118
109
117
91
129
128
101
124
109
124
119
120
128
112
132
110
111
109
139
111
103
96
99
111
142
129
110
120
114
122
122
107
119
111
118
110
121
121
131
95
135
103
106
100
118
112
100
116
96
146
134
118
113
99
111
113
130
97
122
136
126
105
144
128
135
133
114
111
114
115
109
120
108
128
90
134
113
101
111
99
128
99
108
117
102
94
112
121
97
113
103
106
99
108
130
98
118
107
97
110
110
118
120
102
92
125
117
98
102
109
101
120
93
98
104
100
104
105
105
110
116
113
88
100
118
102
109
99
109
105
100
96
97
96
102
98
116
112
115
96
96
90
115
100
108
88
123
91
108
103
113
88
112
87
85
94
75
80
98
74
88
99
99
80
99
97
73
83
91
108
100
93
107
92
104
78
90
84
87
91
97
88
96
70
82
95
72
78
96
89
102
69
65
87
85
85
97
93
80
82
78
81
102
84
85
104
92
90
87
77
89
77
69
73
82
70
87
75
69
96
81
79
78
94
70
90
78
77
88
71
91
67
86
70
84
77
81
79
85
64
70
74
70
62
67
64
71
76
75
71
73
66
60
79
64
68
82
62
70
84
76
73
82
71
82
67
70
71
63
73
66
74
74
61
65
67
65
90
86
60
73
73
73
66
59
70
57
70
71
66
69
58
65
66
69
67
66
44
77
57
88
81
52
70
59
79
66
67
64
53
75
74
70
90
67
52
69
59
69
61
57
59
62
57
67
52
64
69
69
70
64
50
60
55
53
65
69
67
51
57
56
48
55
60
66
71
65
47
51
57
61
63
57
61
53
58
62
55
68
74
53
63
59
61
61
57
62
63
60
64
58
56
53
46
60
50
54
61
51
49
59
49
68
49
59
68
58
64
54
49
49
52
54
41
55
56
50
49
71
51
56
60
58
52
52
56
59
45
62
63
55
65
62
53
48
63
52
54
42
56
49
62
59
68
40
53
46
69
60
52
66
61
59
58
59
40
51
58
60
51
50
51
48
61
61
54
57
54
45
47
50
58
45
50
66
54
51
56
50
38
72
52
51
44
59
58
48
40
50
48
54
55
60
40
60
49
54
49
43
43
51
43
42
56
66
47
50
58
66
51
55
55
56
57
57
46
50
49
53
54
52
49
43
54
58
42
56
51
43
45
53
38
50
56
50
44
48
49
51
39
50
50
48
56
60
49
48
54
42
54
46
64
51
64
54
58
48
52
54
62
48
39
45
48
43
43
47
48
51
49
48
48
50
56
41
56
47
50
47
51
51
46
55
47
52
38
45
45
46
53
47
56
44
51
58
41
48
50
48
48
50
47
54
44
52
37
48
47
46
64
43
34
60
41
42
53
43
60
43
40
49
41
46
37
30
51
51
39
49
43
55
31
53
49
50
50
49
58
50
54
41
47
46
47
44
49
49
50
49
46
50
42
51
46
50
36
51
59
61
61
38
48
35
40
49
59
45
34
47
46
49
52
46
45
45
48
35
52
46
44
49
36
52
52
52
45
48
41
41
41
57
45
52
40
55
29
43
32
33
44
49
50
38
39
45
40
35
44
51
44
36
50
39
41
45
53
41
47
33
53
48
49
48
37
35
50
42
39
41
69
48
53
48
48
39
47
43
48
46
48
45
40
45
44
37
47
42
44
47
37
37
45
39
53
45
42
51
37
45
48
39
42
45
42
35
34
52
48
51
49
43
31
38
50
40
36
48
34
44
46
43
35
32
43
49
41
46
40
22
45
42
39
33
37
53
37
44
45
34
53
50
38
33
45
34
49
43
32
34
47
38
40
35
41
33
28
39
28
40
28
32
41
50
28
34
34
35
28
45
27
42
44
38
37
39
33
32
31
42
30
26
39
31
31
29
34
34
44
26
28
29
24
36
35
36
31
36
31
20
37
24
24
40
31
31
31
13
34
28
27
39
24
37
32
39
34
24
29
33
24
26
25
27
34
24
27
31
27
28
25
25
20
32
28
30
26
32
33
19
25
27
23
28
21
24
29
29
19
24
23
29
26
29
31
27
23
25
24
26
19
17
26
25
17
22
22
15
23
20
14
21
22
13
31
20
20
19
23
19
21
24
20
25
22
26
25
24
16
22
25
14
24
20
20
20
26
13
20
20
17
21
20
22
20
25
16
19
13
22
19
18
25
13
28
16
19
18
26
19
15
19
18
18
18
13
14
17
19
22
22
9
18
16
25
20
12
19
21
19
13
9
17
9
18
16
13
14
21
17
19
17
16
16
13
28
15
20
21
14
15
14
22
15
17
16
18
16
19
13
16
17
20
15
15
15
14
20
24
14
16
18
12
19
23
14
19
22
16
13
18
18
25
18
19
15
17
14
15
15
17
13
14
16
13
15
12
18
16
18
17
17
17
16
15
17
14
11
17
17
10
16
18
12
10
8
29
12
20
22
21
14
11
16
12
11
13
11
21
13
16
21
14
12
17
18
7
20
13
17
17
13
14
16
14
12
14
19
16
13
23
24
11
16
12
14
11
12
30
18
21
13
12
19
11
16
13
17
17
25
20
14
17
15
20
13
12
14
14
21
22
28
25
22
16
18
13
23
9
20
15
9
17
14
18
19
15
18
18
18
15
18
13
18
22
19
26
22
20
25
14
17
18
16
22
17
19
16
20
20
21
15
21
23
23
26
22
20
22
16
22
26
21
20
21
19
26
26
19
17
21
26
27
23
21
25
23
28
26
25
22
29
26
22
21
25
35
27
32
36
37
32
29
32
30
36
28
37
42
38
34
45
34
45
30
41
47
35
41
60
51
48
49
53
57
35
55
64
48
54
48
56
53
70
58
68
76
68
60
67
59
67
63
65
77
72
69
91
78
86
81
78
74
65
96
93
77
102
81
79
107
83
89
106
121
96
112
112
121
112
98
116
120
114
104
120
127
121
133
132
111
128
154
132
128
127
118
136
154
146
132
120
125
148
149
145
148
158
125
169
158
154
154
161
171
171
162
148
193
151
200
185
161
185
156
189
195
172
169
185
191
182
168
171
186
170
174
161
182
195
171
179
176
171
178
176
173
179
185
185
174
181
161
180
154
170
173
178
151
168
182
162
141
167
161
165
163
150
157
149
156
168
148
166
161
150
151
149
150
121
148
153
116
157
128
138
138
121
107
139
115
126
125
114
138
128
106
124
112
117
120
103
111
112
114
120
89
101
100
91
99
112
80
82
76
92
87
78
70
76
85
75
80
85
68
78
68
83
58
60
68
65
50
55
58
57
50
46
58
54
46
34
39
35
40
42
50
37
31
42
38
28
43
44
31
32
30
39
32
25
28
41
34
38
23
32
31
35
12
17
30
23
18
23
22
19
16
18
11
18
15
23
10
15
21
13
9
12
14
16
8
13
14
11
8
16
13
13
6
10
6
7
5
12
4
7
9
10
8
10
11
7
9
5
4
9
9
7
4
6
3
6
4
5
4
6
5
4
5
2
4
5
4
7
5
5
3
4
6
3
1
4
3
4
2
5
3
4
5
2
5
1
7
1
3
2
2
2
5
2
3
1
4
3
0
1
3
3
2
0
0
0
3
2
0
4
1
3
0
1
2
2
1
2
1
1
2
1
2
7
3
3
4
2
2
6
0
3
3
0
2
3
4
2
5
4
1
2
1
2
1
2
1
1
1
1
5
1
0
0
0
0
0
0
0
1
3
2
2
2
4
1
3
1
1
0
2
2
3
2
0
1
2
2
1
0
1
2
0
0
4
3
2
3
2
2
2
0
2
1
1
0
1
2
0
0
2
1
1
3
1
2
0
1
0
3
1
4
4
2
2
1
2
2
1
3
4
3
1
1
1
2
0
2
3
2
0
3
4
2
0
1
1
2
1
2
0
0
0
3
3
1
3
2
1
0
2
2
2
2
1
2
1
1
4
2
0
1
3
2
1
2
2
2
0
2
3
1
4
2
4
1
0
2
1
1
0
2
0
2
1
1
1
0
0
1
1
3
1
2
2
0
0
0
1
0
1
1
0
2
1
1
1
1
1
1
1
2
0
1
0
0
1
1
2
1
1
1
0
1
1
2
0
1
1
1
4
2
1
0
2
3
1
1
1
1
3
3
1
4
0
2
4
1
0
1
0
1
1
2
2
0
0
2
1
2
3
1
0
2
1
1
2
0
1
3
0
1
2
0
1
2
3
1
3
0
2
1
0
1
1
3
2
1
2
2
2
1
2
0
0
1
1
0
2
3
0
1
2
0
2
2
1
1
5
2
1
1
0
1
0
1
1
1
2
3
2
0
1
0
2
1
2
2
1
3
2
2
4
1
1
1
0
2
0
0
0
1
2
1
1
3
1
0
1
0
1
3
0
0
0
1
2
3
0
1
1
2
1
0
3
1
0
1
1
1
1
1
3
1
2
2
4
2
1
1
2
1
2
0
1
2
2
1
0
1
0
0
1
3
3
0
1
2
3
1
5
2
0
0
0
2
3
0
0
0
1
0
2
0
1
0
0
0
0
1
1
1
0
2
0
3
3
2
2
3
4
0
1
4
0
1
0
0
3
0
2
0
2
1
1
4
1
1
1
0
0
2
2
0
4
1
0
0
1
0
3
0
0
1
0
0
1
3
1
0
3
2
3
0
1
2
1
2
4
1
1
0
2
1
1
2
2
2
2
0
2
3
2
3
2
1
0
1
0
2
1
1
5
1
0
0
2
3
2
2
1
1
1
5
1
0
0
0
1
1
0
1
2
1
1
1
0
0
0
0
0
2
0
1
0
1
1
0
1
2
0
1
2
1
2
3
2
4
1
1
2
0
1
1
2
2
1
1
1
2
0
1
0
0
3
0
1
3
0
0
2
2
2
1
1
3
1
2
1
0
0
0
0
1
0
0
2
2
1
0
1
0
1
4
3
1
0
1
2
1
1
2
3
1
1
2
0
0
1
0
0
1
0
1
1
0
0
1
0
1
4
0
0
2
1
1
0
2
1
1
1
1
3
2
1
0
0
0
0
0
1
0
1
1
0
0
1
1
2
2
0
1
0
3
0
1
2
0
0
4
0
0
0
1
0
0
0
1
1
1
1
1
0
0
0
0
0
0
0
3
0
0
1
1
2
1
0
0
0
0
1
1
2
0
0
2
1
1
0
1
0
0
0
0
0
0
0
0
0
2
1
1
0
0
2
3
0
0
0
0
2
2
2
1
0
1
0
0
0
1
2
0
0
0
1
0
0
2
0
1
1
0
0
2
0
0
0
0
1
2
2
1
0
1
1
0
0
1
1
1
1
1
0
0
0
0
0
0
1
1
0
0
0
0
1
1
1
2
0
1
3
1
0
2
0
3
0
1
1
1
0
1
1
0
1
0
3
0
1
1
1
1
2
3
2
1
1
1
0
3
0
0
3
1
2
0
0
1
1
0
0
0
0
0
0
1
0
0
0
0
2
1
0
2
0
0
0
2
0
0
0
2
0
1
0
0
1
0
0
0
0
0
0
1
0
0
0
0
1
0
0
1
3
0
2
1
0
1
1
0
1
1
1
0
0
0
1
0
0
2
1
0
4
1
0
0
1
0
2
0
2
2
0
1
1
0
3
2
2
0
0
2
0
1
1
2
0
1
0
0
0
0
0
1
4
0
0
1
1
0
1
0
3
0
3
1
0
0
3
1
0
1
0
0
2
1
1
0
1
1
0
3
0
0
0
1
1
2
2
1
0
0
0
1
1
0
1
2
0
2
0
1
1
2
2
0
1
1
1
2
1
1
0
2
2
1
1
1
0
0
1
2
0
1
1
0
2
0
2
1
2
1
3
0
0
0
0
1
2
1
0
2
1
0
1
0
0
4
2
1
2
0
3
0
0
1
0
1
0
1
0
0
2
0
0
1
1
2
0
1
0
1
0
0
1
0
0
1
0
0
0
1
1
0
0
2
1
3
1
1
1
0
1
0
0
1
1
1
0
1
0
0
0
0
0
1
0
0
1
0
1
0
1
0
0
0
2
0
0
1
0
1
0
1
0
0
0
0
0
1
0
1
0
1
0
1
1
2
2
0
2
0
0
2
0
2
0
2
0
0
1
0
0
0
1
0
1
2
0
0
0
0
1
1
0
0
0
1
0
2
1
0
0
1
1
2
1
0
0
2
0
0
0
0
0
0
1
0
0
0
1
1
2
1
2
0
1
0
0
1
0
0
0
0
0
0
0
0
0
0
0
0
0
1
0
0
0
0
0
1
2
2
0
1
0
2
0
0
0
0
1
0
0
0
1
1
0
0
0
1
1
1
1
0
0
0
0
0
1
0
1
1
1
0
1
1
0
1
0
1
0
0
0
0
2
0
0
1
0
0
1
0
0
0
1
2
1
0
2
0
0
0
0
1
0
1
0
1
0
0
0
2
0
0
0
1
2
2
1
1
2
0
0
0
2
0
1
1
1
1
0
0
0
0
1
0
1
1
0
1
0
1
0
0
0
1
0
1
1
0
0
0
1
1
1
0
0
0
1
1
0
0
0
2
1
1
0
1
1
2
0
0
0
0
0
0
0
0
1
1
0
0
0
1
0
2
1
1
1
0
1
0
0
2
0
1
0
2
1
0
0
0
1
0
1
1
0
2
1
0
0
1
1
0
0
0
0
0
0
2
1
0
0
0
1
2
0
0
1
1
0
0
0
0
0
2
0
0
1
0
0
0
1
0
0
0
0
0
0
0
0
0
0
1
0
0
0
0
1
0
1
0
1
1
0
0
0
0
0
1
1
0
1
0
0
0
1
0
0
0
0
1
0
0
0
0
0
0
1
0
0
0
0
1
0
0
0
2
0
0
1
0
0
1
3
0
0
1
0
0
0
0
1
1
0
0
1
0
1
0
0
0
1
0
1
0
0
1
2
0
0
1
0
0
0
0
1
1
1
0
1
1
1
1
1
0
0
0
2
0
0
0
0
0
0
0
0
1
1
0
0
0
0
0
1
0
1
0
1
0
1
0
0
2
0
1
1
1
1
0
0
1
1
0
0
0
0
0
0
1
0
0
1
2
0
0
1
0
0
1
2
0
0
0
0
0
0
0
0
0
0
2
0
2
0
1
0
0
0
1
0
1
0
0
0
0
0
3
0
1
0
0
1
0
0
0
0
0
0
0
0
0
1
0
1
1
2
0
0
0
1
0
2
0
0
0
0
1
0
0
0
0
0
0
0
0
0
0
1
0
1
0
0
2
1
1
1
1
0
0
0
0
1
0
2
0
1
1
0
0
0
0
0
0
1
1
0
0
1
0
1
1
1
2
1
0
1
0
1
0
0
1
0
1
1
0
0
1
0
0
1
1
0
0
0
0
0
0
0
1
1
0
0
1
0
0
1
0
0
0
2
1
1
1
0
0
0
0
2
1
1
1
1
1
0
1
0
0
1
0
0
0
1
1
0
1
0
0
4
0
1
1
0
0
0
1
1
0
2
0
3
0
1
1
2
0
0
1
2
0
3
0
1
0
2
2
2
0
2
0
0
1
0
1
0
2
1
1
1
0
0
3
0
0
1
0
0
0
1
1
3
2
4
0
1
1
0
0
2
0
1
0
1
0
0
1
2
0
0
0
0
0
0
1
1
1
0
1
0
0
0
0
1
2
2
1
1
1
0
0
1
0
0
0
0
0
3
0
0
2
1
2
0
0
0
0
0
2
0
1
1
2
0
1
0
0
0
0
0
0
0
0
2
1
0
2
0
0
0
0
0
2
1
3
0
0
2
0
1
0
1
0
1
2
0
1
0
3
1
1
2
0
1
1
0
0
1
0
0
0
1
2
0
0
0
1
1
0
1
0
0
0
0
0
1
0
0
0
0
0
0
0
0
0
0
0
0
1
0
0
1
2
0
1
2
0
1
1
0
0
1
0
0
0
1
2
0
0
1
0
0
0
1
2
0
3
2
0
0
0
0
0
1
0
0
0
0
0
0
0
1
0
1
1
0
0
0
0
0
0
0
1
0
0
0
0
0
1
0
0
0
1
1
0
0
0
0
0
2
0
0
0
0
0
1
0
0
0
0
0
0
0
0
0
0
0
0
1
0
0
1
2
0
0
0
0
1
0
0
0
0
2
0
1
0
0
0
0
1
3
0
0
0
1
0
0
0
0
0
0
1
0
0
0
0
0
0
0
0
0
0
0
0
0
0
1
0
1
0
1
0
0
0
0
0
0
2
0
0
0
0
0
0
0
1
0
0
0
0
0
0
0
0
0
0
0
0
0
0
0
