1
0
0
0
0
0
0
0
0
0
0
0
0
0
0
0
0
0
0
0
0
0
0
0
0
0
0
0
0
0
0
0
0
0
0
0
0
0
0
0
0
0
0
0
0
0
0
0
0
0
0
0
0
0
0
0
0
0
0
0
0
0
0
0
0
0
0
0
0
0
0
0
0
0
0
0
0
0
0
0
0
0
0
0
0
0
0
0
0
0
0
0
0
0
0
0
0
0
0
0
0
0
0
0
0
0
0
1
0
0
0
0
0
0
0
0
0
0
0
0
0
0
1
0
0
1
0
2
0
0
0
0
0
0
0
1
0
1
0
1
1
0
1
0
0
0
2
1
0
1
0
1
2
4
6
3
1
4
2
3
3
6
1
7
12
9
7
9
11
11
9
15
18
15
22
15
23
22
37
35
33
30
42
53
44
52
44
47
56
62
67
57
61
80
85
74
97
85
80
99
88
73
104
93
90
76
73
70
89
102
92
95
85
91
106
93
83
88
88
88
86
96
80
99
89
110
92
92
101
102
84
88
101
86
82
96
78
85
102
89
72
104
84
93
80
75
84
79
89
97
92
82
84
94
99
93
80
91
86
84
92
96
85
94
101
96
94
83
94
97
90
120
99
108
106
96
114
115
121
113
82
98
113
88
88
114
105
111
94
101
102
104
100
136
118
94
106
112
120
124
143
118
121
133
132
105
101
95
109
128
146
112
124
88
89
110
114
110
123
95
117
120
99
112
124
101
102
136
98
103
103
92
113
113
104
118
100
102
105
102
97
105
92
101
108
93
89
122
117
109
101
90
108
111
105
98
93
102
89
101
88
89
109
89
109
95
94
107
80
102
95
75
97
86
83
85
92
104
102
96
87
84
114
82
72
101
88
72
92
99
107
92
99
92
85
89
100
84
88
107
86
94
96
98
93
111
88
81
103
88
94
98
83
74
84
88
97
98
103
99
81
98
68
90
75
112
100
96
88
86
88
96
96
94
91
94
82
84
95
96
102
89
81
85
102
102
71
93
73
88
84
92
88
85
84
90
90
82
93
75
85
64
87
93
86
90
80
83
87
92
87
83
88
86
76
77
85
88
92
82
83
90
89
82
97
87
87
87
88
85
91
89
84
87
98
90
94
82
99
76
70
94
88
72
73
79
86
68
94
89
73
88
85
68
73
86
77
75
74
91
99
74
74
71
81
76
83
89
74
76
83
82
85
76
87
70
64
88
77
71
80
83
76
80
71
82
84
83
76
79
88
86
79
85
73
72
62
89
63
83
87
67
79
84
72
86
66
74
76
73
74
76
74
66
62
73
83
84
67
64
70
64
64
67
81
74
69
73
62
80
53
76
56
73
69
62
69
84
61
68
72
65
75
74
51
64
70
70
69
64
51
75
61
77
59
59
64
69
66
74
63
66
56
52
52
57
69
53
74
63
58
63
52
58
68
59
54
59
59
57
59
49
44
54
63
66
50
52
60
67
61
57
51
55
61
56
51
49
58
61
52
58
50
55
49
46
59
54
51
46
55
49
49
56
45
58
55
60
55
57
45
49
57
48
49
52
42
49
50
60
55
53
46
58
54
38
51
61
54
53
43
48
47
44
48
38
49
49
42
50
46
46
48
42
42
44
38
40
59
57
41
56
53
43
43
55
51
56
49
31
50
41
45
35
49
43
44
52
42
45
40
39
49
47
43
46
33
35
43
40
43
51
43
42
38
42
55
46
43
37
39
35
34
37
30
25
50
45
25
39
42
47
56
44
43
29
36
37
33
39
32
50
53
40
46
44
44
36
44
45
38
39
35
41
42
42
45
36
36
41
33
44
32
36
40
36
35
46
30
41
27
31
53
41
37
34
35
32
43
35
39
36
33
32
44
41
44
34
39
40
39
33
47
41
39
38
32
39
43
38
41
29
34
36
36
42
40
32
32
21
42
30
37
33
36
37
39
36
52
38
33
32
39
34
24
31
38
33
47
32
40
32
36
23
42
30
28
35
33
44
48
44
32
35
38
33
30
25
30
35
33
43
33
36
36
24
34
25
42
36
28
29
27
26
45
38
33
36
50
33
33
31
41
40
39
36
41
38
42
34
32
26
25
29
32
32
25
36
34
40
40
28
38
31
30
33
29
33
39
24
30
41
43
33
30
32
49
35
35
35
26
36
35
32
34
44
29
33
31
32
46
36
26
25
35
35
39
31
27
31
42
14
32
24
32
27
23
34
35
40
37
35
39
31
29
33
32
36
31
32
32
29
39
21
25
33
38
41
35
24
31
27
25
27
20
42
24
25
30
30
43
25
23
28
29
21
29
30
26
37
33
28
25
24
21
35
29
19
35
15
31
40
28
28
30
29
21
35
24
23
41
29
43
20
26
27
31
23
22
42
27
34
36
29
30
24
31
41
29
30
28
34
24
40
25
31
28
31
19
38
34
27
21
31
24
31
26
31
29
29
25
37
27
30
28
27
32
21
25
35
30
23
32
36
30
25
25
24
23
19
28
37
18
27
27
29
27
34
31
33
24
20
27
36
24
33
24
34
30
22
29
27
26
29
26
24
20
27
28
34
25
26
26
22
23
20
26
21
24
29
25
26
49
25
22
23
35
21
25
25
41
30
39
21
27
27
29
23
26
32
25
21
27
21
30
34
26
25
36
24
33
24
32
32
33
25
17
25
20
30
31
31
30
27
29
29
17
24
27
21
31
30
26
16
23
24
28
31
30
20
32
30
30
34
18
20
20
25
30
25
21
21
27
30
20
25
30
24
21
22
29
18
31
23
23
21
18
14
17
27
28
23
28
27
28
24
18
23
21
19
28
23
20
29
22
25
32
22
24
27
23
25
24
34
22
25
22
19
12
13
21
22
18
21
29
17
18
21
20
23
21
21
17
20
25
23
16
24
24
22
22
21
17
19
22
21
17
27
20
20
17
13
19
14
13
27
17
20
18
20
20
22
23
18
25
13
12
10
18
18
22
10
23
17
10
11
23
18
15
21
16
23
15
18
22
24
11
24
17
18
20
12
14
11
10
18
11
16
17
15
15
15
18
10
20
13
21
8
11
12
6
12
16
13
11
11
21
14
12
6
16
15
18
10
17
9
6
10
11
10
17
14
14
15
18
17
7
14
7
16
13
21
11
17
14
14
13
10
10
4
8
11
11
17
11
18
7
14
16
6
12
14
6
14
7
8
9
14
5
6
11
8
11
8
9
6
16
18
14
8
5
6
7
17
10
6
14
19
10
8
19
11
11
16
7
7
8
14
10
4
8
9
14
13
7
12
10
8
9
8
10
11
6
12
8
10
6
11
6
10
15
7
10
8
9
7
8
12
5
7
5
10
8
5
12
11
8
9
9
8
8
9
11
10
16
6
11
11
7
10
6
3
4
9
8
16
12
9
8
12
14
5
4
8
7
6
6
8
10
8
8
6
10
10
9
13
13
11
10
14
9
4
8
16
8
9
6
12
8
11
11
9
12
13
14
8
8
8
12
9
5
9
10
4
5
7
12
9
11
8
12
11
2
11
8
11
8
12
6
8
7
15
8
8
10
9
12
13
13
3
9
9
15
15
7
5
9
14
6
9
9
9
9
13
9
10
7
10
12
8
10
4
15
10
6
11
10
13
9
11
7
13
6
12
13
10
10
12
11
8
9
9
7
12
12
10
10
7
12
8
6
23
10
12
10
6
11
5
8
17
13
10
8
11
12
11
18
5
4
11
9
11
9
10
15
19
21
17
10
19
21
13
10
7
17
14
12
14
21
15
24
10
22
17
18
24
21
20
23
20
17
20
17
19
13
14
18
26
28
13
27
22
25
20
19
32
30
27
29
30
22
38
26
31
31
36
31
29
39
40
33
27
31
39
32
36
39
33
35
47
46
42
49
47
52
41
48
56
41
41
60
57
51
44
40
50
44
56
48
53
42
52
66
50
62
47
64
67
67
71
60
63
79
87
73
76
72
80
58
76
66
65
79
72
82
72
83
75
74
80
87
90
77
87
83
86
79
76
97
89
89
79
87
102
86
89
98
93
98
108
105
97
100
107
113
105
122
107
100
108
95
107
116
99
91
109
100
116
113
94
109
80
122
101
104
108
105
102
101
115
97
101
112
111
108
105
100
100
94
100
111
109
89
89
109
98
96
100
90
94
89
92
93
93
108
86
81
93
82
88
84
79
87
87
88
61
67
78
78
79
73
91
73
65
55
73
64
70
58
73
63
81
56
55
48
65
75
61
50
51
43
51
58
58
76
59
57
52
49
45
48
45
40
38
40
42
33
46
32
33
33
29
38
34
36
44
36
34
30
37
33
36
43
25
28
26
30
27
23
15
29
13
21
15
18
21
18
16
15
17
19
17
22
10
12
19
19
11
14
11
15
9
10
15
8
11
10
8
8
10
9
19
10
10
11
9
9
9
4
8
10
11
9
8
3
3
7
6
3
5
8
6
12
8
6
5
6
5
3
5
4
5
4
2
3
4
4
6
6
1
6
2
4
4
6
3
1
6
2
3
2
6
3
1
4
5
2
3
0
4
3
2
2
2
5
3
2
2
2
5
5
4
4
1
1
2
2
1
2
1
2
4
3
1
2
1
0
2
0
3
1
1
2
1
5
1
0
0
4
1
3
8
6
0
0
3
2
0
0
2
1
4
0
4
1
2
2
2
0
2
1
4
0
1
0
1
0
1
2
1
0
1
5
0
1
4
1
1
1
2
0
5
2
1
1
1
2
2
1
1
3
5
1
0
1
0
0
2
2
0
4
0
1
6
0
1
1
1
0
2
2
1
2
1
1
1
4
1
2
1
3
3
0
1
1
1
2
2
1
2
0
3
1
0
0
1
2
3
3
1
2
0
2
1
2
5
1
6
1
2
0
3
0
1
0
4
1
3
2
2
0
3
0
1
1
3
1
1
2
2
1
0
1
1
1
2
2
2
2
2
1
1
0
0
2
2
4
1
2
0
1
1
0
0
1
1
0
0
0
4
2
2
0
2
1
2
0
1
1
2
3
0
2
1
0
1
0
1
1
1
0
0
3
3
4
1
2
1
0
0
1
0
3
1
1
0
0
2
1
0
1
1
0
2
0
1
2
1
4
2
3
1
0
2
2
4
1
1
0
1
2
1
2
0
0
1
0
1
2
1
1
1
3
1
0
0
1
4
2
1
0
0
1
2
0
0
2
1
2
2
1
0
0
1
0
1
1
2
0
2
3
0
1
2
3
1
1
1
1
2
2
0
0
0
1
1
2
1
3
1
1
0
2
2
2
3
0
0
1
4
2
0
2
0
1
1
2
1
1
3
4
2
1
1
0
0
1
2
0
0
0
2
0
2
0
1
0
0
2
0
0
0
0
3
0
2
3
2
0
2
1
0
1
1
0
1
2
2
0
3
2
1
1
1
0
2
0
1
2
2
2
0
1
1
2
1
1
1
1
2
2
3
2
2
2
1
1
1
2
0
1
0
3
0
0
0
1
1
4
1
1
1
1
0
3
0
1
3
0
0
2
0
1
1
2
2
0
0
2
5
2
2
0
1
2
2
2
0
1
4
3
1
0
1
0
0
0
1
3
1
4
1
2
2
2
2
0
2
2
0
1
1
2
2
3
1
5
0
1
1
2
3
1
0
0
4
1
1
1
1
1
3
1
1
0
4
6
3
0
1
1
0
1
0
3
0
1
1
0
3
4
0
0
0
2
1
3
1
5
2
1
0
1
3
2
0
3
2
1
1
3
1
1
1
1
2
1
1
0
2
3
0
0
2
0
3
1
2
0
1
2
0
1
0
1
0
2
1
0
1
1
1
1
2
3
1
0
0
1
0
1
0
3
2
3
6
0
1
2
2
1
2
0
1
3
1
0
1
2
1
1
0
2
0
1
1
1
2
1
0
1
0
0
0
0
1
1
1
0
2
0
0
0
1
2
1
0
1
1
1
1
1
1
2
0
0
2
1
1
0
2
1
1
1
2
1
0
2
1
2
1
0
0
1
1
1
0
0
1
1
1
0
0
1
1
1
2
1
0
1
2
1
1
3
0
0
0
3
1
1
1
1
2
1
2
0
1
1
0
0
0
0
0
1
0
1
2
1
0
1
1
0
0
0
1
0
3
1
0
2
0
1
0
0
2
0
0
1
1
0
0
0
1
0
5
3
1
2
1
0
1
1
2
0
0
1
1
0
2
1
3
0
2
0
2
4
1
0
1
0
0
1
0
0
2
0
0
1
1
1
2
0
1
3
0
1
0
1
0
0
0
1
1
1
1
1
1
0
1
1
0
0
1
2
0
0
2
0
1
1
0
2
3
0
1
0
2
0
1
4
0
1
1
1
0
0
0
1
0
3
0
0
1
1
0
0
0
0
1
2
0
0
1
1
0
1
1
0
2
1
2
1
0
2
0
0
2
1
1
0
0
0
1
1
0
1
1
0
1
0
0
2
0
0
1
0
0
1
2
1
1
0
1
1
3
1
0
1
1
2
2
0
0
1
0
0
0
1
1
1
2
0
0
2
2
0
0
3
0
2
1
0
0
1
2
1
2
1
0
1
1
0
1
3
0
0
0
0
1
0
0
1
0
0
0
1
0
0
0
0
0
4
1
1
1
2
2
0
2
0
0
1
1
0
0
0
2
3
1
0
0
0
0
1
1
0
1
0
1
1
0
0
1
1
2
0
2
1
0
0
0
0
2
0
0
0
1
1
0
0
1
0
0
3
0
1
1
0
1
0
4
0
1
1
1
2
0
0
0
0
0
1
0
0
0
0
1
0
1
2
1
1
1
0
1
0
0
0
0
3
0
0
1
0
1
1
1
0
0
1
1
1
0
1
0
1
1
0
1
1
0
0
1
0
0
0
0
1
1
0
1
0
0
1
1
1
2
1
0
1
0
1
0
0
3
2
1
2
1
2
2
1
1
1
0
0
0
0
0
0
1
0
0
1
0
0
1
0
0
1
0
0
3
1
1
1
1
0
0
2
2
3
1
0
0
1
1
0
0
0
2
1
0
1
0
0
1
1
0
0
0
2
0
2
0
0
1
0
2
1
0
1
0
0
0
3
0
0
0
0
1
1
2
0
1
1
0
0
0
0
0
1
1
2
0
1
0
0
0
1
0
1
1
1
1
1
0
0
0
1
0
1
1
0
1
0
3
0
0
0
1
1
0
1
0
0
0
1
0
0
0
0
0
0
0
0
1
1
0
0
0
0
0
0
1
1
1
0
3
0
2
1
1
0
2
1
0
2
1
1
0
1
1
0
0
0
0
0
0
3
1
1
0
0
0
0
1
2
0
2
0
1
0
0
1
1
0
2
1
2
1
1
1
0
1
1
0
0
1
0
0
2
0
1
0
2
0
0
0
0
1
1
0
1
0
2
1
0
0
1
0
1
0
2
0
1
1
0
0
0
0
0
0
1
0
1
2
0
0
0
0
0
0
0
1
1
0
1
1
0
0
0
1
0
0
1
0
0
2
0
1
3
0
1
1
0
0
1
1
0
0
1
0
0
1
0
0
0
0
0
1
0
0
0
0
0
0
0
0
0
0
1
1
1
1
1
0
2
0
0
0
0
1
0
0
0
0
0
1
0
1
0
0
0
0
0
0
1
1
0
0
1
1
0
0
0
0
0
2
0
1
1
0
0
1
0
0
1
0
0
0
1
0
0
1
0
0
0
1
1
2
0
0
0
0
0
1
0
0
0
0
0
1
1
0
0
0
0
0
1
1
1
0
0
0
0
1
0
1
0
0
0
0
0
0
1
0
0
0
0
1
0
2
1
0
0
2
0
1
0
0
0
0
1
2
0
0
0
0
0
1
0
2
0
0
0
1
0
0
1
0
0
1
0
0
0
0
0
0
0
0
1
0
0
0
0
0
1
0
0
0
0
0
1
0
0
0
2
0
0
0
0
0
1
1
0
0
0
0
0
1
0
1
0
1
0
0
0
0
0
1
0
2
0
0
0
0
0
0
0
1
0
1
2
1
0
0
2
0
1
0
0
0
0
1
0
0
0
1
0
0
0
0
0
0
2
0
0
1
0
1
0
0
0
0
0
0
0
0
1
0
1
1
1
0
0
0
1
1
0
0
1
0
0
1
0
1
0
1
0
2
1
0
0
0
1
0
0
1
1
2
0
0
0
1
0
0
1
0
1
1
0
1
0
1
1
1
0
0
1
1
0
0
0
0
0
0
0
1
0
1
2
0
0
0
0
0
1
1
0
1
0
0
1
0
0
0
1
0
0
0
0
0
0
1
1
0
1
1
0
0
2
0
1
0
0
0
1
2
0
0
0
1
0
0
1
0
0
0
0
1
1
0
0
0
1
0
0
1
0
0
0
0
1
1
0
0
0
1
1
3
1
1
0
0
0
2
0
0
0
1
0
1
1
0
0
0
1
1
2
0
1
2
0
1
0
0
1
1
0
1
0
0
0
2
0
1
0
0
0
1
0
1
1
0
1
1
1
1
2
0
1
1
1
1
0
1
1
1
1
1
5
0
0
1
0
0
0
2
0
1
0
1
1
0
2
2
2
2
2
1
1
1
0
1
1
1
0
1
1
0
0
1
0
0
3
0
1
2
0
3
0
1
1
0
2
0
0
0
0
1
2
1
0
1
2
1
2
0
0
0
2
0
2
0
1
1
2
0
2
1
0
0
1
1
0
1
1
1
0
1
2
1
2
1
0
1
1
2
0
1
0
1
1
0
1
1
0
0
0
0
0
1
0
0
1
0
0
1
1
3
1
2
0
0
0
0
1
1
5
1
1
1
0
0
0
1
1
1
1
0
3
0
3
0
4
0
0
0
0
0
0
0
0
1
1
0
0
0
0
2
0
1
0
0
0
0
0
0
0
0
0
0
2
0
0
0
0
1
0
0
0
0
1
1
1
0
0
1
0
0
1
0
0
0
0
0
0
1
0
0
1
0
0
1
0
1
0
0
1
0
0
0
2
0
0
0
0
0
0
0
0
0
1
0
0
0
1
0
0
0
0
0
0
0
0
1
1
1
0
1
1
0
0
0
1
1
0
0
0
0
0
0
1
1
0
0
1
0
1
0
0
0
0
0
0
1
0
1
1
0
0
0
0
0
1
1
0
0
0
0
1
0
0
1
0
1
0
0
0
0
0
0
0
0
2
0
2
0
0
0
1
1
0
2
1
0
0
0
0
1
0
0
1
0
0
1
0
1
0
0
0
0
0
0
1
1
0
0
0
0
1
1
1
1
0
1
0
0
0
0
0
0
0
0
1
0
0
0
0
0
0
0
1
0
0
