0
0
0
0
0
0
0
0
0
0
0
0
0
0
0
0
0
0
0
0
0
0
0
0
0
0
0
0
0
0
0
0
0
0
0
0
0
0
0
0
0
0
0
0
0
0
0
0
0
0
0
0
0
0
0
0
0
0
0
0
0
0
0
0
0
0
0
0
0
0
0
0
0
0
0
0
0
0
0
0
0
0
0
0
0
0
0
0
0
0
0
0
0
0
0
0
0
0
0
0
0
0
0
0
0
0
0
0
0
0
0
0
0
0
0
0
1
1
0
2
0
0
0
0
0
0
0
0
0
1
0
0
1
0
0
0
0
0
2
1
1
2
0
1
1
0
1
1
0
2
2
5
3
0
5
7
1
4
3
3
3
5
4
6
4
8
6
12
11
14
19
21
17
14
20
26
28
30
33
33
43
46
40
45
49
53
62
60
63
72
75
73
74
69
78
92
94
100
118
98
94
103
83
96
98
99
89
103
102
104
109
89
92
100
85
99
105
100
104
91
118
75
92
101
96
89
107
113
88
109
89
83
91
104
101
103
82
81
107
89
80
94
98
92
92
89
97
89
85
105
87
95
100
90
112
84
97
100
106
82
84
103
104
99
123
116
100
86
98
116
116
115
118
93
106
117
97
106
122
117
111
126
112
115
125
119
118
124
132
130
132
138
117
108
122
102
117
125
138
91
121
101
144
103
114
116
111
123
136
130
153
126
124
137
128
139
136
125
112
126
123
113
123
128
133
121
129
123
103
108
113
124
113
110
116
119
120
110
136
113
114
122
112
91
95
114
111
105
109
124
114
92
115
97
105
99
120
109
107
108
118
102
99
101
93
106
102
110
107
122
111
89
83
113
100
109
113
122
98
99
89
92
89
103
105
101
90
110
102
95
84
107
86
121
112
92
90
110
105
107
87
115
98
103
94
98
100
123
89
114
101
93
90
78
117
86
85
95
78
102
96
97
86
87
95
108
111
86
87
95
100
95
102
99
77
103
78
95
107
96
94
92
90
93
99
91
103
84
87
94
96
102
103
93
93
89
78
87
103
92
107
93
98
94
95
93
87
87
99
99
88
105
101
97
83
88
109
94
90
101
103
97
96
80
88
91
99
105
87
92
96
108
97
96
95
92
102
89
91
85
100
92
76
94
89
117
111
82
98
74
111
80
84
83
87
94
82
84
101
74
87
101
81
70
94
109
112
78
89
93
93
79
79
71
98
100
89
83
98
95
91
83
75
67
85
77
88
65
91
87
92
74
88
61
83
76
87
84
81
68
76
77
83
86
82
91
82
98
105
84
83
84
61
75
88
81
89
58
80
91
79
73
87
76
90
83
72
84
69
73
75
76
75
82
78
90
88
78
86
72
65
67
79
64
98
70
63
82
83
81
64
71
72
60
78
69
75
72
68
69
54
54
68
57
85
73
53
65
62
69
48
56
51
57
56
76
83
75
76
62
65
71
61
63
55
66
55
59
79
53
78
58
58
67
63
63
76
63
62
59
63
68
67
47
71
60
72
74
62
66
46
65
64
53
63
61
51
56
44
63
61
61
35
53
50
61
53
57
45
66
73
59
64
59
54
53
60
58
41
51
54
52
56
55
48
53
59
39
55
55
47
54
55
52
56
52
46
37
46
44
50
52
51
37
35
47
43
71
44
47
52
55
51
56
51
49
42
45
39
42
47
54
63
47
43
41
58
51
47
40
54
48
40
48
44
43
32
51
48
50
48
36
35
52
41
38
56
33
46
51
56
41
36
39
42
46
42
42
51
39
33
43
47
48
40
44
49
47
45
47
54
43
52
39
40
53
39
50
40
43
39
40
46
33
35
39
44
51
32
26
48
39
38
39
42
33
49
51
42
47
41
40
33
48
40
49
39
46
48
52
40
45
45
46
44
32
38
46
35
48
37
44
44
34
41
37
39
32
38
40
36
34
54
45
40
36
38
33
37
43
40
39
37
51
44
37
35
41
33
49
47
42
33
33
25
28
33
42
38
24
35
33
40
38
40
36
44
32
40
39
33
33
38
37
36
45
45
44
45
31
42
39
39
39
42
31
36
27
41
40
39
32
40
35
52
37
47
38
39
36
33
30
37
37
28
41
33
35
55
44
43
21
42
41
38
35
36
38
38
45
40
47
28
30
32
43
41
43
35
43
37
53
43
36
51
49
33
24
40
35
28
27
38
41
43
40
34
43
33
44
37
43
37
47
37
34
28
44
34
34
42
28
39
33
31
34
32
32
39
43
40
32
32
32
29
31
45
34
27
37
36
39
33
44
31
31
43
39
32
34
24
30
35
27
34
37
33
44
29
32
40
32
39
34
40
33
40
29
47
42
37
32
31
31
29
31
41
32
35
28
36
30
21
31
36
40
33
32
29
31
29
33
31
29
24
32
29
28
34
38
47
27
30
30
32
32
30
39
29
38
37
30
30
35
28
40
35
29
31
28
34
34
18
30
37
29
35
34
27
32
38
22
37
32
38
33
31
33
27
31
32
37
34
26
23
38
32
38
32
22
36
33
35
36
34
35
35
40
35
35
39
25
34
31
32
35
32
30
35
26
39
26
35
43
33
37
22
30
37
38
31
28
32
31
19
27
30
31
43
29
36
29
38
31
29
27
31
43
29
30
24
33
35
39
41
33
23
36
28
27
31
32
24
21
29
28
27
31
27
37
26
34
31
39
31
31
23
32
27
30
30
40
33
32
35
33
29
31
28
32
38
38
40
34
25
35
42
45
29
29
32
29
36
30
25
29
28
24
36
38
26
37
35
40
27
19
22
18
16
37
29
34
33
34
32
28
21
31
29
27
25
30
41
26
26
21
30
37
22
21
25
33
28
25
22
25
20
26
22
33
29
27
26
19
28
22
30
15
20
30
28
19
23
19
26
15
19
27
24
21
32
29
22
26
24
28
26
24
25
21
33
18
21
20
24
30
24
15
23
14
21
22
23
19
18
20
15
24
16
18
22
16
21
22
20
23
12
18
19
21
18
17
17
17
22
23
15
21
13
22
18
19
17
13
14
23
19
23
28
16
11
15
28
21
13
10
15
15
15
22
19
18
20
21
18
15
20
15
15
12
15
17
11
11
9
15
7
13
15
17
21
20
13
23
13
12
14
16
22
14
11
12
17
11
19
9
17
10
12
14
21
21
10
8
10
12
20
11
14
8
9
20
5
8
6
11
17
12
6
15
7
11
18
9
11
16
12
14
10
9
26
13
14
19
22
12
13
12
5
8
11
9
11
13
17
15
15
16
13
11
17
17
14
14
12
8
18
10
16
21
18
9
12
17
15
8
10
11
11
9
11
10
6
14
11
11
8
12
8
8
14
7
8
10
10
11
12
11
9
10
13
12
11
8
11
7
12
6
6
8
10
11
10
15
17
11
16
17
13
17
3
11
13
6
12
7
11
13
12
10
11
10
12
13
14
13
13
13
8
13
9
10
9
6
11
12
7
12
12
4
10
15
10
9
10
16
12
7
11
10
9
10
15
12
7
10
14
14
8
11
12
7
10
14
14
13
13
14
11
14
7
10
12
10
18
11
12
13
8
6
11
7
14
10
21
15
8
17
11
8
13
9
11
10
14
8
12
18
12
20
8
18
11
11
12
14
7
13
15
11
11
9
8
16
18
12
11
14
7
11
12
12
13
15
14
11
15
8
14
10
5
13
9
10
18
16
16
11
9
10
11
9
13
11
17
20
12
17
12
21
17
12
19
18
16
20
15
20
19
16
15
16
14
15
12
17
10
14
8
11
22
19
20
13
23
14
21
18
17
22
14
20
21
19
18
22
17
21
29
15
26
21
24
22
34
20
34
36
29
25
27
28
31
27
42
31
33
26
35
44
37
36
35
40
42
38
44
47
48
45
57
38
46
45
58
44
52
47
45
55
47
55
67
50
50
60
72
80
58
64
64
75
59
71
74
48
72
81
79
61
90
69
93
77
86
71
79
79
79
95
72
90
73
96
74
97
91
104
103
106
98
94
114
96
96
92
99
103
131
120
106
107
102
133
120
119
133
109
121
122
127
117
110
128
112
117
117
118
115
99
116
137
118
127
117
135
127
121
122
112
108
132
117
136
118
133
121
134
121
103
125
113
114
113
115
123
119
114
137
132
113
113
110
126
139
116
111
114
97
120
104
100
105
103
101
102
128
87
105
91
88
109
88
96
103
105
90
86
72
93
73
105
81
72
87
75
78
73
75
73
80
73
92
81
87
61
61
70
74
60
71
66
51
79
49
74
57
69
59
47
55
49
41
39
50
33
51
56
46
42
40
37
32
39
37
40
30
35
37
42
32
43
27
29
22
28
29
30
33
28
19
29
31
15
30
27
17
27
19
14
12
23
17
21
13
25
12
14
13
13
13
17
8
22
10
14
7
10
6
10
8
7
8
5
7
12
5
12
8
8
9
8
7
3
9
5
10
6
10
5
6
6
3
5
7
5
5
5
7
6
8
1
13
1
10
1
4
3
0
4
1
5
3
3
2
6
1
2
4
2
4
2
2
0
2
9
2
3
1
2
4
4
1
2
4
4
0
6
4
1
4
1
2
0
0
3
3
0
1
1
4
1
2
0
3
2
4
5
2
1
1
2
1
3
4
3
3
2
1
0
5
2
0
1
5
1
2
1
1
2
3
0
2
1
1
0
0
3
0
2
2
0
3
2
0
1
1
2
5
3
5
0
1
2
1
4
2
3
1
2
4
4
1
1
0
1
2
2
1
0
0
1
0
0
2
0
0
0
2
1
0
0
2
2
0
1
2
0
3
1
1
5
3
1
1
1
2
1
7
1
2
2
1
1
3
3
4
1
3
1
1
0
4
1
0
2
0
2
0
0
1
0
1
1
3
1
0
0
0
1
0
2
0
0
0
1
2
1
0
1
0
0
3
1
0
2
1
3
1
3
2
1
4
1
2
2
1
1
1
0
1
2
0
0
2
2
1
4
2
2
1
2
0
0
0
0
0
1
1
0
1
2
3
1
1
0
1
0
2
2
1
2
2
1
0
0
0
4
1
0
1
4
0
0
2
2
2
2
0
3
1
0
5
1
3
3
2
0
2
1
2
0
2
2
0
3
2
0
2
4
0
2
2
1
1
0
2
2
0
1
3
2
1
0
2
5
2
1
1
1
0
1
0
0
0
2
2
2
2
0
1
0
0
2
1
1
1
1
2
1
2
2
0
1
2
2
1
2
0
0
0
0
1
0
1
4
1
2
2
0
1
2
2
3
2
0
1
0
1
0
1
1
2
3
1
0
2
3
0
2
1
1
1
1
3
0
2
1
0
0
3
0
0
2
1
0
4
0
4
0
1
1
4
0
1
2
0
0
1
1
3
0
0
0
0
1
1
1
1
1
1
3
4
2
0
0
2
1
1
0
2
1
3
0
0
1
2
0
0
0
1
1
2
3
1
2
2
4
3
0
1
2
2
0
1
1
0
3
3
0
1
0
2
1
2
1
1
1
0
1
3
0
3
1
1
1
1
2
0
1
2
1
0
2
0
1
2
2
3
0
2
1
2
0
2
2
3
1
2
0
0
0
2
2
1
3
2
2
0
0
0
1
2
3
3
0
0
2
1
0
0
1
1
0
1
2
1
4
2
0
3
0
1
2
1
2
2
5
1
0
1
0
2
1
2
1
1
2
2
2
1
1
1
1
5
1
0
2
1
2
1
0
0
1
3
3
1
3
0
1
3
6
0
0
1
0
1
1
2
3
1
0
4
0
1
1
3
3
2
2
2
2
1
1
5
1
0
2
3
2
1
0
1
1
3
1
1
0
3
1
0
2
4
0
0
2
1
2
1
3
0
1
2
0
2
1
0
3
1
1
2
0
1
2
2
1
2
0
2
1
1
1
0
1
2
0
1
3
0
0
1
1
0
1
2
0
2
2
2
1
2
0
2
0
1
2
1
0
1
0
1
1
0
1
0
0
0
0
1
2
0
2
0
0
2
0
2
1
1
1
0
1
1
0
1
4
1
1
0
0
1
1
0
0
0
0
1
0
1
0
1
1
0
1
2
3
1
1
3
1
1
1
1
0
1
1
2
0
1
1
1
2
0
1
1
2
1
1
1
3
2
1
2
1
0
0
2
0
0
1
0
1
0
0
0
1
1
3
0
0
0
0
0
0
1
3
1
2
2
0
0
0
2
2
1
0
1
0
1
0
0
0
1
0
2
0
1
0
1
1
0
2
1
2
0
0
0
1
0
0
2
2
1
1
2
1
0
0
0
0
0
0
3
1
1
0
1
0
1
0
1
2
2
1
0
1
0
0
0
0
0
0
0
0
1
1
1
0
0
0
0
1
2
2
2
2
1
0
0
0
1
0
0
1
0
0
1
0
1
0
0
0
1
1
0
1
0
1
0
0
1
1
1
2
1
0
0
0
0
0
1
3
0
1
0
0
1
1
0
1
0
1
1
1
1
2
1
2
0
1
1
0
2
1
1
0
0
0
0
1
0
0
0
0
0
1
0
1
2
0
1
2
0
1
0
0
2
0
0
0
1
0
2
0
1
1
0
2
0
0
1
0
0
1
1
1
1
0
1
0
1
0
0
0
0
1
0
0
0
0
1
0
0
0
0
0
1
1
1
0
1
4
1
2
1
0
2
1
0
0
0
0
2
2
1
2
1
1
1
0
4
1
0
0
1
0
1
0
1
2
1
1
1
1
1
1
0
3
0
0
1
0
1
0
1
0
0
0
0
3
1
0
0
0
1
1
1
0
0
3
1
0
1
0
0
0
1
1
2
1
0
0
0
0
0
1
0
3
1
0
0
0
0
2
0
0
1
1
1
0
0
0
0
0
1
4
1
1
1
3
0
2
0
0
0
1
0
0
0
0
2
0
3
2
1
0
1
0
0
2
1
1
3
0
0
1
2
0
0
2
1
2
2
0
0
0
1
0
1
0
1
0
1
2
2
2
0
1
0
1
0
0
1
0
1
2
1
1
2
1
1
0
0
1
1
1
2
1
0
0
1
1
0
1
0
0
4
1
0
1
0
0
0
1
0
0
1
0
0
1
0
0
0
1
0
0
1
1
1
0
0
0
0
1
2
1
1
0
1
0
1
0
0
0
2
1
1
0
0
0
1
0
1
1
0
2
0
0
0
0
0
0
0
1
3
1
2
1
0
0
1
1
0
1
0
0
0
1
1
1
0
0
1
1
1
2
0
1
0
1
1
0
2
0
2
1
0
1
2
2
0
0
0
0
0
0
0
0
0
1
0
0
1
0
2
0
0
1
0
0
0
0
0
1
0
0
1
2
4
1
0
1
1
0
2
1
1
0
0
1
0
1
2
1
0
0
1
0
0
0
0
0
1
0
1
0
0
0
1
0
1
2
0
0
1
2
0
0
1
0
0
0
1
0
0
2
0
0
0
0
0
0
0
0
0
0
0
1
0
3
0
1
1
0
0
1
0
0
1
0
0
1
0
0
0
0
1
0
0
0
1
1
0
0
0
1
0
1
1
1
0
0
0
0
1
0
0
2
1
1
1
0
1
0
1
0
1
0
0
2
1
1
2
0
0
0
0
0
0
0
0
0
0
2
1
3
0
0
0
0
0
0
1
0
2
0
0
1
1
0
0
1
0
0
1
0
0
0
0
0
1
0
0
0
1
0
0
0
0
0
0
0
1
0
0
1
0
0
0
0
2
0
1
0
1
1
0
1
0
0
1
0
0
0
2
2
0
0
0
0
0
0
1
0
0
0
0
0
1
1
1
1
0
0
0
2
0
0
0
0
0
0
2
1
0
0
0
1
0
0
1
0
0
0
1
0
0
0
0
0
0
0
0
2
0
1
1
0
0
0
0
0
0
0
0
4
0
0
1
0
0
0
0
1
0
1
0
0
0
1
0
0
0
0
0
0
0
1
0
2
0
0
1
0
0
0
0
0
0
1
0
1
0
1
1
1
2
1
1
1
0
0
2
0
0
2
1
0
1
0
0
0
0
0
0
1
0
0
0
1
0
1
0
0
1
0
0
1
0
2
1
1
0
1
1
0
0
0
2
2
0
0
0
0
1
0
0
2
0
0
0
0
0
1
0
0
0
1
0
0
0
0
0
0
0
0
0
0
0
0
0
0
0
2
0
0
1
1
0
0
1
0
0
0
2
1
0
0
1
0
1
0
1
0
1
0
1
0
1
0
1
2
3
0
0
3
0
0
2
0
1
1
0
0
0
0
0
0
1
1
1
1
1
1
0
0
0
1
0
0
0
0
0
2
1
1
0
0
0
0
0
1
1
3
0
0
0
0
0
0
0
2
0
1
0
1
1
0
0
0
0
2
1
0
0
0
0
0
0
0
1
0
1
0
1
1
1
1
0
0
0
0
1
0
3
2
0
0
1
1
2
0
0
0
0
0
2
1
2
0
1
1
0
1
1
0
1
0
2
1
1
4
3
0
0
3
1
0
2
0
0
0
0
2
0
0
1
0
1
0
1
0
0
0
0
1
1
0
0
0
2
1
0
0
0
1
0
0
0
0
0
0
1
0
0
1
1
1
1
0
0
0
1
1
2
1
0
1
2
1
1
0
1
0
1
0
0
0
0
1
0
0
1
2
0
0
0
3
0
0
1
1
1
0
2
1
1
0
1
1
0
1
1
1
2
3
0
2
0
0
0
0
0
0
0
1
1
1
1
0
2
0
1
0
0
0
2
2
0
1
0
0
0
2
2
1
1
1
0
0
1
0
0
0
0
0
0
1
0
0
0
1
2
2
2
2
0
1
1
0
0
1
0
0
1
1
0
1
1
0
0
1
0
0
0
1
1
1
0
0
0
1
0
1
0
0
2
1
0
1
1
0
0
0
1
0
0
1
1
1
0
0
0
0
0
0
2
0
1
0
0
1
0
1
1
0
0
0
3
0
2
0
0
0
1
0
0
0
1
0
1
0
0
0
2
0
1
0
0
0
0
0
2
2
0
0
2
0
0
1
0
0
0
0
0
1
1
0
2
0
1
1
1
0
1
1
0
0
0
1
0
0
0
1
0
0
0
0
0
0
0
0
0
0
0
0
1
0
0
0
0
0
1
0
0
1
0
0
0
1
1
0
1
0
0
0
0
0
0
0
1
2
1
1
1
1
0
0
1
0
0
3
0
0
0
0
0
0
0
0
0
0
0
0
0
0
1
1
1
0
0
0
0
1
0
0
1
0
0
0
0
3
0
1
0
0
1
0
1
0
0
0
1
0
0
0
0
1
1
0
0
1
0
0
1
1
1
0
0
0
1
1
0
0
1
0
