0
0
0
0
0
0
0
0
0
0
0
0
0
0
0
0
0
0
0
0
0
0
0
0
0
0
0
0
0
0
0
0
0
0
0
0
0
0
0
0
0
0
0
0
0
0
0
0
0
0
0
0
0
0
0
0
0
0
0
0
0
0
0
0
0
0
0
0
0
0
0
0
0
0
0
0
0
0
0
0
0
0
0
0
0
0
0
0
0
0
0
0
0
0
0
0
0
0
0
0
0
0
0
0
0
0
0
0
0
0
1
0
0
0
0
0
0
0
0
1
0
0
0
0
0
0
1
0
0
1
0
0
0
0
0
0
0
0
0
0
1
2
1
2
0
1
0
3
0
0
2
4
6
6
3
4
4
7
5
5
3
3
8
11
7
4
9
9
22
17
15
18
12
18
15
17
22
32
30
32
51
34
55
54
50
55
61
90
55
73
63
60
70
93
75
84
83
108
104
106
92
89
104
120
100
111
97
95
91
93
100
110
93
89
95
118
108
99
92
106
91
107
105
79
110
98
115
77
89
97
100
116
76
82
86
92
101
91
110
91
91
107
67
93
85
92
87
93
97
86
81
91
87
120
113
90
100
116
91
105
106
101
106
120
94
104
115
95
98
97
104
93
99
92
91
97
98
107
107
112
139
135
97
124
132
110
116
119
117
147
123
118
110
125
111
100
128
127
109
113
126
97
130
115
132
120
125
152
114
124
136
104
135
141
119
145
122
106
139
124
99
115
119
130
121
106
93
123
107
117
104
105
109
154
123
110
92
131
118
115
104
120
109
112
122
109
98
99
109
109
117
103
86
97
110
100
122
110
105
104
93
92
113
83
99
113
97
102
94
94
89
90
80
122
94
86
92
102
104
85
94
108
94
89
112
86
92
81
98
103
93
102
88
96
94
93
85
92
100
92
114
106
85
82
109
87
92
92
79
89
107
93
93
107
96
86
92
96
93
101
88
101
91
124
98
100
97
109
107
97
101
77
96
99
98
89
94
95
92
105
82
92
77
92
94
103
107
97
96
100
88
98
82
96
99
103
88
95
76
94
80
84
91
96
85
94
82
88
91
98
80
94
90
94
98
68
94
102
95
97
88
86
100
93
81
93
81
83
90
96
78
92
95
86
83
86
88
95
98
101
86
95
108
89
79
101
99
72
90
90
94
100
92
81
96
81
84
87
90
91
93
84
82
91
89
107
74
85
81
94
91
91
84
89
95
90
109
78
94
100
72
109
83
91
85
78
81
70
83
80
79
79
103
88
71
78
80
78
67
90
81
94
71
99
78
73
67
84
89
80
81
80
78
75
84
74
83
75
84
94
70
91
96
79
103
77
91
71
69
76
81
64
81
66
81
72
94
77
70
68
69
75
77
82
81
78
71
76
84
77
74
72
67
60
68
69
71
76
65
48
60
62
65
70
72
72
60
59
58
71
54
60
61
57
64
56
60
75
66
65
76
56
53
63
78
49
62
61
68
58
69
55
64
65
72
55
51
66
63
57
53
54
76
73
64
67
50
70
56
59
75
67
64
53
66
63
44
58
51
45
53
60
62
38
60
70
57
64
66
54
46
55
57
57
57
48
56
50
57
54
52
41
64
54
57
57
56
41
54
49
41
37
55
49
55
58
49
46
40
47
37
61
48
48
59
52
49
42
43
50
60
59
38
58
33
52
49
48
47
42
43
60
42
38
41
47
39
43
44
48
46
66
34
48
44
43
45
44
39
42
42
56
59
50
42
46
46
40
41
47
55
32
48
59
43
39
49
44
49
32
46
37
41
52
45
42
38
29
52
45
36
44
33
44
48
41
63
43
42
67
46
38
42
44
45
32
37
38
44
44
32
40
42
42
35
41
45
38
41
30
44
37
46
40
41
47
41
40
42
40
34
47
44
37
33
43
40
36
36
46
50
47
50
51
47
44
30
38
37
44
41
26
40
53
47
40
40
41
37
36
32
44
45
46
32
44
50
30
37
28
29
45
42
38
37
45
36
28
27
38
33
39
31
43
30
42
47
44
37
31
44
41
45
30
29
43
34
42
36
30
31
31
44
50
37
35
31
37
37
30
34
33
30
38
26
44
33
35
29
41
36
35
45
45
28
30
40
38
32
47
25
40
41
34
46
37
45
24
42
39
31
35
30
40
32
33
45
35
44
44
32
28
35
31
31
36
40
51
27
43
26
29
34
35
37
38
40
42
26
32
35
41
37
38
28
32
36
35
39
37
42
38
40
34
37
23
26
25
50
35
39
36
38
31
34
36
38
31
27
31
18
24
31
22
36
40
38
26
26
34
31
33
36
24
29
24
32
41
36
50
34
47
47
30
31
44
34
43
32
45
30
30
28
38
44
31
34
30
37
38
32
32
27
28
31
29
35
27
25
25
39
29
31
40
28
40
26
34
29
36
38
24
34
23
33
35
22
26
32
31
26
34
24
27
32
15
32
37
27
42
27
28
28
31
31
32
31
25
20
26
30
29
34
34
24
38
35
32
37
28
42
32
31
28
26
35
29
21
35
32
23
18
35
41
25
24
31
48
31
34
20
24
30
33
27
32
26
28
29
33
21
24
31
36
28
30
23
46
26
31
29
31
27
30
38
24
43
33
29
26
32
24
25
26
39
27
35
30
32
26
24
26
29
31
25
40
24
32
21
22
19
33
31
30
24
20
41
25
31
32
29
34
23
25
36
33
25
45
21
34
30
23
30
36
28
40
20
31
40
29
29
25
33
24
30
24
29
28
27
28
34
34
26
32
35
23
25
24
25
19
36
24
17
26
26
27
27
24
25
26
28
25
31
25
36
24
22
35
28
27
26
18
20
25
30
22
14
27
27
18
27
39
28
35
12
20
25
23
25
27
19
26
27
33
19
18
22
20
18
23
29
39
33
19
16
27
27
22
22
27
24
29
24
23
22
23
17
20
19
18
23
32
15
26
22
23
20
25
19
19
21
33
24
19
23
21
26
18
20
16
25
14
16
20
15
9
17
20
26
25
13
15
12
24
15
29
20
26
19
26
16
17
26
12
13
18
16
14
20
17
14
17
16
13
17
22
14
16
15
7
16
14
18
10
14
16
12
17
12
8
13
18
12
25
18
14
5
17
9
16
13
16
15
16
10
7
12
17
12
12
12
12
12
13
16
16
10
19
14
13
10
12
14
18
17
12
12
12
9
8
13
13
16
20
22
17
9
9
10
17
18
11
16
10
12
14
14
9
9
7
11
8
6
8
12
10
18
11
8
15
11
14
12
8
9
9
13
10
9
13
13
10
15
15
10
11
13
11
4
11
14
9
11
10
14
9
8
8
10
6
10
10
16
10
9
8
11
10
12
11
17
10
20
8
12
14
12
15
13
14
15
9
15
13
17
7
10
8
12
10
13
10
14
13
7
8
5
10
14
12
13
19
9
4
6
9
14
7
6
11
6
12
7
17
8
7
11
11
5
10
14
13
9
14
14
11
9
16
9
9
11
11
13
14
7
16
7
11
5
15
9
6
13
11
13
10
6
18
13
5
13
9
7
13
13
7
6
7
13
17
7
9
13
11
10
11
7
11
6
7
7
7
8
13
9
7
17
9
9
10
17
16
13
9
7
9
11
15
17
9
7
11
7
10
4
9
16
16
7
8
11
12
17
16
10
12
6
14
10
13
4
10
13
12
14
8
10
15
10
11
14
15
16
11
15
9
8
12
17
17
19
11
18
9
14
13
7
13
18
8
21
18
15
20
12
9
15
16
19
17
20
19
12
9
15
18
13
24
14
17
15
16
13
26
17
23
19
19
24
24
31
20
21
35
19
20
24
21
26
27
31
26
25
28
32
30
22
32
26
32
23
36
35
35
26
33
23
35
31
38
28
37
42
30
34
33
38
53
44
61
39
48
48
40
49
48
53
61
49
46
45
70
68
54
61
71
55
69
68
79
59
51
71
71
72
73
61
65
72
74
79
80
77
72
71
69
89
88
90
77
85
108
91
86
90
73
90
89
88
101
98
84
93
97
97
100
107
94
98
109
110
107
117
95
95
105
100
112
109
84
108
124
118
107
102
115
101
113
128
118
108
114
106
110
100
110
113
134
115
122
126
123
118
110
120
109
124
119
123
126
126
109
128
119
116
102
108
104
119
114
103
128
106
89
109
104
107
120
92
110
103
98
110
100
96
96
102
84
89
98
101
82
92
91
76
88
84
85
92
77
60
74
78
71
75
87
85
54
55
51
79
61
65
78
73
59
49
68
59
53
47
56
45
45
45
55
54
53
46
41
49
50
33
44
56
44
42
29
42
47
24
36
29
40
30
29
27
26
35
24
38
21
18
21
29
21
23
27
25
20
30
20
14
23
24
25
24
19
16
12
20
18
15
25
18
13
17
20
7
9
10
14
11
10
4
14
13
11
13
12
11
10
11
11
10
7
7
7
8
7
4
8
3
3
4
9
5
5
4
7
5
4
8
6
6
6
3
6
5
2
2
2
3
3
3
2
4
7
4
4
4
5
2
1
4
2
4
2
3
3
1
2
4
3
3
0
3
6
4
4
1
1
4
2
2
1
2
2
2
5
1
3
2
2
2
3
0
4
2
2
1
2
3
1
1
3
2
1
2
1
3
3
3
3
3
0
3
4
3
0
5
4
4
2
3
2
2
1
3
3
3
0
0
1
1
1
1
5
1
1
0
0
2
3
1
0
1
1
3
3
1
1
1
1
5
1
3
2
1
2
2
0
2
3
0
1
2
0
4
2
0
2
2
1
2
3
5
0
2
0
0
1
0
3
1
0
2
0
2
3
0
2
4
1
2
1
0
0
1
0
1
1
0
0
1
2
2
0
3
0
1
3
2
0
0
1
2
2
1
1
1
3
3
3
2
3
1
1
1
4
3
1
2
1
0
1
3
0
1
1
2
1
2
3
2
1
1
1
1
0
2
0
2
1
1
0
1
0
4
0
1
1
2
2
1
0
1
0
2
1
1
2
1
2
1
2
1
2
1
0
2
1
2
3
1
3
2
1
1
3
1
1
2
4
0
0
4
2
1
1
2
1
0
2
1
0
1
5
2
0
1
0
5
1
1
2
0
1
1
0
0
2
2
0
0
1
2
1
2
0
2
2
1
1
0
3
0
0
0
1
2
4
0
0
0
2
1
2
1
1
1
4
0
1
2
0
2
2
0
0
0
0
3
0
2
1
1
0
1
1
0
2
0
0
2
0
3
2
1
1
2
2
2
1
3
2
1
1
0
3
1
2
1
1
1
0
0
1
0
2
1
0
1
1
1
1
1
2
0
2
0
0
1
1
3
0
1
1
2
2
1
0
5
1
0
2
2
1
0
1
1
2
1
3
0
0
1
0
3
3
0
0
1
1
0
0
1
0
0
3
1
0
1
0
1
2
1
2
2
1
2
3
0
3
2
1
1
1
0
1
1
1
0
2
2
1
2
1
4
1
1
1
0
1
0
2
1
1
2
1
1
3
4
0
4
2
2
2
0
1
1
0
1
0
1
0
2
0
1
1
0
2
0
2
0
2
0
2
2
3
3
3
1
1
5
1
2
2
1
3
0
0
1
0
2
1
1
1
1
3
1
1
2
0
0
2
1
0
1
1
1
2
2
0
2
4
1
4
2
1
1
1
0
1
1
1
3
0
1
2
5
2
0
1
4
0
0
2
4
0
1
1
0
1
0
4
1
2
0
3
1
0
4
0
0
3
0
0
1
0
1
0
2
1
0
0
2
0
1
2
2
1
1
1
0
0
0
0
0
2
0
0
0
1
0
1
1
2
0
1
1
0
3
2
0
1
2
2
1
1
0
0
0
0
1
1
0
0
1
2
1
1
1
1
0
1
1
5
0
0
0
1
2
1
4
1
0
0
1
0
2
1
1
1
1
2
0
0
0
3
0
0
1
3
1
2
2
0
2
1
0
1
0
2
1
0
3
0
2
0
2
1
2
0
1
2
1
1
0
2
2
2
1
0
1
0
1
0
2
2
2
1
0
0
1
0
0
1
0
1
2
1
0
0
0
3
4
0
2
1
1
1
0
2
2
0
0
2
1
0
1
0
3
2
2
2
0
0
1
0
0
0
0
1
0
1
2
0
0
0
2
1
1
0
3
0
0
0
1
1
0
1
0
2
1
1
0
1
0
0
2
1
2
1
2
1
0
1
0
1
1
1
2
0
0
2
1
0
0
2
1
0
0
0
1
0
0
1
1
0
1
0
1
0
0
0
0
1
0
1
1
0
0
1
1
1
1
2
0
0
0
1
0
0
1
1
1
0
1
1
1
3
0
2
0
0
0
2
1
1
0
0
0
1
1
2
3
0
1
1
1
0
0
1
2
0
1
1
1
1
0
1
1
1
2
1
0
0
0
0
0
2
1
1
1
1
0
2
3
1
2
0
1
0
1
1
1
1
0
1
0
1
0
0
1
1
1
0
2
0
2
0
0
1
0
1
0
1
1
1
1
1
0
0
0
1
1
0
1
0
1
1
0
0
3
0
1
0
0
0
0
1
1
0
0
2
1
0
0
4
1
2
1
1
1
2
0
2
1
0
0
2
1
0
1
0
0
2
0
0
0
0
0
2
0
2
1
0
2
3
0
1
1
2
1
1
1
2
3
1
0
1
0
4
0
1
0
1
2
1
1
0
1
0
0
1
0
1
1
0
0
2
2
0
0
1
1
0
2
1
1
1
0
1
2
0
3
0
1
2
0
0
1
0
1
0
0
1
0
1
1
1
2
1
1
1
0
0
0
1
0
0
1
0
2
0
0
1
1
0
0
0
0
1
0
0
2
2
1
0
0
1
0
0
0
1
2
0
0
1
0
2
0
1
3
1
2
3
2
1
0
0
1
0
0
1
1
1
1
0
0
3
2
0
0
1
3
0
0
0
0
2
1
0
1
0
3
0
1
1
1
0
0
1
1
0
1
1
1
0
1
0
0
0
0
1
3
1
0
1
0
1
1
0
0
1
2
1
1
0
0
2
2
2
0
1
0
1
0
0
0
0
1
0
2
2
3
1
1
1
0
0
1
0
1
0
2
0
0
1
1
1
1
0
1
2
1
0
2
0
1
0
0
1
2
1
1
0
1
0
0
2
0
0
2
1
1
1
0
1
2
0
1
0
0
0
0
1
1
0
1
0
0
1
1
1
1
1
0
0
1
0
0
0
4
0
0
2
0
0
1
1
0
1
0
1
0
2
1
1
2
1
2
1
0
0
1
1
2
2
0
1
0
1
0
0
1
3
1
3
1
1
0
1
0
2
1
0
0
0
0
0
0
1
1
2
0
0
0
0
0
0
0
0
0
0
1
1
0
1
0
0
0
0
1
0
1
3
0
0
0
0
0
0
0
0
0
0
1
0
0
1
0
0
0
0
0
0
0
2
0
1
1
0
2
1
1
1
1
0
1
0
0
0
1
1
0
1
0
0
0
0
0
1
1
0
1
0
1
0
0
1
1
0
1
0
0
1
0
1
0
1
0
0
3
1
1
1
0
0
1
0
0
0
0
0
0
1
0
1
1
3
0
0
0
0
0
1
1
0
1
0
1
0
0
1
1
0
0
0
0
0
1
0
2
0
0
0
1
1
0
0
2
0
0
0
0
0
1
1
1
1
0
0
0
0
0
0
0
0
0
0
0
0
1
1
0
0
1
0
0
0
0
1
0
0
1
0
2
0
0
1
2
0
1
0
0
0
0
0
0
0
0
0
0
0
0
0
2
0
0
1
1
1
0
0
1
0
0
0
1
0
0
0
0
1
1
0
0
0
0
1
1
0
0
0
0
1
0
0
2
0
1
0
0
0
1
0
0
1
0
1
0
0
0
0
0
1
1
0
0
0
0
0
0
1
1
0
0
0
0
0
1
2
0
1
0
0
0
0
0
0
1
0
1
0
0
0
0
2
1
1
0
0
1
0
2
0
0
0
0
0
0
0
0
0
1
2
0
0
0
1
0
0
1
0
0
0
0
0
1
0
0
0
0
0
1
1
0
1
0
0
0
0
0
0
0
0
0
0
0
0
1
0
0
1
0
1
0
0
0
1
0
0
0
1
2
0
0
1
0
0
0
0
0
1
0
0
1
0
0
0
0
1
1
0
0
1
1
1
1
0
0
0
0
0
0
0
0
0
1
1
0
1
0
1
0
0
1
0
1
1
0
0
0
0
0
0
1
0
0
1
1
2
1
0
1
2
0
0
0
0
1
1
0
0
0
1
0
0
0
0
0
2
1
0
1
1
2
0
1
0
0
0
0
1
0
1
0
1
0
2
1
0
1
0
0
0
0
0
1
0
0
0
0
1
0
1
0
0
0
1
0
1
1
0
2
0
2
1
1
1
0
1
0
2
0
0
2
1
1
0
0
1
1
1
1
1
4
1
0
1
1
2
0
2
1
2
0
3
1
0
1
0
0
0
1
0
0
0
0
1
0
3
2
0
0
0
0
1
1
1
1
0
1
0
3
0
1
1
1
1
0
1
1
0
0
1
0
0
0
2
0
1
1
0
2
0
0
0
0
1
0
0
0
2
1
0
0
2
1
1
2
1
0
1
0
1
0
2
0
2
0
0
0
0
0
1
0
1
1
0
0
0
1
2
1
2
1
2
0
1
1
0
2
0
0
0
0
0
0
0
0
0
2
2
1
2
1
1
0
0
2
3
4
1
0
0
0
0
1
0
0
1
0
0
0
0
0
1
0
1
1
0
1
0
1
1
1
0
0
1
0
2
1
1
2
0
1
0
0
1
1
0
1
0
1
0
0
0
2
0
0
0
0
0
2
1
0
0
0
0
2
0
0
0
0
0
2
0
1
0
1
3
1
0
0
0
2
0
1
0
1
1
3
0
0
0
1
0
0
0
0
1
0
0
0
0
1
1
0
1
0
1
0
0
0
0
0
0
1
0
0
1
1
0
0
0
0
0
0
0
0
0
0
0
0
0
1
0
0
0
1
0
1
1
0
0
0
0
1
0
0
0
0
0
0
0
1
0
1
1
0
0
0
0
0
0
1
0
0
2
0
1
0
1
0
0
1
0
0
0
1
0
0
0
0
0
0
1
0
1
0
0
0
0
0
0
2
1
0
1
0
0
0
2
0
0
0
0
0
0
0
1
1
0
0
1
0
0
0
0
0
1
0
1
0
0
0
0
0
1
0
0
0
0
1
0
1
1
0
0
2
0
0
0
0
0
0
0
0
0
0
0
0
0
2
1
0
1
0
0
0
0
0
1
0
0
0
1
0
0
0
1
0
0
0
0
0
0
0
0
0
0
0
0
