0
0
0
0
0
0
0
0
0
0
0
0
0
0
0
0
0
0
0
0
0
0
0
0
0
0
0
0
0
0
0
0
1
0
0
0
0
0
0
0
0
0
0
0
0
0
0
0
0
0
0
0
0
0
1
0
0
0
0
0
0
0
0
0
0
0
0
0
0
0
0
0
0
0
0
0
0
0
0
0
0
0
0
0
0
0
0
0
0
0
0
0
0
0
0
0
0
0
0
0
0
0
0
0
0
0
0
0
0
0
1
0
0
0
0
0
0
1
0
0
0
0
0
0
1
0
0
0
0
0
1
0
0
0
3
1
0
0
1
0
0
1
0
2
1
2
1
3
2
0
0
4
0
2
8
1
6
2
6
1
4
8
9
6
9
10
12
6
11
7
15
14
17
19
24
15
23
43
26
29
39
49
45
49
50
45
68
60
81
55
83
71
85
75
86
77
73
85
90
79
93
118
98
98
91
106
111
110
114
97
111
95
105
87
92
102
107
91
98
99
95
115
107
95
100
98
115
104
94
84
87
86
88
105
101
89
95
91
97
93
81
94
96
102
102
116
98
88
68
107
98
91
108
96
82
104
92
94
100
105
90
112
108
97
97
104
99
93
107
99
113
92
118
123
100
103
118
97
117
98
119
106
108
117
115
113
103
110
88
110
128
112
98
101
113
113
119
130
141
122
141
136
112
103
111
136
101
109
114
141
117
125
121
128
135
140
108
121
122
105
119
111
125
136
107
108
116
125
115
121
113
111
108
109
115
103
117
123
103
102
89
105
133
136
113
105
123
99
118
116
110
109
116
89
110
100
98
107
101
97
108
101
113
108
103
96
106
91
101
95
107
99
94
122
103
101
114
105
122
96
100
92
102
88
87
104
112
104
103
109
108
91
98
112
93
96
96
93
105
117
89
94
91
106
86
90
78
115
101
111
98
99
86
115
93
104
107
89
98
111
87
89
103
89
94
84
93
87
95
72
93
105
101
102
100
96
86
83
101
114
97
76
96
111
90
86
96
102
82
95
84
105
105
94
80
73
92
95
88
102
93
96
96
105
94
95
106
95
83
114
80
99
82
69
96
101
83
77
90
80
105
93
99
98
85
97
83
100
70
94
103
99
83
89
90
88
95
89
89
90
87
83
97
105
87
100
98
88
73
81
90
73
63
90
98
93
95
86
98
77
74
105
93
101
79
93
87
89
86
91
98
101
91
87
94
71
84
86
90
93
80
83
89
109
79
77
99
83
83
94
85
99
94
91
78
86
87
85
96
86
98
91
80
75
83
93
80
77
76
90
81
75
70
86
67
101
67
79
85
85
72
76
82
79
76
62
76
73
78
73
76
84
72
71
91
86
73
79
81
67
90
85
71
83
65
74
63
58
77
70
76
67
65
78
78
66
67
69
75
72
74
80
68
67
55
69
60
81
90
61
65
68
56
56
61
78
76
71
65
72
66
68
55
56
75
69
58
47
68
61
78
51
65
71
69
54
52
55
60
62
54
57
59
67
67
71
48
57
68
78
65
56
51
58
60
44
61
72
73
66
62
57
62
47
76
67
69
67
49
62
56
46
57
55
48
66
44
54
78
48
48
74
55
55
57
59
40
52
59
65
47
50
66
47
54
56
55
57
48
38
55
55
53
64
60
46
37
45
41
51
57
47
56
55
46
54
50
44
57
53
56
65
38
33
40
51
46
48
59
39
48
48
59
44
54
54
50
47
40
48
50
45
54
39
38
37
42
42
36
42
54
42
45
47
38
41
49
43
45
50
46
41
44
55
39
40
43
48
44
46
38
45
45
50
44
54
46
46
53
44
39
48
44
38
54
50
44
45
40
52
55
53
43
36
47
37
39
40
37
42
40
42
44
39
45
46
50
47
47
34
36
32
35
35
47
43
46
33
42
48
37
44
40
53
40
41
40
51
31
34
44
50
42
32
43
44
45
43
55
37
44
43
49
39
45
41
39
35
55
53
43
44
41
38
38
44
33
57
37
32
46
34
45
46
37
41
49
43
37
36
34
40
41
36
44
35
47
38
39
29
39
43
40
32
38
37
47
29
24
40
44
30
35
35
32
41
38
28
30
42
29
40
38
51
32
45
25
34
56
32
28
39
47
40
45
42
38
42
41
38
36
41
33
36
43
35
39
37
43
37
25
37
44
40
37
31
37
38
32
42
51
48
45
42
38
40
32
41
35
30
33
48
33
39
39
42
33
36
39
37
38
40
35
48
29
36
31
32
36
42
36
33
33
32
39
44
34
35
32
44
31
32
38
33
44
26
49
36
39
34
35
36
47
37
37
39
32
33
25
42
38
28
37
23
31
35
25
29
34
29
35
35
19
33
32
33
32
24
37
23
39
33
37
25
39
33
19
36
31
28
28
25
37
35
32
41
40
34
34
18
21
38
36
32
31
36
28
39
24
28
27
32
34
29
30
31
46
34
46
28
33
42
40
23
27
27
28
31
33
31
29
31
35
35
32
33
33
34
32
40
32
37
34
33
33
37
37
31
35
26
32
24
31
24
34
25
30
35
30
27
33
39
23
35
33
37
24
32
31
37
44
35
28
34
36
34
38
33
25
26
28
32
35
40
34
27
47
34
24
18
34
30
23
23
30
28
32
33
29
30
35
40
30
42
28
29
35
23
38
24
36
37
27
33
35
29
36
43
31
34
35
35
36
33
31
31
27
28
36
32
30
34
35
32
29
19
33
38
33
30
29
29
34
24
26
30
32
29
33
31
29
34
26
25
25
26
28
25
20
31
30
29
26
28
17
28
28
32
27
36
23
38
28
31
20
21
38
22
30
31
25
19
27
31
36
36
25
36
33
28
29
24
23
22
18
23
26
28
31
23
26
24
18
25
21
20
25
24
20
18
25
29
25
29
25
24
28
23
23
25
20
23
30
40
24
25
20
21
25
20
18
22
31
21
26
21
24
21
17
17
22
19
19
20
33
17
16
25
19
22
18
19
19
21
25
18
14
17
19
17
15
22
20
21
23
15
13
20
17
18
19
18
25
18
20
20
20
15
15
23
15
19
19
14
18
23
14
11
12
18
12
20
11
13
15
16
11
14
16
7
14
14
17
7
14
17
15
12
16
19
20
18
14
8
13
8
12
13
15
12
14
15
14
9
14
12
12
17
12
16
21
15
20
11
19
10
7
16
9
26
20
8
15
11
13
16
15
11
15
9
12
16
12
3
12
9
16
15
9
14
15
19
15
17
10
11
12
17
17
9
12
9
11
10
14
15
15
22
12
11
12
11
15
4
12
10
8
6
12
15
15
6
12
11
4
10
18
7
15
13
11
13
10
13
10
20
9
12
7
18
12
15
6
10
18
9
7
17
14
16
7
6
13
5
16
10
14
15
10
12
17
4
15
12
12
11
9
9
5
5
15
12
19
11
11
15
8
9
13
10
5
8
9
11
7
7
8
12
20
9
8
5
9
9
11
6
10
6
7
9
10
15
8
11
14
13
10
13
12
9
15
7
8
12
13
10
6
11
6
9
18
6
13
11
15
11
18
6
9
9
14
8
7
13
9
16
11
5
4
5
21
12
17
10
10
9
7
11
12
7
9
12
20
8
5
10
13
15
16
8
10
13
19
10
11
5
12
8
10
11
6
14
10
14
12
14
14
14
12
14
11
8
11
15
12
11
11
18
15
12
14
9
11
10
12
18
10
17
17
9
14
11
13
12
13
11
10
16
16
23
15
16
18
19
16
12
11
19
15
11
23
17
21
14
17
14
17
15
17
17
20
18
16
20
18
25
24
18
17
22
15
26
30
32
30
22
25
25
25
34
26
21
31
27
23
22
23
37
36
22
34
33
44
34
42
41
25
34
35
34
37
48
34
39
38
38
40
46
51
45
49
40
34
38
43
48
47
56
47
61
49
53
58
52
55
66
55
61
49
59
71
73
49
69
54
69
70
80
85
68
77
83
92
83
93
90
92
77
94
81
84
86
103
82
100
104
108
98
88
96
102
99
88
114
104
102
92
133
95
88
116
112
113
102
98
107
114
95
111
127
121
122
121
110
120
120
127
116
121
105
124
110
137
126
140
130
134
132
126
125
117
148
112
125
131
134
123
107
109
123
95
122
130
121
108
126
126
107
108
104
116
125
120
95
122
127
126
97
98
118
107
120
106
101
104
114
106
104
110
116
99
95
90
86
93
95
92
93
99
84
107
83
87
80
68
71
96
67
90
98
88
53
67
78
58
55
73
68
89
61
77
67
68
63
52
58
62
35
52
62
49
54
58
54
63
48
49
46
43
40
28
36
34
32
34
42
27
32
38
42
34
24
27
36
26
30
29
28
15
20
32
29
16
15
10
20
21
23
28
13
17
18
16
14
11
14
14
7
12
16
17
20
10
23
8
17
13
10
13
10
12
9
10
15
12
10
9
9
8
6
8
8
8
9
8
6
13
12
7
4
4
7
8
2
7
11
5
6
3
3
1
7
6
8
7
4
7
2
4
1
3
1
1
2
2
4
2
7
3
3
3
5
2
2
3
2
0
0
1
2
1
5
4
6
2
2
2
3
1
3
2
6
4
0
0
2
3
1
1
1
1
0
4
1
3
5
2
1
0
2
5
0
1
1
3
0
3
0
2
1
0
1
2
1
5
2
1
0
2
2
2
3
2
0
4
1
2
2
0
2
1
1
0
0
2
1
0
0
0
3
4
0
0
3
3
2
1
0
2
2
2
0
0
3
1
2
3
3
1
0
4
0
2
5
3
5
0
1
1
5
4
0
3
1
1
1
0
4
2
1
0
0
1
0
0
1
0
1
0
1
1
1
3
0
4
1
1
2
3
0
1
1
2
1
1
1
2
1
1
1
2
0
1
1
1
1
3
0
1
2
0
0
0
2
0
1
2
1
0
1
0
3
2
1
2
1
2
0
0
0
1
0
1
2
1
2
1
0
0
0
2
0
1
1
1
0
1
0
2
3
0
2
2
2
1
1
1
2
3
1
0
0
2
1
3
2
2
4
1
0
0
0
0
1
1
1
0
1
0
2
4
1
0
1
2
0
1
3
2
4
2
0
0
1
0
2
1
1
0
1
1
0
1
2
1
0
1
0
1
0
1
3
1
1
1
1
0
0
1
1
0
0
1
0
1
2
0
0
3
0
0
1
2
2
1
0
1
3
0
0
1
0
2
3
2
0
1
0
3
4
1
3
1
0
0
0
0
0
3
3
0
1
1
1
0
0
0
0
1
3
0
1
1
0
1
1
0
0
2
0
1
0
0
3
0
1
1
3
2
5
0
1
1
1
2
2
3
1
1
0
0
1
2
0
3
3
2
2
0
1
0
0
0
0
2
2
1
1
1
0
1
1
1
2
3
2
3
2
2
0
0
0
0
1
1
1
1
1
2
0
1
3
1
0
1
0
3
0
1
1
3
0
1
1
0
1
2
1
2
2
1
1
1
2
0
1
2
2
1
0
1
1
4
0
4
0
2
0
1
1
1
1
4
0
2
2
2
3
0
2
0
1
3
3
1
1
2
0
1
1
1
2
2
1
2
1
0
1
1
1
0
2
3
0
0
1
1
0
1
1
3
3
3
2
0
2
1
1
0
3
2
1
1
2
1
3
2
2
2
0
0
0
1
1
2
2
0
1
1
2
0
2
3
1
1
0
1
2
1
1
1
1
0
1
2
1
2
1
1
2
0
0
0
1
2
3
1
0
0
1
2
1
1
0
3
4
2
1
1
0
3
2
1
1
1
0
1
0
0
1
1
1
1
0
0
3
1
1
1
0
2
2
3
3
1
2
1
2
0
2
3
2
1
1
0
0
1
2
1
0
0
0
0
1
0
0
2
1
1
3
1
2
3
2
2
1
0
0
3
4
1
2
2
0
2
0
2
1
3
0
2
0
1
1
2
0
2
2
0
0
2
2
0
0
0
1
0
0
0
1
0
0
0
0
1
0
1
1
1
0
2
0
1
3
1
0
2
3
1
0
3
1
0
1
0
1
0
0
0
1
2
2
0
2
0
0
3
1
0
0
0
0
0
1
0
0
0
0
3
1
1
1
1
1
0
0
0
0
1
3
2
0
1
2
1
0
1
0
0
1
0
2
0
0
0
0
1
0
0
0
1
1
1
1
1
2
0
0
2
0
0
0
1
1
1
0
2
1
1
1
2
1
0
2
0
1
0
1
4
0
1
1
1
0
3
2
1
0
0
0
0
2
1
0
0
1
2
0
2
1
0
2
0
0
0
1
0
0
0
3
0
1
1
1
0
1
2
0
0
1
0
3
0
0
3
2
1
1
0
0
0
0
1
2
0
2
0
2
1
1
1
2
0
2
0
2
0
0
0
0
1
0
0
1
1
0
0
0
1
0
0
0
1
0
2
1
0
0
0
1
1
1
2
0
0
0
0
0
1
0
1
2
2
0
0
2
1
0
2
1
0
1
2
0
1
0
0
0
2
0
1
0
0
0
1
0
2
2
0
2
0
0
0
1
2
1
1
0
0
0
0
1
0
0
1
1
3
1
0
0
1
1
1
0
0
1
0
1
0
1
0
0
0
1
2
2
2
0
0
1
1
1
1
0
0
1
0
0
0
3
0
0
1
1
1
1
1
0
0
1
0
1
0
3
2
2
2
0
0
2
1
0
0
0
0
0
0
2
0
0
3
2
1
0
3
3
1
1
2
2
1
1
0
1
0
1
0
0
0
0
0
0
1
2
1
0
1
2
0
0
4
0
0
1
0
0
0
0
1
2
0
1
0
0
1
0
3
0
2
0
0
0
0
1
1
0
3
1
0
0
0
0
0
0
0
1
0
2
0
1
1
0
0
0
1
3
0
0
1
2
1
1
0
1
2
0
2
0
2
0
1
1
1
1
0
0
1
0
0
1
0
3
0
0
1
1
0
1
1
2
2
0
0
1
1
0
0
0
2
1
0
0
1
0
1
0
1
1
1
2
0
1
0
0
0
0
0
0
2
0
0
0
0
1
0
0
1
0
0
0
1
1
0
0
1
0
2
0
0
1
0
1
1
1
0
0
0
2
1
1
0
2
0
2
1
1
2
2
1
2
0
3
0
3
0
0
1
1
1
0
1
1
1
0
0
0
4
0
1
1
2
2
0
0
1
0
0
0
1
1
0
1
1
1
1
1
1
1
0
0
3
2
0
2
1
1
1
2
0
1
0
0
0
0
2
0
1
0
0
1
1
2
1
2
1
0
0
0
1
1
2
0
1
0
0
0
2
1
0
0
0
0
0
0
2
1
0
0
1
2
1
0
0
0
1
1
1
0
1
0
1
0
1
1
2
0
0
0
1
0
1
1
0
2
0
0
0
1
0
1
0
0
1
1
0
0
1
1
0
0
0
1
0
1
0
1
1
0
1
0
0
1
2
0
0
1
2
2
0
0
0
0
1
1
1
1
0
1
1
0
1
0
0
2
0
1
0
0
1
1
1
0
1
0
1
1
1
0
2
1
0
0
1
0
1
0
0
0
0
0
1
0
1
1
0
0
0
0
1
0
0
0
1
0
0
0
0
0
0
0
0
1
1
0
1
0
1
0
0
0
0
2
0
0
0
0
0
0
0
2
0
0
1
0
0
1
1
1
0
0
0
0
1
0
0
0
0
1
1
0
0
0
0
0
1
1
1
0
1
0
0
1
0
1
1
1
1
0
0
0
0
0
1
0
2
0
0
2
0
2
1
1
2
0
0
0
0
1
1
0
0
0
0
0
0
1
0
0
0
0
0
0
0
0
1
0
0
1
0
1
0
0
2
0
0
0
1
0
0
1
0
1
1
0
0
0
0
1
0
0
0
0
1
0
0
0
0
0
0
0
1
0
0
0
1
1
0
0
0
1
0
1
0
2
0
1
0
2
0
0
0
1
1
0
0
0
0
0
0
1
0
0
0
1
0
0
1
0
0
0
1
0
1
0
0
0
0
0
0
1
0
0
0
0
1
0
0
0
0
1
0
0
0
0
0
1
1
1
1
1
1
1
1
0
2
0
1
0
1
1
1
2
1
0
0
0
0
0
0
0
0
0
0
0
0
0
1
0
1
0
1
0
1
0
0
1
1
1
0
0
0
0
0
0
1
0
1
0
0
1
1
0
0
0
1
2
0
0
0
0
1
0
0
0
0
0
1
1
0
2
0
0
0
0
0
0
0
1
0
0
1
0
0
1
1
0
0
1
0
1
0
1
2
0
0
0
0
1
1
0
1
0
0
0
0
1
0
1
1
0
1
1
0
0
0
0
0
1
0
0
0
2
0
2
1
0
0
0
2
0
1
0
0
1
0
1
0
0
0
0
0
0
0
0
0
1
0
0
0
1
1
1
1
2
3
0
0
0
0
1
1
1
1
1
1
1
0
1
0
3
1
0
1
1
1
0
0
0
1
1
0
0
0
0
1
0
0
0
2
0
2
1
1
0
0
1
0
2
0
0
2
2
1
0
0
2
1
0
1
0
1
1
1
0
1
1
0
0
0
0
0
1
0
1
0
0
1
0
1
3
1
1
0
1
0
1
1
0
1
2
1
2
0
0
0
0
1
0
0
0
1
0
0
0
2
1
3
1
0
1
1
0
0
1
0
0
2
1
2
0
0
1
2
2
0
0
1
0
2
0
0
0
0
1
1
0
1
0
0
1
0
0
2
2
0
1
0
1
1
0
2
1
0
0
0
0
0
1
0
0
1
0
0
0
1
0
1
0
0
0
3
1
0
0
1
0
0
0
2
0
1
0
1
1
0
0
1
0
1
0
0
2
0
0
0
0
2
1
0
1
0
0
0
0
0
2
0
0
0
1
0
1
5
0
1
1
1
0
1
0
1
0
2
1
1
1
0
1
0
0
1
0
1
0
0
1
1
1
0
0
0
0
0
1
0
1
0
0
0
1
1
2
0
0
1
0
0
1
0
0
0
0
0
0
1
0
0
0
0
0
2
0
0
0
0
1
0
0
0
0
0
0
2
0
1
1
1
0
0
1
1
0
0
0
1
1
0
0
0
1
0
1
0
0
0
0
0
0
0
0
0
0
1
0
1
0
0
1
0
0
0
0
1
0
0
1
0
0
1
0
0
0
0
0
0
0
1
2
0
0
0
0
0
0
1
0
0
0
1
0
0
0
0
0
0
1
1
0
0
1
0
0
1
0
1
0
0
0
0
0
1
1
0
0
0
0
0
1
0
0
0
0
0
0
0
0
0
0
0
0
0
1
0
0
0
0
0
1
1
0
0
0
1
0
0
0
0
0
0
0
0
0
0
0
0
0
