0
0
0
0
0
0
0
0
0
0
0
0
0
0
0
0
0
0
0
0
0
0
0
0
0
0
0
0
0
0
0
0
0
0
0
0
0
0
0
0
0
0
0
0
0
0
0
0
0
0
0
0
0
0
0
0
0
0
0
0
0
0
0
0
0
0
0
0
0
0
0
0
0
0
0
0
0
0
0
0
0
0
0
0
0
0
0
0
0
0
0
0
0
0
0
0
0
0
0
0
0
0
0
0
0
0
0
0
0
0
0
0
0
0
0
0
0
0
0
0
0
0
0
0
0
0
0
2
1
1
0
0
0
2
0
0
1
0
1
0
0
0
0
0
1
0
1
0
1
1
2
3
3
2
3
1
0
3
3
5
4
3
3
2
5
3
6
3
16
3
18
11
8
11
16
19
21
16
32
23
30
33
33
34
43
39
52
37
59
58
72
63
82
72
79
79
89
87
78
83
93
82
86
90
85
102
89
83
100
81
88
93
82
87
87
95
95
78
83
80
84
66
92
81
82
96
96
74
103
81
88
93
86
89
76
97
86
74
102
80
77
79
82
80
86
82
86
108
99
86
80
86
94
77
69
89
83
83
83
95
83
69
91
80
91
99
84
98
86
100
94
99
88
87
107
97
99
111
107
87
103
100
90
107
102
95
99
106
115
108
117
101
89
92
112
104
110
104
98
111
86
120
120
112
112
104
119
108
129
94
116
114
103
105
103
104
115
120
105
115
85
111
114
110
124
106
119
102
107
117
121
107
97
118
96
90
89
91
79
91
95
107
98
90
98
118
106
109
92
101
78
82
103
93
96
106
101
109
90
89
93
87
88
92
90
94
86
114
94
90
89
95
82
90
68
95
90
95
88
87
88
84
88
73
78
91
89
72
84
79
91
81
78
80
87
78
83
77
99
95
86
68
84
83
83
75
79
79
78
101
69
88
77
90
80
71
79
83
85
66
83
88
64
72
76
91
92
78
66
84
81
80
82
79
71
79
75
77
78
74
80
72
73
62
89
80
73
80
81
87
80
82
68
87
83
76
78
64
73
82
81
86
74
89
83
82
76
68
72
81
72
75
61
66
70
80
76
73
85
71
71
95
69
75
78
66
90
79
74
62
85
76
74
80
73
71
78
79
66
78
81
75
76
74
79
68
100
81
71
86
72
60
80
79
73
105
63
79
88
83
65
75
73
83
67
72
64
76
78
67
59
65
80
79
76
71
69
64
62
64
60
77
62
73
65
65
66
71
74
57
73
59
68
55
65
80
58
67
81
69
71
59
69
70
59
78
61
67
75
65
63
67
72
58
71
80
65
66
70
49
81
62
66
57
66
61
56
61
62
65
48
56
72
62
58
64
44
61
60
51
50
42
66
52
57
57
54
60
33
63
62
58
66
59
54
46
44
66
46
55
52
56
61
54
59
44
55
51
60
66
52
53
42
47
62
45
39
50
41
52
65
51
49
57
57
46
44
44
56
57
48
41
58
61
53
63
50
47
49
52
57
49
46
50
38
48
47
45
42
43
49
42
44
46
46
52
41
35
54
50
46
52
35
46
54
46
47
40
36
41
46
38
45
50
36
39
54
47
42
32
47
49
38
45
39
41
43
39
42
46
44
50
40
40
47
44
37
37
44
41
33
42
33
30
38
24
38
38
34
37
36
45
43
40
46
41
35
45
39
40
35
44
37
39
33
37
28
49
28
43
36
41
36
31
34
35
28
41
31
46
36
33
36
29
38
29
32
38
32
37
33
47
29
35
42
55
44
35
39
40
26
22
39
29
20
34
39
26
30
41
28
33
35
28
26
28
35
34
27
30
35
23
32
38
34
29
41
31
30
33
20
33
31
34
31
40
40
31
24
30
35
39
47
39
30
37
25
23
31
28
44
32
31
30
21
27
21
28
28
28
33
27
27
31
19
28
30
27
32
39
33
34
37
29
26
25
24
31
23
40
21
23
22
37
34
35
39
23
37
28
23
20
36
23
41
33
33
30
27
30
29
44
27
29
24
33
34
26
21
29
28
26
30
18
22
30
39
25
29
32
28
21
30
28
24
16
30
32
34
27
33
23
26
31
30
22
22
23
34
28
23
33
22
33
16
34
31
25
22
21
21
34
20
24
24
26
38
28
34
29
30
25
21
25
31
29
21
29
20
21
33
35
21
31
32
34
23
28
22
25
16
22
30
30
18
31
32
27
20
23
17
19
25
26
37
26
26
25
22
32
33
13
25
24
30
21
21
30
22
25
30
18
24
25
25
25
22
29
21
19
20
28
29
26
24
35
25
32
20
31
27
31
22
23
23
31
30
24
29
26
23
27
26
28
20
18
22
18
25
31
21
25
30
27
24
19
17
19
31
25
26
19
28
23
21
27
24
19
31
27
13
27
25
24
28
17
21
23
28
20
30
20
24
26
22
23
25
13
29
13
23
32
20
18
27
21
28
23
17
14
20
22
20
26
29
20
30
14
23
17
24
15
21
19
24
24
17
20
25
25
25
27
25
16
23
17
22
25
23
23
23
23
12
22
17
25
25
19
22
18
18
27
13
11
23
15
17
17
22
24
16
17
23
34
21
16
18
24
28
25
16
22
20
18
25
14
23
16
20
27
19
22
27
23
19
23
31
21
15
20
24
20
29
30
19
21
18
19
28
29
22
20
21
19
23
19
16
22
28
13
22
21
22
22
23
24
23
17
19
26
21
28
19
24
23
17
25
21
18
21
23
15
25
25
20
21
21
24
17
20
25
19
23
24
19
22
16
14
24
18
18
21
19
19
26
18
22
19
20
22
15
18
14
18
20
22
30
18
15
18
19
17
11
15
20
8
14
18
17
15
22
15
18
13
25
16
29
14
15
11
11
20
18
17
19
13
17
17
32
17
28
14
12
19
19
16
14
16
12
17
15
10
19
21
14
16
15
14
9
10
18
23
12
17
14
16
10
19
18
27
12
20
13
14
14
13
14
19
17
7
19
9
13
12
16
12
9
15
18
11
10
18
10
10
9
8
13
8
17
12
10
14
18
11
14
18
12
11
8
10
12
19
11
11
14
13
13
7
13
8
10
8
8
12
14
14
12
11
14
7
11
10
8
8
9
7
14
8
15
14
4
13
12
7
4
17
8
7
5
10
5
8
8
12
7
12
9
10
13
10
8
5
17
6
12
8
6
11
11
11
9
10
11
7
8
14
9
14
9
6
6
9
6
6
11
9
8
12
8
5
11
12
8
12
13
6
8
5
6
9
12
7
13
5
9
5
5
10
5
9
9
8
5
8
7
5
4
10
6
4
11
5
4
9
16
7
7
8
9
7
11
10
8
8
10
8
11
8
6
8
9
8
6
8
4
9
5
4
5
8
8
13
8
8
3
7
7
13
6
5
8
10
3
7
7
5
3
12
7
12
3
6
6
7
5
4
8
6
4
13
13
8
6
9
10
3
10
12
2
2
9
16
5
4
11
8
12
5
8
5
7
9
6
7
6
5
9
7
7
6
4
9
8
6
11
1
6
8
7
7
3
8
7
3
3
4
6
12
7
9
9
4
5
6
5
7
6
5
9
4
8
6
6
4
5
4
6
7
11
5
11
7
6
9
6
13
12
10
3
9
8
7
4
6
9
17
13
5
6
8
9
10
9
5
6
6
11
5
8
4
14
10
9
7
10
9
4
8
15
12
6
6
6
13
7
7
10
10
9
4
8
7
11
14
4
12
11
13
7
10
7
13
14
11
6
8
14
11
16
13
13
10
11
11
12
12
9
8
15
13
16
14
6
11
11
13
11
19
15
14
11
8
16
13
17
9
11
20
12
10
15
19
18
14
17
18
13
14
28
18
17
22
25
14
16
24
25
30
19
20
27
27
28
32
22
44
22
20
27
34
28
25
30
36
28
28
42
29
42
29
34
31
35
28
36
36
37
41
35
38
39
40
46
40
30
38
52
62
44
50
41
46
38
43
44
53
54
60
56
51
52
55
66
61
63
60
71
64
53
61
54
60
77
78
57
89
57
50
60
83
77
66
54
84
78
66
79
59
87
73
57
84
86
65
70
82
80
81
68
71
83
74
86
75
80
79
83
77
76
94
95
91
69
77
89
100
86
76
71
75
79
74
72
76
103
66
93
75
84
73
91
67
64
73
83
72
76
77
69
75
83
58
69
68
74
69
60
90
73
56
78
86
72
77
66
62
65
75
53
53
57
55
71
57
56
59
44
50
44
61
34
41
63
47
53
52
44
39
35
44
53
50
49
35
36
43
38
43
40
41
37
33
42
27
36
31
31
33
34
34
33
21
29
27
29
33
27
19
28
25
26
18
21
20
19
17
24
19
22
21
14
12
18
14
18
15
11
17
13
9
13
18
14
14
11
12
10
10
10
11
10
8
12
7
12
15
15
13
10
8
6
6
6
7
4
6
9
11
7
5
5
5
6
3
2
7
0
9
12
6
4
2
6
5
3
4
7
3
5
5
4
5
5
5
4
4
1
3
2
3
4
3
7
1
2
3
2
4
1
1
3
1
1
0
1
2
2
1
2
1
1
3
5
5
3
5
2
1
6
0
3
1
1
2
4
2
2
2
1
0
5
2
1
3
1
1
2
1
5
1
3
0
1
1
2
0
3
4
0
2
2
2
2
2
2
3
3
3
1
2
1
3
2
0
1
2
1
3
0
1
1
0
1
4
1
2
3
2
1
2
2
1
1
1
0
0
2
2
4
1
3
1
1
1
2
2
1
2
3
2
5
1
1
3
0
0
0
1
1
1
1
0
0
3
1
1
1
0
3
2
1
2
2
0
1
1
2
2
1
4
1
2
1
0
1
2
1
2
2
1
2
2
1
0
4
1
0
1
2
1
0
2
0
4
2
1
2
1
0
2
5
3
0
1
0
0
0
1
0
2
2
0
0
0
1
0
3
1
3
1
0
2
0
2
3
2
0
1
1
0
1
0
4
1
1
1
3
1
2
1
1
0
3
0
3
1
3
2
0
1
2
2
1
2
1
1
2
0
2
1
0
1
1
0
1
1
2
1
1
0
0
1
0
0
0
0
2
1
1
1
0
2
1
2
1
0
1
1
0
1
4
0
1
2
0
0
1
1
1
0
1
1
1
1
2
3
4
3
3
1
1
0
0
0
3
1
0
2
2
1
4
0
0
1
0
1
0
0
1
2
1
0
1
1
3
2
0
0
2
0
1
0
2
1
1
1
1
1
1
0
0
1
2
1
1
0
2
0
0
1
0
0
0
0
1
1
1
1
0
1
3
1
1
1
4
1
0
0
0
1
1
1
1
4
1
2
1
1
0
2
1
1
0
1
2
0
2
4
0
0
0
0
1
0
0
1
1
1
1
1
0
1
2
4
1
1
0
2
2
2
1
2
0
1
0
1
2
0
0
2
4
0
2
0
1
2
1
2
0
2
2
1
0
3
1
1
0
1
0
1
5
2
1
0
2
1
1
1
1
0
1
1
1
0
3
2
0
0
1
2
0
0
1
0
2
0
0
0
3
2
3
0
3
0
1
1
0
0
2
0
3
0
1
0
1
1
1
0
0
0
2
2
3
1
5
4
3
0
0
1
0
1
1
0
2
0
2
0
0
0
1
2
0
0
2
1
3
2
2
3
2
1
2
2
2
1
0
0
0
1
1
1
0
1
2
0
1
2
4
1
2
0
3
1
1
1
0
0
0
1
0
1
2
2
0
1
1
1
1
2
1
0
2
2
0
0
1
1
1
0
2
0
1
2
0
0
1
1
1
1
0
2
0
2
1
0
1
1
2
1
1
2
0
1
0
1
2
0
2
0
1
2
0
1
1
0
1
0
1
2
2
1
2
1
1
4
2
0
2
1
2
2
0
1
1
1
1
0
2
0
0
1
1
4
1
1
2
1
1
2
0
0
0
0
2
0
1
0
1
1
1
1
1
1
0
1
0
0
1
1
1
1
1
1
0
1
2
0
2
0
0
1
2
2
1
2
1
3
1
0
2
2
2
0
0
0
1
0
1
0
1
0
3
2
4
1
1
0
1
0
0
0
1
0
0
0
0
2
0
1
0
0
2
0
3
1
1
1
1
4
1
0
2
2
2
0
1
0
0
2
1
0
0
1
0
0
1
1
2
1
1
0
2
1
1
1
0
0
0
1
0
1
0
0
1
0
0
1
2
0
0
0
1
2
1
1
1
3
2
0
0
0
1
1
0
0
3
0
0
1
1
1
1
0
0
0
0
0
1
0
1
1
0
1
3
1
1
1
0
0
1
1
0
1
0
2
0
2
0
1
0
0
0
0
0
0
0
1
1
0
0
0
1
1
2
1
3
2
1
0
1
0
0
0
0
0
2
0
1
0
0
0
0
0
1
3
1
0
1
1
0
0
0
2
1
0
1
2
0
3
2
0
0
1
0
0
0
2
0
2
1
2
0
1
0
1
0
0
1
0
1
1
2
2
0
0
3
1
0
1
1
1
2
0
0
0
0
1
0
0
1
1
1
2
2
1
0
1
0
1
1
1
1
1
0
0
1
0
0
3
0
1
1
0
1
0
0
0
0
3
1
0
0
1
0
0
3
0
1
1
0
1
1
0
1
0
1
0
0
2
1
1
0
0
3
0
1
3
2
0
2
1
1
0
2
0
0
0
2
0
1
4
0
1
0
0
1
1
0
1
2
1
4
2
0
1
1
1
1
1
0
0
1
0
1
0
0
0
0
0
1
0
0
0
2
0
0
1
0
0
1
0
3
3
0
1
0
3
2
1
0
0
1
1
1
1
0
2
1
2
0
1
0
2
0
0
1
1
1
1
1
1
1
0
0
2
0
1
0
1
0
0
0
0
0
1
1
0
0
1
3
0
0
0
0
0
3
0
0
1
0
1
1
1
0
1
3
1
0
0
0
0
0
0
0
0
0
0
0
0
0
1
0
0
2
1
0
0
1
0
1
0
1
0
1
1
0
1
0
0
0
1
0
0
0
0
0
0
1
0
1
0
1
0
0
0
0
1
0
0
0
0
0
2
0
0
2
1
0
1
0
1
0
2
0
0
0
1
0
0
2
1
0
1
1
0
1
0
0
0
0
1
0
0
0
2
2
0
0
0
1
0
1
0
1
1
0
1
0
0
0
1
1
2
0
2
1
0
1
2
0
1
1
1
1
0
1
1
0
1
1
1
0
0
2
0
1
2
3
1
1
0
0
0
2
1
1
1
0
0
2
0
0
1
0
0
0
2
0
3
0
0
0
0
0
0
0
1
3
0
1
0
0
0
0
0
1
0
1
0
3
0
0
0
0
0
1
1
0
0
0
0
1
0
1
3
0
0
1
0
0
0
1
0
0
0
0
0
0
0
1
0
0
1
1
0
0
1
0
0
1
0
0
0
1
1
2
1
0
0
0
2
0
0
0
0
1
0
3
0
0
1
1
1
0
0
1
0
1
1
0
1
2
0
1
0
0
1
0
0
0
1
0
0
1
0
0
0
1
0
0
0
2
1
0
1
2
1
0
2
1
1
1
0
0
1
0
1
0
0
1
1
0
2
1
0
0
0
0
0
1
0
0
0
0
0
0
0
1
0
0
0
1
0
0
0
0
1
0
1
0
0
0
1
0
0
0
1
1
0
1
0
0
0
0
3
0
0
0
0
0
0
1
0
1
1
0
0
0
0
1
0
0
1
1
0
2
0
0
0
0
0
1
0
1
0
0
0
0
0
1
0
0
0
0
0
0
0
0
0
0
0
0
0
0
0
1
1
0
0
0
0
1
0
0
1
1
1
0
1
1
0
1
1
0
0
0
0
1
0
0
0
0
0
1
1
0
2
0
0
1
0
1
1
0
0
0
2
0
0
0
1
1
0
0
0
0
0
0
0
0
1
0
0
1
1
0
0
1
0
1
0
1
1
1
0
1
0
1
0
0
0
0
1
0
1
1
0
0
0
0
2
0
0
0
0
0
0
0
0
0
0
0
1
0
0
0
0
0
0
0
0
0
1
0
1
0
1
0
1
1
0
1
0
0
0
1
0
0
1
0
0
1
0
0
0
0
0
1
0
0
0
0
0
1
0
0
0
0
1
0
1
2
0
0
0
1
0
0
0
0
0
0
1
0
0
0
0
0
0
1
0
1
0
0
0
1
0
0
0
0
1
0
1
0
0
0
1
0
0
1
0
0
0
1
1
1
0
0
1
1
1
1
0
2
3
1
2
0
0
0
1
0
1
0
0
0
0
2
1
0
1
1
0
1
1
0
1
0
0
0
1
0
0
0
0
0
1
0
0
0
0
0
0
0
0
1
0
3
0
1
1
2
0
0
0
0
1
2
0
1
1
0
1
0
1
0
0
0
1
1
1
0
1
1
2
0
0
0
1
2
0
1
0
0
1
1
1
1
0
2
1
1
0
2
1
1
1
3
1
0
0
0
0
1
0
0
0
1
2
2
1
0
0
1
1
1
1
1
2
1
0
0
0
1
0
2
0
0
2
0
0
1
0
1
1
3
2
1
1
0
2
2
0
0
0
1
0
0
0
0
1
1
1
0
2
1
1
1
0
0
0
1
0
0
0
1
1
1
1
0
1
0
1
0
0
1
1
0
0
0
2
0
0
0
1
1
2
0
2
1
1
1
1
1
0
3
1
0
0
2
2
0
1
2
0
0
1
0
0
0
0
3
0
0
1
1
1
1
1
2
0
4
0
0
1
0
1
0
0
0
1
1
0
0
0
1
3
2
1
0
1
0
1
0
1
0
2
1
0
1
0
0
0
1
0
0
1
0
1
0
1
0
1
2
1
1
1
0
0
0
0
1
0
0
1
0
1
0
1
2
1
0
0
1
0
0
1
1
0
0
1
0
1
1
0
0
1
0
0
0
0
2
0
0
0
0
0
0
0
0
0
1
0
0
0
0
1
0
0
0
1
0
0
0
0
0
0
0
1
0
0
0
1
1
0
0
1
0
1
0
0
0
0
1
1
0
0
1
0
0
1
0
0
0
0
0
0
0
0
0
1
1
0
1
1
0
0
2
0
1
0
0
0
2
0
1
0
0
0
0
0
0
0
0
0
0
1
0
0
0
1
0
0
0
1
0
0
0
0
1
1
1
0
0
2
0
0
0
1
0
0
0
0
0
0
0
0
1
0
0
0
2
0
1
0
1
0
0
0
0
1
0
0
1
0
1
0
0
0
1
0
0
1
0
1
0
0
1
0
0
1
0
1
0
0
0
1
0
0
0
1
0
1
1
0
0
0
0
0
0
0
1
0
0
0
0
0
0
1
0
0
1
0
0
0
