0
0
0
0
0
0
0
0
0
0
0
0
0
0
0
0
0
0
0
0
0
0
0
0
0
0
0
0
0
0
0
0
0
0
0
0
0
0
0
0
0
0
0
0
0
0
0
0
0
0
0
0
0
0
0
0
0
0
0
0
0
0
0
0
0
0
0
0
0
0
0
0
0
0
0
0
0
0
0
0
0
0
0
0
0
0
0
0
0
0
0
0
0
0
0
0
0
0
0
0
0
0
0
0
0
0
0
0
0
0
0
0
0
0
0
0
0
0
0
0
0
0
0
0
0
0
0
0
0
0
0
0
0
0
0
1
0
1
0
0
0
0
0
0
1
1
1
1
0
0
3
1
2
0
0
5
0
3
2
1
8
3
3
11
6
6
9
4
5
16
8
14
12
14
15
19
22
23
23
20
33
27
32
40
52
43
42
39
68
62
66
63
49
72
74
74
68
85
87
76
88
88
90
85
86
91
85
103
75
84
96
76
95
69
86
101
89
99
86
89
103
84
77
73
79
80
100
92
79
68
91
88
80
85
64
90
85
84
98
80
89
77
104
84
81
74
75
100
82
85
91
82
87
83
105
62
78
92
76
86
97
89
97
80
89
86
92
86
89
100
73
80
107
93
95
103
102
96
113
86
99
98
93
86
90
108
89
103
100
109
104
115
101
116
109
110
134
114
106
108
91
107
106
102
105
108
123
121
118
119
130
96
110
113
115
101
120
100
95
107
97
107
106
105
102
100
103
104
101
109
102
92
94
102
96
90
102
122
99
81
94
110
112
80
91
97
112
94
85
82
87
100
90
101
79
95
103
97
90
85
94
98
85
97
85
86
90
80
80
92
84
94
86
84
77
87
93
103
87
99
77
92
97
95
98
93
95
84
81
81
93
78
95
93
81
88
71
77
98
85
83
90
74
86
82
79
77
83
96
85
74
69
69
86
91
81
105
76
69
72
82
81
97
89
67
92
85
81
88
81
96
72
84
81
72
72
81
81
88
72
80
85
104
74
82
79
83
76
71
84
86
89
58
83
74
76
70
96
82
80
69
75
86
76
85
63
75
93
64
107
75
77
74
76
65
81
93
86
70
78
82
80
90
62
79
71
79
73
77
74
87
81
70
66
77
75
85
75
80
65
94
79
92
53
80
90
78
71
75
72
72
89
77
83
72
74
70
79
87
69
72
70
79
72
66
76
73
72
79
72
74
69
59
91
66
61
60
72
61
68
73
77
53
77
67
65
75
66
69
64
82
71
72
67
65
83
91
73
74
82
75
67
70
64
79
67
55
51
72
78
79
72
60
68
65
75
58
70
72
66
73
52
59
68
53
58
61
54
48
60
46
61
55
47
68
61
54
64
56
59
58
69
79
58
57
62
73
60
65
54
74
63
61
56
49
57
61
60
61
44
58
55
51
47
54
56
53
53
52
64
54
62
51
58
56
60
51
49
51
65
43
51
59
64
58
52
50
53
41
49
56
36
50
64
39
47
51
40
36
63
55
49
41
47
35
47
41
41
40
45
49
55
43
44
36
44
43
47
39
42
48
43
56
43
39
59
43
37
39
44
42
20
36
28
33
38
37
41
39
35
43
41
36
36
37
42
36
44
41
42
39
33
45
45
46
37
48
37
46
47
43
39
34
35
34
43
38
40
36
44
42
28
33
37
33
36
39
40
32
38
53
27
40
38
35
31
36
31
34
33
36
29
45
46
34
28
28
28
38
33
29
38
33
30
29
43
28
33
32
40
42
32
35
35
44
30
35
33
32
28
40
40
37
29
31
28
32
37
31
26
36
42
28
24
31
35
40
28
35
26
37
25
44
37
42
32
33
27
28
30
30
23
26
27
27
36
31
36
35
40
37
32
22
29
30
33
28
38
30
39
35
37
19
39
29
26
25
29
27
40
29
34
36
30
31
26
26
35
30
28
28
33
22
34
31
40
27
34
29
32
25
26
30
29
22
29
30
23
26
21
29
29
31
23
31
32
22
38
20
27
27
22
32
30
30
27
32
36
23
28
29
26
29
22
30
25
24
24
21
29
22
37
26
26
26
19
26
28
27
32
30
25
27
34
22
23
27
25
31
26
30
25
40
30
40
21
28
31
24
16
29
34
28
34
26
28
27
15
28
29
35
22
35
19
23
41
25
46
22
28
25
20
25
32
26
24
20
23
33
32
25
27
25
26
26
22
25
22
26
24
18
35
25
29
26
23
25
26
25
32
22
34
20
20
26
31
28
33
27
23
29
21
23
20
28
24
33
13
23
30
25
18
19
28
16
33
30
29
16
31
23
26
28
29
32
20
19
18
32
24
20
26
27
27
27
26
29
30
25
17
19
16
24
32
28
29
26
31
25
29
26
20
18
25
25
25
21
28
26
27
19
21
21
22
18
20
21
23
21
29
26
29
18
31
23
26
21
18
23
25
27
31
27
19
22
6
15
22
22
14
29
34
25
22
21
28
24
21
17
21
24
16
22
26
24
29
25
22
20
32
31
24
20
28
26
24
23
24
16
19
23
24
20
23
25
20
23
25
21
32
26
21
18
30
26
27
27
20
26
23
23
23
25
20
26
25
17
26
21
18
28
22
21
24
26
24
15
26
30
26
15
26
23
22
26
28
20
23
12
22
24
28
24
17
19
17
21
32
24
20
26
17
19
23
22
23
21
15
28
25
19
24
23
24
16
22
22
18
22
24
24
18
14
27
17
19
22
23
25
20
21
17
22
19
30
20
17
27
9
27
22
26
16
20
15
17
11
21
21
23
24
17
28
17
20
14
10
14
13
25
17
18
24
24
24
23
16
24
14
21
15
16
20
22
11
15
27
15
19
17
18
17
23
16
21
25
15
24
14
16
18
14
14
17
17
17
14
17
15
11
11
21
16
15
16
17
17
15
18
9
13
17
16
18
13
14
13
18
16
20
8
16
13
17
17
13
13
13
14
17
17
15
16
11
8
13
15
18
11
17
10
21
17
15
15
12
11
14
20
20
12
14
12
8
17
16
14
10
4
12
18
14
17
12
9
7
12
23
13
9
10
10
16
11
7
9
13
14
15
11
8
9
20
15
10
12
10
18
9
7
14
13
11
13
6
12
10
12
11
7
8
10
15
10
13
13
11
14
12
5
8
6
11
8
6
4
4
7
10
17
8
10
7
4
8
7
11
18
7
9
9
14
10
5
14
13
8
6
8
13
7
10
11
16
15
9
14
13
8
8
9
6
7
5
10
2
11
11
12
6
10
14
6
9
7
9
8
5
11
8
6
11
9
6
9
8
9
6
7
11
8
10
14
7
8
5
9
10
9
5
2
7
12
11
12
5
6
6
9
10
9
8
4
11
6
7
14
7
5
5
8
8
6
4
9
9
9
3
7
6
5
4
8
6
4
10
7
6
2
9
7
8
6
12
7
9
8
6
8
11
3
8
9
9
11
3
7
8
11
2
4
4
7
6
9
7
7
8
12
5
7
11
4
7
7
6
9
4
7
8
9
9
7
9
7
3
8
8
5
9
7
8
6
11
9
14
4
11
6
4
14
16
8
12
2
7
10
9
5
8
11
5
7
14
11
4
10
2
9
3
8
7
6
5
6
12
9
3
11
10
8
3
8
14
14
10
6
10
7
10
8
10
15
10
9
3
8
12
8
9
12
7
14
3
11
5
9
13
9
16
7
7
8
5
8
4
8
8
11
5
8
8
7
8
8
10
9
14
11
6
11
8
13
9
12
11
13
11
7
16
7
14
7
11
11
6
14
16
14
11
22
20
9
12
12
16
14
11
23
15
18
12
13
19
16
19
10
14
22
22
13
18
14
24
15
16
19
15
13
23
24
22
15
18
21
27
33
25
27
26
24
25
33
22
23
26
26
21
29
31
29
35
35
27
28
33
33
35
40
37
34
47
47
31
32
36
44
49
36
33
37
39
48
51
34
50
31
43
44
57
65
46
39
66
53
58
50
67
55
56
61
53
65
62
58
49
70
66
53
64
60
68
69
69
60
67
80
72
65
66
80
76
51
86
82
77
80
63
83
80
84
58
70
79
74
80
65
100
90
76
91
71
73
77
74
70
99
75
68
80
76
84
77
72
92
82
77
73
74
101
76
72
82
76
81
82
92
77
92
87
74
76
75
77
69
84
69
85
59
69
71
61
73
75
87
78
76
63
61
70
54
69
78
67
47
73
70
71
50
67
66
60
45
64
56
52
65
51
55
48
61
67
43
61
54
57
49
38
32
45
43
37
29
43
58
42
45
50
33
31
34
37
30
40
37
31
22
36
30
17
35
29
37
32
25
27
32
20
29
13
27
31
20
21
18
24
21
17
24
21
12
19
17
7
20
18
17
13
10
25
21
18
15
8
9
12
16
11
9
10
15
6
6
9
10
12
9
8
6
4
9
7
5
6
12
10
6
7
5
8
8
3
5
3
6
8
3
4
4
7
5
1
4
1
7
2
0
7
4
4
1
3
5
7
6
6
4
5
1
2
6
3
3
2
2
6
3
1
0
2
1
2
1
3
4
1
4
5
2
2
0
3
9
1
4
2
1
3
4
2
1
3
0
4
5
0
1
1
2
1
0
3
7
1
3
2
1
1
3
1
1
3
1
4
2
1
1
1
1
2
2
2
0
2
0
0
1
4
1
3
0
7
2
2
3
3
2
1
1
2
1
3
0
2
1
2
1
1
0
1
1
1
1
2
2
0
1
0
3
2
4
1
3
1
2
1
3
1
1
0
0
1
0
0
1
1
0
0
0
1
0
1
2
3
1
0
2
1
0
2
4
1
2
1
3
0
1
2
2
1
1
1
2
2
1
4
3
0
3
1
2
1
2
2
2
1
2
0
0
1
0
3
0
0
0
1
1
2
3
2
0
1
3
1
1
3
0
1
1
0
0
3
0
0
2
1
0
0
0
3
1
0
1
0
0
2
1
4
1
0
0
2
1
1
0
1
1
0
0
2
1
1
1
1
6
0
2
2
1
2
1
2
4
1
3
3
1
0
0
2
2
1
0
0
3
1
1
1
1
1
0
1
1
0
1
4
2
0
1
1
0
2
1
1
1
1
2
0
1
0
2
3
2
0
0
1
2
1
2
2
1
0
2
0
0
3
1
2
2
1
1
1
2
2
0
2
1
0
0
0
2
0
2
0
2
0
0
0
0
0
1
0
2
1
3
4
1
2
1
0
4
0
0
2
0
3
0
0
1
2
0
4
1
2
2
2
1
0
0
0
1
0
1
2
2
1
2
3
0
1
0
1
1
1
3
3
1
0
0
1
2
1
0
2
3
2
1
1
0
0
2
2
1
2
0
0
1
0
0
3
3
1
0
0
4
1
0
0
1
2
2
2
1
0
1
1
4
2
1
0
2
4
3
2
0
0
0
3
0
1
0
5
1
2
1
5
2
1
1
2
0
1
3
0
1
1
2
1
0
2
1
1
0
1
0
3
0
1
0
1
1
0
0
4
0
0
2
1
1
1
0
1
2
3
3
1
0
0
2
3
0
1
1
0
2
3
2
1
1
1
1
1
1
1
0
1
2
3
0
0
1
4
2
1
0
0
0
0
1
1
2
2
0
0
0
0
3
1
0
0
2
0
1
2
1
0
0
2
2
3
3
1
1
2
0
2
3
1
3
1
1
2
0
0
2
0
2
1
1
0
0
1
1
1
1
2
4
1
1
1
0
1
2
3
2
2
0
2
3
0
0
2
0
0
0
1
1
0
1
0
3
0
0
0
0
3
0
3
0
2
1
1
2
3
1
0
1
0
1
1
1
1
1
0
2
2
1
0
1
1
4
1
1
1
2
2
2
1
1
2
0
1
0
1
0
2
0
1
2
0
1
1
2
1
0
1
1
0
0
2
0
0
3
0
2
0
0
0
0
1
0
0
3
2
0
1
0
0
1
1
2
1
1
0
0
2
1
1
0
2
2
0
0
2
0
0
0
1
2
0
1
0
0
0
1
0
0
1
3
1
0
0
1
1
1
0
0
1
1
1
5
0
1
1
2
1
2
2
2
2
1
0
0
1
0
2
2
0
0
1
1
1
0
0
0
0
0
0
0
3
1
1
1
1
0
1
0
1
0
1
0
1
0
0
1
0
1
3
0
1
1
1
0
0
0
0
3
1
0
1
0
1
0
0
2
0
1
0
2
0
0
1
1
2
1
0
1
1
0
0
1
1
3
1
0
0
1
0
1
2
0
0
0
0
0
0
0
1
0
1
0
2
0
0
0
1
1
1
0
1
1
1
2
0
2
1
0
0
2
1
2
0
1
0
0
0
1
0
2
1
0
0
3
0
1
1
2
2
1
0
0
1
1
0
0
3
0
1
2
1
0
0
1
2
0
0
0
0
1
1
0
1
0
1
1
0
3
2
0
1
1
2
0
1
1
1
1
0
0
1
0
1
0
0
0
0
1
2
0
0
0
0
0
1
0
0
2
2
0
0
0
0
1
1
0
0
0
1
0
1
1
2
0
0
4
0
0
0
1
0
0
1
0
1
1
0
2
0
2
3
0
0
1
0
1
0
0
0
1
2
2
0
0
0
1
1
0
1
1
2
1
0
0
0
2
0
1
2
0
2
1
2
2
1
1
0
2
1
2
1
0
0
1
1
0
1
0
0
0
0
1
0
0
0
1
0
0
0
1
2
1
1
0
1
1
0
1
0
2
0
2
1
0
1
1
1
1
1
0
0
1
1
2
1
0
0
0
1
1
0
0
2
0
0
0
0
2
1
0
2
1
1
1
0
1
2
0
1
0
1
2
2
1
1
1
0
2
1
0
1
0
1
0
1
0
2
0
2
1
0
1
0
0
1
0
0
0
1
1
0
0
1
1
1
1
1
1
2
0
0
1
1
0
1
1
2
0
0
1
1
2
0
0
1
0
1
3
0
0
0
0
1
0
0
0
0
0
1
0
0
1
0
0
2
1
0
1
0
1
2
1
0
0
0
1
0
1
1
0
0
0
1
2
0
0
0
1
3
0
0
0
0
0
0
1
0
0
1
0
0
0
0
0
0
1
2
1
1
0
0
0
0
0
0
0
1
0
0
2
0
0
0
0
0
0
1
1
0
0
0
0
0
0
0
0
2
1
0
1
2
0
2
0
0
1
2
0
2
1
0
0
0
0
0
0
1
2
1
0
0
0
0
0
0
0
0
0
1
0
0
0
0
0
1
0
1
0
1
0
0
0
1
1
0
0
0
0
1
0
0
0
0
2
0
1
0
1
0
0
0
0
0
2
0
1
1
1
1
0
2
1
0
0
0
1
0
0
2
2
1
0
0
0
1
0
2
2
0
0
0
1
0
0
0
0
1
1
0
0
0
2
0
0
0
1
2
1
1
1
0
0
1
0
1
0
1
0
1
0
1
0
1
0
0
1
1
0
1
0
1
0
1
1
1
1
1
1
0
1
0
0
1
0
1
1
0
0
1
1
1
0
0
2
0
0
0
2
0
1
0
1
0
0
2
0
0
0
0
0
0
0
0
0
0
0
1
1
0
0
1
1
0
0
1
0
0
0
0
1
0
0
0
0
0
0
2
0
1
0
1
2
0
0
1
1
1
0
0
1
1
0
0
1
0
0
1
1
1
1
0
0
0
0
0
1
2
1
1
0
1
0
0
0
1
0
0
0
1
0
0
0
0
1
2
0
0
1
1
0
0
0
0
0
0
0
1
0
0
0
0
1
0
0
0
0
1
0
0
1
1
0
1
1
2
1
3
1
0
0
0
1
0
0
0
0
0
2
0
0
1
0
0
0
2
2
0
2
0
0
0
0
2
0
0
0
1
3
0
1
1
0
0
0
0
1
0
0
1
0
0
0
0
0
0
0
0
1
0
1
2
1
0
0
0
0
0
0
0
0
0
0
0
1
0
0
0
1
1
0
0
0
0
0
0
0
1
1
0
0
0
2
0
1
1
1
0
0
0
0
0
2
0
0
0
0
0
1
0
0
0
0
0
0
0
1
0
1
0
2
0
1
0
0
0
0
1
0
1
0
0
0
0
1
0
0
0
0
2
0
0
0
0
1
1
1
0
0
0
0
1
0
0
0
0
0
0
0
0
0
0
0
0
0
0
1
0
0
0
0
1
0
1
0
1
0
0
1
0
0
0
0
0
1
0
0
1
0
0
1
0
0
1
0
1
0
2
0
0
1
0
0
1
1
0
1
0
0
0
1
1
0
0
0
0
0
0
0
0
1
0
0
0
0
1
0
0
2
0
0
0
0
1
0
1
0
0
0
0
0
0
1
1
2
0
1
0
0
2
1
1
2
0
0
0
1
0
2
1
0
2
1
0
0
0
1
1
1
1
1
1
1
0
1
0
1
1
0
0
1
0
0
0
0
2
1
0
0
2
0
0
0
2
0
0
1
1
2
1
2
2
1
1
0
0
0
0
0
1
0
1
0
0
1
1
0
0
1
0
1
0
1
0
2
0
2
0
0
0
0
1
0
1
1
0
1
0
1
2
3
0
1
1
0
0
3
0
2
2
0
0
2
0
0
1
0
0
1
1
1
0
2
1
1
1
0
0
0
0
0
0
0
2
2
1
0
1
0
0
0
1
1
2
0
1
1
1
0
2
0
1
4
1
0
1
0
0
0
0
1
1
4
0
0
2
1
0
2
1
1
1
2
2
1
1
0
1
1
0
0
2
0
1
1
1
1
0
1
2
1
0
0
3
0
0
2
3
0
3
1
2
1
0
1
1
1
0
0
1
0
0
0
0
0
0
0
0
0
2
0
0
1
1
0
0
0
1
1
0
0
0
0
0
0
0
1
0
2
0
0
0
0
0
1
1
1
0
1
0
0
0
1
0
0
4
1
0
0
1
2
0
1
0
0
0
0
1
0
1
0
1
0
0
0
0
0
0
0
0
0
2
1
0
0
0
0
0
1
1
0
1
0
1
1
1
1
0
0
1
0
0
1
0
0
0
1
0
0
0
0
1
1
0
0
0
0
0
0
1
0
0
0
0
0
0
1
1
0
0
0
0
0
1
0
0
3
1
0
0
0
0
0
0
1
0
0
0
1
1
1
0
0
0
0
0
0
0
0
0
1
0
0
0
0
0
0
0
0
0
0
0
0
0
1
0
0
0
0
1
0
0
0
0
1
0
0
1
0
0
0
0
0
0
1
0
0
0
0
0
1
0
0
0
0
0
0
0
1
0
0
1
0
0
1
0
0
0
2
0
0
0
0
0
0
0
0
0
0
2
0
0
0
0
0
0
0
0
1
0
0
0
0
0
0
0
1
0
