0
0
0
0
0
0
0
0
0
0
0
0
0
0
0
0
0
0
0
0
0
0
0
0
0
0
0
0
0
0
0
0
0
0
0
0
0
0
0
0
0
0
0
0
0
0
0
0
0
0
0
0
0
0
0
0
0
0
0
0
0
0
0
0
0
0
0
0
0
0
0
0
0
0
0
0
0
0
0
0
0
0
0
0
0
0
0
0
0
0
0
0
0
0
0
0
0
0
0
0
0
0
0
0
0
0
0
0
0
0
0
0
0
0
0
0
0
0
0
0
0
0
0
0
0
1
0
0
0
0
0
0
1
1
0
0
0
1
0
0
1
1
0
0
1
1
0
1
1
2
0
2
2
1
2
3
3
2
2
4
3
6
3
3
2
6
6
4
4
11
13
13
9
11
8
11
18
25
18
33
21
25
23
24
34
35
36
30
51
43
51
57
53
61
58
75
73
77
52
92
87
85
85
100
87
91
86
77
73
90
75
83
88
91
86
90
86
101
84
66
71
69
93
91
67
74
77
70
75
92
73
80
67
75
78
77
89
85
78
75
83
71
65
79
73
88
73
76
76
73
80
63
76
86
65
77
73
83
84
87
81
74
84
66
75
65
89
86
67
84
84
76
68
68
72
77
76
94
96
93
88
91
76
93
90
105
93
86
97
69
96
96
107
93
70
113
83
83
83
87
101
76
91
123
77
105
102
104
94
105
98
103
101
89
91
102
103
99
91
100
88
110
97
88
107
99
96
94
89
103
109
100
95
99
77
86
78
75
105
94
98
90
88
93
91
98
86
63
80
78
83
72
88
69
69
91
70
92
90
78
87
76
85
72
85
64
59
78
73
91
78
80
76
71
81
85
83
80
75
78
69
83
76
64
68
65
80
77
65
81
80
61
75
88
65
86
83
83
77
66
66
71
89
79
56
73
67
74
69
75
77
71
50
78
85
71
70
63
85
75
68
76
90
60
71
82
73
71
71
67
66
58
50
66
75
72
71
70
77
67
62
70
77
66
96
66
70
76
79
53
67
54
75
89
72
56
76
68
78
80
56
76
81
70
72
58
63
66
64
54
62
59
67
62
71
84
61
67
60
63
63
71
64
62
53
73
63
73
55
74
78
50
55
61
55
53
59
66
68
55
63
59
63
67
71
60
77
72
47
52
66
62
66
61
52
63
52
50
59
69
69
58
67
65
64
73
74
63
64
55
75
55
61
68
68
57
46
69
63
53
62
66
66
61
53
64
63
47
58
58
63
64
55
69
66
54
63
62
62
61
58
48
52
59
60
55
66
56
53
55
58
48
56
66
54
60
51
59
53
57
68
56
42
64
56
75
68
57
59
54
54
51
52
52
52
53
56
48
52
48
42
42
45
49
55
47
45
49
44
55
53
44
60
57
51
63
44
40
48
43
43
51
43
42
45
42
47
53
39
50
55
43
52
33
35
53
42
48
55
42
39
36
39
46
33
55
45
42
38
40
43
46
44
43
44
47
35
38
39
39
35
40
32
42
39
38
36
38
44
44
32
38
42
35
51
38
31
41
38
36
38
28
21
25
32
36
33
39
29
37
36
40
37
31
25
36
34
41
36
25
30
37
29
33
34
26
33
29
26
38
27
33
37
33
29
28
24
30
20
21
27
32
32
30
35
33
31
38
21
32
37
33
21
23
16
21
31
35
27
17
22
22
31
22
24
24
27
20
34
27
24
26
24
26
30
28
30
21
25
27
32
18
28
22
24
29
35
23
26
26
23
23
26
26
23
20
16
27
28
19
19
18
13
21
23
20
24
19
23
27
26
21
23
29
18
25
24
22
25
32
17
16
21
20
21
19
16
27
29
19
19
19
21
22
19
16
21
25
17
19
12
11
27
25
25
19
26
25
22
21
13
25
20
19
16
16
15
15
20
26
22
18
26
23
20
20
25
20
26
23
21
18
19
21
18
16
23
22
14
16
25
21
13
19
17
18
27
25
18
20
16
20
15
18
20
25
16
11
19
18
16
21
16
16
27
24
13
15
19
11
19
14
26
26
15
18
18
20
17
14
30
21
16
14
21
15
22
10
29
15
17
21
18
10
21
18
25
13
23
20
12
16
15
14
13
22
16
17
20
18
22
11
22
20
19
18
15
22
11
21
13
12
19
24
22
13
14
19
10
13
15
26
19
20
14
15
16
15
16
17
26
21
22
21
20
16
20
11
25
15
21
16
12
18
15
13
17
22
25
19
18
18
11
17
13
23
13
11
20
11
16
18
19
21
10
20
16
18
24
11
10
16
15
13
13
18
16
11
14
16
20
16
16
12
23
18
17
18
14
26
20
9
17
21
13
12
15
18
25
17
20
8
9
12
15
19
21
16
9
12
12
16
18
15
19
19
10
6
19
14
17
15
19
17
14
7
15
14
20
15
11
15
13
19
15
18
11
16
15
10
20
18
12
15
11
12
10
12
14
17
9
15
14
8
9
12
8
7
10
15
20
10
10
13
8
15
12
11
12
12
9
17
18
16
15
8
9
20
11
12
14
11
14
8
13
10
14
12
12
10
14
11
17
12
9
14
12
16
14
19
17
13
8
10
12
14
9
17
11
12
17
10
11
9
12
15
17
11
9
18
12
19
16
12
16
19
17
9
9
11
18
11
19
11
10
15
14
10
14
20
6
14
9
14
9
12
15
11
15
14
11
9
6
16
7
16
11
12
13
14
19
8
13
15
11
15
13
14
11
6
14
17
8
13
7
9
15
15
8
17
9
13
18
14
11
11
14
15
17
15
14
11
15
13
9
8
12
12
15
11
7
8
10
16
15
8
9
7
11
7
11
11
17
16
4
10
16
13
12
10
10
9
7
8
8
16
11
9
11
14
9
5
7
13
11
10
9
10
7
6
8
8
11
10
11
6
9
11
4
13
10
13
11
6
3
9
13
9
12
13
5
9
12
9
10
10
9
9
9
8
6
8
8
8
8
6
5
7
9
9
5
4
6
7
4
6
5
14
12
5
7
7
10
9
10
4
8
4
4
7
5
8
7
5
10
11
7
9
11
9
3
9
5
7
8
8
6
11
7
4
12
10
8
6
8
6
7
7
6
9
4
4
12
10
7
12
10
7
12
12
10
7
6
14
6
6
3
4
3
9
5
5
5
4
4
8
4
7
9
8
6
7
2
5
4
4
6
5
6
6
5
5
7
4
4
5
5
5
1
1
10
10
2
6
5
9
3
7
6
5
10
3
5
8
5
4
4
6
4
11
6
3
7
4
5
3
4
4
5
7
2
5
4
5
5
4
6
2
9
6
2
2
10
2
5
6
7
5
7
4
3
6
7
7
5
6
5
5
5
7
3
5
1
5
8
1
3
5
4
5
7
4
4
7
5
7
3
9
5
1
2
10
4
7
1
8
4
4
6
1
5
5
5
5
6
4
9
3
5
9
6
2
7
3
2
2
4
4
9
3
7
3
4
6
5
6
5
5
3
4
4
9
3
8
6
3
3
6
3
1
2
5
7
2
3
4
4
6
7
8
4
5
5
5
7
5
5
5
1
4
4
7
3
5
1
3
6
3
4
10
5
5
3
3
4
4
8
1
2
5
7
9
2
5
3
2
5
2
6
5
4
5
7
9
6
7
14
2
5
4
8
7
2
5
2
8
4
8
1
4
6
5
4
1
4
7
9
7
9
11
9
9
10
6
7
5
5
7
6
10
7
1
4
2
7
5
5
9
8
7
10
8
5
12
5
9
6
8
7
7
9
5
13
9
5
5
3
4
10
9
12
8
3
9
9
6
6
4
9
12
9
8
9
7
8
11
12
8
9
8
12
10
12
12
12
11
13
14
13
7
16
16
19
14
11
10
13
15
17
13
16
18
8
16
19
20
12
17
23
10
16
18
14
19
22
14
19
24
19
21
24
13
22
22
27
20
25
19
23
31
30
23
20
24
36
22
20
24
26
30
39
33
27
30
30
37
28
37
35
32
19
32
33
30
35
24
33
37
31
44
41
32
39
32
39
36
37
31
29
50
42
36
24
38
41
30
37
33
34
35
27
37
32
33
50
23
45
35
46
37
39
48
46
48
39
47
36
35
59
48
38
53
45
50
35
48
55
28
47
40
34
43
42
45
39
37
40
43
40
31
41
53
34
45
31
40
40
49
39
44
25
34
32
38
33
46
30
36
35
40
17
47
29
33
26
43
36
27
38
35
40
43
31
23
32
16
24
35
20
24
24
30
23
24
24
25
18
15
22
17
30
25
17
18
23
28
9
22
20
17
19
13
25
19
19
13
15
21
15
17
14
17
19
17
21
16
11
11
9
5
16
14
8
11
13
9
14
8
6
13
11
8
5
12
6
6
15
12
12
9
7
8
7
9
7
9
12
6
3
7
6
8
10
7
1
8
4
4
3
5
3
5
2
7
5
5
8
4
3
2
9
7
6
2
3
5
6
3
4
5
3
3
1
2
2
0
4
2
4
6
4
3
4
2
3
4
2
3
1
2
1
1
4
1
3
5
3
2
3
3
5
3
3
2
3
2
3
3
1
3
4
1
0
1
4
2
2
1
2
0
1
3
0
1
1
1
2
3
1
0
1
1
2
2
0
0
1
0
4
1
2
1
1
1
4
5
3
0
0
1
0
1
0
1
3
3
4
1
1
2
1
3
0
1
1
2
1
2
2
4
2
1
0
1
1
3
2
2
0
1
0
1
3
2
1
2
1
0
0
2
1
0
1
4
2
1
2
3
2
2
0
1
3
2
0
3
1
2
2
3
2
2
0
0
1
1
1
2
1
1
1
3
2
3
1
3
2
3
1
2
1
3
0
1
2
1
2
0
2
3
1
0
1
2
2
1
1
1
1
2
2
3
2
1
2
2
2
2
4
0
2
3
2
3
3
2
2
3
0
1
1
3
1
2
2
1
3
0
0
3
1
0
0
0
0
0
1
0
2
1
2
0
6
1
1
1
0
4
1
1
1
3
2
0
1
1
3
2
1
1
1
0
0
0
0
0
0
2
1
1
2
0
3
1
2
3
3
2
2
5
2
0
4
0
3
2
1
3
0
0
0
1
0
6
4
2
0
2
2
2
2
2
0
1
1
1
2
1
2
2
2
2
2
2
0
1
0
1
2
2
1
1
3
0
0
1
3
2
0
1
3
2
0
3
3
1
0
0
2
2
1
1
2
1
2
3
0
0
0
1
2
1
1
1
2
2
3
2
2
1
1
3
0
1
1
2
2
2
1
2
0
4
0
2
1
1
2
0
2
1
1
2
2
1
0
1
2
2
0
1
3
0
1
1
0
1
1
2
2
0
0
1
0
2
0
0
0
2
0
1
1
2
2
0
3
1
1
1
2
1
1
2
1
1
5
3
0
1
1
2
1
0
1
2
1
0
1
4
1
3
2
0
3
3
1
0
2
1
1
1
1
0
2
2
0
3
3
2
2
2
2
0
1
0
1
1
0
4
0
6
0
0
1
2
0
1
2
0
1
1
1
1
0
1
2
0
0
0
0
1
3
1
2
0
2
0
5
2
1
2
2
2
1
2
1
1
2
2
1
2
1
0
0
1
1
0
3
4
0
3
1
3
2
1
0
3
1
0
2
1
1
1
1
1
0
2
0
0
1
1
2
2
0
5
0
2
2
0
0
0
4
0
0
0
0
2
1
1
0
2
3
3
2
0
0
0
3
2
0
0
2
2
4
4
2
3
1
0
1
0
2
1
0
0
3
0
2
2
4
0
0
0
2
1
1
1
1
1
0
1
0
0
1
1
2
0
1
1
1
2
2
1
2
3
0
2
1
0
3
0
1
1
2
2
2
2
3
3
2
0
3
1
2
0
2
1
1
0
1
1
1
2
2
2
1
3
3
1
0
0
2
1
1
0
1
2
1
0
0
0
1
0
0
0
4
2
0
1
0
1
1
0
3
2
2
2
2
1
2
0
1
3
0
0
1
0
2
1
1
1
1
1
0
0
1
0
0
0
0
1
2
1
1
1
1
2
0
0
1
2
3
0
1
0
0
3
0
3
0
1
0
0
1
2
2
0
2
3
0
1
0
1
0
0
2
0
1
0
2
2
0
0
1
1
0
2
0
1
5
0
0
0
0
0
1
0
1
0
0
0
0
3
0
2
1
1
2
0
1
0
2
2
0
1
1
0
2
0
0
1
3
0
1
0
0
1
1
0
2
2
0
0
2
1
2
0
1
1
1
0
1
2
0
0
0
0
0
0
1
0
0
0
0
2
0
0
0
0
1
0
1
0
0
0
0
2
2
0
1
0
0
1
2
0
0
1
1
1
1
1
0
0
1
1
0
1
1
0
0
0
2
1
0
0
0
1
1
0
0
1
0
2
2
1
1
0
2
1
0
3
2
0
1
0
0
0
1
2
1
0
2
1
1
1
0
0
1
2
1
0
1
0
2
0
0
1
1
2
0
0
2
1
1
0
0
1
1
0
1
0
1
1
1
0
1
3
1
0
1
0
2
2
2
1
1
0
1
2
0
0
1
1
0
0
0
1
1
0
2
1
1
2
2
1
1
0
0
0
0
2
0
1
1
2
0
0
3
2
0
0
0
0
2
1
1
2
1
2
2
0
3
0
1
0
3
1
0
0
1
2
0
1
0
1
0
1
1
0
0
0
1
1
0
1
0
0
0
0
1
1
0
1
2
0
1
1
0
2
1
1
0
1
0
2
2
0
2
1
0
0
1
0
1
0
0
0
1
3
1
1
1
1
1
0
2
0
1
3
2
1
0
0
0
0
1
1
1
1
1
0
2
3
1
1
2
0
0
0
2
3
2
1
0
0
0
0
1
1
0
1
0
0
1
1
1
1
0
0
0
0
4
0
1
1
1
3
1
2
1
0
0
0
0
0
0
1
1
6
0
1
0
0
0
0
1
1
2
0
1
1
2
0
1
0
0
1
0
0
0
1
0
1
1
0
2
1
1
1
2
3
0
1
2
0
3
0
0
1
1
0
0
0
1
1
0
0
0
2
0
0
1
1
0
0
1
1
0
0
0
3
2
0
0
1
1
2
1
1
0
0
2
1
0
0
1
5
0
0
2
0
1
1
2
0
2
0
0
0
2
1
1
0
1
0
0
1
0
1
1
0
2
1
0
0
0
0
1
0
2
1
2
0
0
0
2
0
2
0
1
1
2
1
0
1
2
1
0
0
1
1
2
0
0
0
1
1
0
2
0
0
1
1
0
0
0
0
0
1
0
0
0
0
0
1
0
0
1
0
1
2
0
0
1
1
1
0
0
1
1
1
0
1
1
0
0
0
1
0
0
1
0
0
0
0
0
1
0
0
0
0
1
0
1
1
0
0
1
1
0
0
0
1
1
1
0
1
2
0
2
0
0
0
0
0
0
1
0
0
2
0
1
0
0
1
1
0
1
0
1
0
0
0
1
0
0
1
0
1
1
0
0
0
1
1
4
0
1
0
3
1
2
0
0
2
1
0
1
0
1
1
0
0
1
2
1
0
0
0
0
0
1
1
0
0
0
0
0
0
1
2
0
0
0
1
2
1
0
0
0
0
1
0
3
2
1
1
0
1
1
0
0
1
2
1
0
0
0
0
2
0
0
1
1
1
0
2
0
1
0
2
0
0
0
0
0
0
3
0
0
0
0
1
0
0
0
0
1
1
0
1
2
1
0
1
0
1
0
0
2
0
0
0
0
0
0
4
0
0
0
0
1
0
1
0
0
2
0
0
0
0
2
0
0
1
0
0
1
1
0
0
0
0
1
0
0
0
0
1
0
0
0
1
0
0
0
0
1
0
1
1
0
0
0
0
0
0
0
0
0
0
0
0
1
0
1
0
0
0
0
0
0
0
2
0
1
0
0
0
0
0
2
0
0
0
3
0
0
0
3
0
1
0
1
0
0
0
0
0
1
1
0
0
0
0
0
1
0
0
1
0
0
0
1
0
0
1
0
0
0
0
0
0
2
0
1
0
1
1
0
0
2
1
0
2
0
0
1
0
0
0
1
0
1
0
2
0
0
0
0
1
1
0
0
0
0
0
0
0
1
1
0
0
0
0
0
0
0
0
0
0
0
1
1
0
0
0
1
1
1
0
0
1
0
0
0
0
0
0
0
0
0
0
0
1
1
0
0
0
0
3
0
0
2
0
0
1
1
1
0
0
1
0
1
1
0
0
0
0
0
0
0
1
1
0
0
0
0
0
1
2
0
1
1
1
1
0
1
1
0
1
0
0
0
0
0
0
1
1
1
0
1
0
1
0
1
0
0
1
1
0
1
0
0
1
0
1
0
0
1
1
1
0
0
1
0
1
0
0
0
0
1
1
0
0
0
0
1
0
0
0
0
2
1
1
0
0
0
2
1
0
1
1
1
0
0
2
0
0
0
3
0
0
1
1
2
0
0
0
1
4
0
0
0
0
0
0
1
0
0
0
0
1
1
1
1
3
1
1
1
0
2
1
0
1
1
0
0
2
0
0
3
0
1
1
0
1
1
1
1
1
2
0
0
0
2
0
2
0
1
2
1
2
1
0
0
2
1
0
0
0
0
0
0
3
1
2
1
0
0
1
1
0
2
0
0
1
2
0
1
1
1
2
0
2
1
0
0
1
0
1
0
2
0
2
1
0
1
1
1
1
0
0
0
0
0
0
2
1
2
0
0
0
1
0
0
1
0
0
0
1
2
0
1
0
2
2
0
1
2
2
0
1
2
0
1
1
0
1
1
0
0
1
0
1
1
2
0
1
1
0
0
1
1
0
1
1
0
0
0
0
3
0
0
0
0
1
0
1
2
1
0
1
0
0
0
1
0
0
0
0
0
1
1
0
1
0
1
0
0
1
0
1
0
2
1
0
1
2
1
1
0
0
0
0
1
0
0
0
1
0
0
0
0
0
0
0
1
2
2
0
0
0
0
0
2
1
0
0
0
0
0
0
0
1
0
0
1
1
0
0
0
1
0
0
0
0
0
0
0
2
0
0
1
0
0
0
1
1
0
0
0
1
0
2
2
2
2
0
1
0
0
1
1
1
0
0
0
1
0
0
0
0
0
0
1
0
0
0
0
0
0
0
0
0
0
0
1
0
0
0
0
0
0
1
0
1
1
1
0
1
0
1
0
0
0
0
0
1
0
0
0
2
0
0
0
0
1
1
0
1
0
0
0
0
0
0
0
0
1
0
0
0
0
1
0
0
0
1
0
1
0
0
0
0
2
0
1
1
0
0
0
0
0
0
0
0
0
0
0
0
0
0
1
0
1
2
1
0
0
0
0
1
0
0
0
0
