0
0
0
0
0
0
0
0
0
0
0
0
0
0
0
0
0
0
0
0
0
0
0
0
0
0
0
0
0
0
0
0
0
0
0
0
0
0
0
0
0
0
0
0
0
0
0
0
0
0
0
0
0
0
0
0
0
0
0
0
0
0
0
0
0
0
0
0
0
0
0
0
0
0
0
0
0
0
0
0
0
0
0
0
0
0
0
0
0
0
0
0
0
0
0
0
0
0
0
0
0
0
0
0
0
0
0
0
0
0
0
0
0
0
0
0
0
0
0
0
0
0
0
0
0
0
0
0
0
1
0
1
1
0
0
0
0
0
0
0
0
0
0
0
0
0
0
0
0
3
2
0
1
1
0
1
1
3
3
2
2
1
3
5
1
11
12
5
7
8
8
17
11
8
16
14
17
24
25
21
24
23
32
26
35
41
50
42
41
50
49
71
54
53
64
71
89
79
87
70
90
67
78
85
79
79
69
79
70
74
86
79
71
93
85
93
60
74
70
80
83
84
86
81
73
71
79
88
78
73
74
72
78
90
73
82
98
91
73
75
65
83
76
80
82
65
76
80
81
94
65
73
79
77
79
77
71
88
73
72
70
79
79
73
84
72
74
77
83
82
80
85
81
77
76
91
91
86
60
92
92
81
76
98
100
82
84
75
85
79
86
90
83
97
93
88
96
106
91
102
110
92
83
103
94
103
119
92
97
114
105
101
84
99
85
95
106
96
95
87
83
80
119
103
105
96
97
100
72
96
108
90
91
101
75
88
85
86
96
81
81
90
79
77
111
78
83
91
100
87
92
85
93
81
95
77
78
79
88
81
92
67
65
95
85
92
89
71
92
63
57
63
72
83
77
82
86
67
87
75
69
84
84
76
77
56
60
69
83
68
83
70
62
63
73
81
67
70
69
68
84
65
70
68
72
66
65
69
65
70
74
66
93
74
74
69
68
72
65
62
69
74
77
72
69
61
56
73
65
60
79
59
68
72
76
66
74
86
85
55
82
75
66
83
62
71
65
74
75
72
65
68
76
67
54
68
63
88
71
68
63
70
69
69
77
85
60
69
57
66
77
63
67
59
69
71
65
57
72
59
68
72
66
79
68
74
71
73
80
66
80
52
74
59
70
65
75
69
77
71
67
74
63
69
67
66
80
77
69
67
71
75
53
57
63
63
73
68
73
64
74
68
64
73
66
70
45
57
71
55
54
70
61
63
60
73
71
61
64
67
53
64
48
51
62
76
58
65
53
77
64
59
57
61
68
62
71
88
59
62
66
67
38
67
49
66
58
69
66
49
53
74
61
70
62
62
51
56
56
57
49
48
60
68
69
51
69
59
70
72
58
64
61
59
51
54
37
60
51
57
61
57
48
49
52
47
46
50
56
68
49
49
53
50
52
43
39
67
52
38
49
50
49
47
47
58
53
30
48
40
31
35
45
41
24
37
40
43
36
48
32
32
41
44
47
46
36
44
45
50
51
51
55
30
41
49
38
40
47
44
43
31
42
35
44
31
37
50
40
42
28
48
35
51
46
35
36
41
39
41
37
35
25
48
39
27
40
47
42
37
37
35
44
37
39
36
46
41
20
36
25
39
36
34
41
45
33
35
44
34
36
42
34
31
36
23
35
28
30
35
32
28
31
25
31
39
23
42
25
30
31
36
38
39
30
28
24
32
32
27
33
31
26
29
28
24
24
30
30
33
38
30
33
25
31
30
26
33
25
31
27
28
34
28
35
42
38
34
35
21
27
36
34
31
29
32
31
33
26
26
23
28
36
42
28
15
24
20
26
23
23
22
26
19
27
25
31
29
40
32
23
19
26
32
11
28
26
18
33
22
26
32
24
32
23
21
37
33
25
20
27
31
18
28
29
26
28
21
20
17
26
25
30
19
25
25
25
24
30
34
21
21
35
24
30
24
32
40
26
22
24
30
18
22
18
29
17
15
29
24
29
25
16
16
29
31
28
21
32
24
20
23
24
20
18
19
30
26
18
18
36
28
26
29
27
26
20
30
18
15
22
24
30
26
30
19
28
24
24
20
23
18
25
20
26
21
20
22
19
25
27
24
17
26
18
20
28
28
26
24
17
25
28
20
21
25
14
24
20
29
25
22
18
20
26
27
30
24
17
13
16
22
20
16
18
21
23
20
17
18
20
17
16
21
28
13
25
19
24
17
18
26
21
19
20
23
26
21
19
23
20
11
16
27
19
22
23
23
28
27
24
15
31
30
20
17
19
23
13
14
21
18
21
18
23
19
17
20
26
19
23
17
18
18
21
19
18
19
16
13
18
21
20
26
17
18
19
21
21
18
17
19
18
16
21
17
24
19
20
23
16
16
16
16
22
26
17
17
8
16
28
25
17
16
19
22
19
15
19
12
25
13
22
17
22
14
14
13
14
21
21
18
17
21
11
22
18
17
22
15
15
20
20
16
15
20
14
18
23
20
18
18
13
16
14
18
20
20
16
18
12
16
16
15
19
20
22
21
16
23
20
21
8
26
15
16
11
17
14
18
18
13
16
15
15
22
14
12
10
16
18
20
17
12
17
28
13
17
15
15
24
19
17
20
18
25
23
30
16
10
17
15
20
15
19
15
16
24
12
16
18
20
14
13
18
21
20
19
14
19
18
17
11
16
13
14
18
14
26
14
16
21
9
25
11
17
15
14
15
11
17
17
18
16
23
11
16
14
12
10
14
17
13
21
20
23
14
12
8
14
12
12
10
15
14
21
20
13
11
4
14
20
12
9
18
14
7
10
27
11
11
19
10
16
11
14
14
23
14
14
10
16
14
18
19
23
18
13
13
19
19
11
14
17
17
14
18
15
15
17
11
18
13
19
10
13
9
16
11
12
4
17
10
8
11
12
11
10
11
10
13
20
15
21
9
15
9
15
16
11
12
9
14
13
14
10
12
9
7
13
12
12
10
12
8
9
15
10
9
11
12
6
9
11
9
13
16
7
15
11
8
11
13
9
11
14
7
5
10
7
10
11
7
10
5
7
7
11
10
12
9
6
13
11
5
8
9
9
6
6
6
14
6
7
9
5
10
7
6
7
10
6
10
11
10
13
11
7
8
6
7
13
6
10
10
6
8
8
10
13
9
4
5
6
5
8
9
8
7
6
6
5
13
17
9
6
9
8
3
8
5
8
7
10
8
7
2
8
6
7
10
8
10
7
2
11
5
3
10
5
10
4
13
11
6
11
13
7
7
7
4
9
7
5
5
9
10
11
4
8
7
5
11
9
7
6
5
7
6
7
8
8
10
6
7
9
4
6
5
8
6
7
6
7
8
5
7
2
8
5
5
3
6
6
9
10
6
4
4
2
3
3
6
4
6
6
7
6
4
4
6
6
10
6
4
7
6
8
5
6
7
1
9
5
3
3
5
6
4
4
8
8
7
4
6
8
1
5
9
3
4
5
9
3
5
8
5
5
8
5
3
8
9
7
9
10
4
8
7
5
4
4
9
2
6
2
7
1
9
8
5
6
4
4
7
8
4
2
7
4
4
4
4
5
8
6
10
7
3
4
4
7
4
5
8
5
4
2
4
8
4
3
10
5
7
5
5
9
5
13
8
4
6
5
9
7
5
3
8
4
9
10
11
10
3
10
5
6
11
6
7
9
6
7
8
6
7
2
7
8
6
6
5
6
4
6
3
4
8
8
11
7
6
8
6
9
7
8
12
8
11
4
6
7
8
11
3
8
2
2
8
11
5
8
13
7
6
10
9
14
10
7
6
8
14
9
15
10
7
8
7
12
10
11
13
17
8
9
10
9
14
11
7
12
9
5
5
19
15
21
13
11
23
22
16
18
11
17
18
19
17
19
16
23
17
19
23
8
24
20
14
13
25
17
29
23
26
24
29
23
32
31
15
31
29
33
23
31
27
37
23
23
36
36
30
30
32
36
33
40
35
37
33
34
37
38
38
26
32
40
39
50
39
40
34
40
37
43
41
42
44
39
37
36
58
42
47
59
54
37
51
46
44
40
61
39
46
47
48
47
65
42
49
55
53
58
57
60
62
64
52
57
48
62
62
74
58
62
58
54
54
53
61
44
47
60
60
73
49
50
60
57
47
57
56
66
65
59
53
57
64
63
53
61
54
52
61
60
72
45
53
69
55
51
56
53
48
51
51
35
51
47
49
64
46
47
41
54
50
57
57
47
50
49
53
41
44
49
50
40
48
52
39
37
33
37
48
40
34
37
31
44
41
38
35
28
38
29
24
26
32
35
29
39
22
33
27
28
19
27
24
19
18
20
25
19
16
26
26
18
13
12
18
14
17
14
12
17
20
13
19
24
15
10
21
6
11
16
11
13
12
10
16
10
10
11
13
10
14
14
13
11
10
6
9
8
7
6
7
13
8
14
3
7
3
6
7
3
3
6
7
6
2
8
5
1
1
4
10
6
2
6
2
2
2
4
5
2
5
6
7
6
2
1
3
6
4
0
5
5
6
3
3
3
4
1
4
3
2
9
4
3
5
3
4
3
4
2
1
1
1
1
1
4
2
5
3
3
2
1
3
4
2
3
1
4
1
2
1
3
1
3
1
4
1
2
2
5
1
1
1
2
0
4
3
2
1
0
1
0
1
1
3
2
2
3
2
2
2
2
2
3
1
3
5
1
0
3
0
1
5
1
1
0
3
0
1
0
4
2
0
2
2
4
0
4
5
4
0
0
1
3
1
1
0
2
1
1
1
1
1
1
1
1
0
4
4
1
0
1
1
3
1
0
2
3
1
3
0
0
0
0
2
1
1
1
1
4
1
0
2
2
1
1
3
1
2
0
1
4
2
4
3
3
2
1
2
0
3
1
1
0
3
5
0
2
3
2
2
2
0
2
1
3
1
1
0
2
0
1
3
1
1
1
0
0
1
0
1
2
2
3
3
0
1
1
1
1
1
2
2
1
3
1
2
4
1
0
1
1
1
3
2
2
2
2
0
0
0
0
1
4
2
2
1
2
1
1
3
6
1
0
2
2
3
3
2
0
0
2
1
2
2
2
1
2
1
1
1
3
1
2
0
1
1
4
1
1
1
2
0
1
0
2
1
0
1
0
1
0
1
5
1
1
1
0
1
1
1
3
0
1
1
3
0
1
2
0
1
2
1
2
0
1
1
1
0
2
1
1
0
1
2
0
1
1
1
0
1
0
3
2
1
2
1
0
4
1
1
1
0
4
0
2
0
2
2
1
4
1
1
1
0
1
1
0
0
0
2
2
1
1
2
1
2
0
3
2
1
0
1
2
1
1
3
3
1
2
0
0
0
1
3
1
2
2
1
0
2
2
3
1
2
1
2
0
1
0
2
1
1
1
3
0
2
0
2
0
3
1
1
0
0
0
2
0
0
1
2
1
1
2
2
2
1
0
1
0
1
0
1
1
1
1
2
1
1
0
2
1
0
2
0
3
3
2
2
1
1
0
1
1
3
1
0
1
4
2
2
2
0
1
0
0
1
3
2
1
0
2
1
1
1
2
1
4
2
1
3
1
0
0
0
4
0
1
1
1
4
1
0
2
1
0
2
1
2
0
2
3
1
1
0
1
2
1
0
2
0
1
2
0
0
1
3
1
1
0
1
2
1
1
0
0
1
1
2
0
6
4
1
2
1
1
1
0
0
3
1
2
3
0
2
2
0
0
0
1
0
1
0
0
1
0
2
0
2
0
0
2
0
2
1
2
1
2
4
0
4
1
0
4
1
1
2
0
1
0
1
0
0
2
2
1
0
0
1
1
0
2
1
1
4
2
1
3
0
1
0
1
0
1
1
0
1
2
0
1
1
0
0
2
2
0
0
1
1
1
1
2
4
1
0
0
2
0
0
1
1
0
1
2
2
0
2
1
0
1
3
1
1
1
0
1
1
1
0
0
1
1
0
0
0
1
0
2
1
0
0
2
3
1
1
2
3
1
0
1
1
2
1
1
1
0
2
3
1
1
1
1
3
1
2
1
1
0
0
1
3
1
1
0
1
1
2
4
1
2
1
1
1
3
0
0
2
0
0
3
3
2
1
0
0
0
4
2
3
1
0
0
2
3
0
1
1
2
1
2
1
1
1
1
1
0
1
1
0
0
1
1
1
1
0
0
0
2
1
1
0
1
0
1
0
1
0
1
0
0
2
0
0
2
1
0
0
1
0
1
2
2
2
3
0
2
1
1
2
1
0
0
0
1
3
2
0
2
0
1
0
0
0
0
0
4
0
1
2
0
0
0
0
0
0
1
2
0
2
1
2
0
1
0
2
2
0
0
0
2
1
0
1
1
3
3
0
2
1
0
0
2
1
2
3
0
4
0
2
0
0
2
3
1
0
1
2
0
0
1
0
0
1
1
1
3
0
0
1
1
0
4
0
0
0
0
0
1
3
0
0
1
1
0
0
1
2
0
1
1
1
1
0
0
0
0
0
1
1
0
0
0
2
3
0
1
1
1
0
1
2
1
0
1
1
1
0
1
0
1
0
1
2
2
0
1
1
0
1
1
0
2
0
2
0
2
2
3
0
1
0
0
0
1
2
1
0
1
0
2
0
3
2
0
0
1
1
1
0
0
2
2
2
2
1
0
1
1
1
0
0
0
1
0
1
2
0
4
0
1
0
2
1
0
0
0
1
2
0
0
2
0
1
1
0
0
2
0
0
0
0
0
0
1
0
0
0
1
0
0
0
0
0
0
3
0
3
2
2
1
1
1
1
0
1
1
0
0
0
0
0
1
0
0
0
0
0
1
2
0
1
3
0
0
1
0
0
1
2
0
1
3
2
0
0
1
1
1
0
2
0
0
2
0
1
1
0
2
1
0
1
1
2
1
1
0
2
0
2
2
1
0
0
0
1
2
2
2
0
1
1
2
4
0
1
0
0
2
0
2
0
1
2
1
3
0
0
1
2
1
0
1
2
1
2
1
1
0
1
2
0
0
2
3
1
0
1
1
2
1
1
0
1
1
0
3
2
0
1
2
1
1
1
1
0
0
1
1
0
1
0
1
0
2
1
1
0
0
0
0
0
1
1
0
2
2
0
0
0
0
1
0
0
1
3
1
0
0
0
1
1
0
2
0
1
1
0
0
2
1
2
0
0
0
1
2
2
0
2
0
0
0
1
1
0
1
0
0
0
1
1
0
0
0
0
3
0
0
0
0
0
2
1
1
1
2
0
0
0
1
3
2
0
0
1
0
1
1
0
2
0
1
1
0
1
1
0
0
0
0
1
0
0
0
0
0
2
2
0
0
0
0
1
0
3
1
0
1
0
0
1
0
1
1
0
1
0
1
2
1
1
1
0
3
2
2
0
0
0
1
0
1
0
2
0
0
1
0
0
0
0
1
3
0
0
0
0
1
0
0
1
0
1
0
1
0
0
0
1
0
1
0
1
3
0
0
1
0
1
0
0
0
1
0
1
1
2
2
0
2
0
1
0
0
1
0
0
3
0
0
0
0
1
2
0
0
2
0
1
0
2
0
0
1
0
1
1
0
1
0
0
2
0
1
0
0
0
0
2
0
1
1
0
1
0
1
0
0
0
1
1
1
1
0
3
1
0
0
1
0
0
0
0
0
0
0
1
0
0
0
0
2
1
0
0
1
0
0
0
0
0
2
0
0
0
0
0
0
1
1
2
0
1
0
0
0
0
0
0
2
2
0
0
0
0
0
0
1
0
1
0
1
0
1
0
0
2
2
0
0
2
1
0
0
1
0
1
0
0
0
1
1
0
1
1
0
0
2
1
0
0
2
0
0
1
1
0
1
0
0
0
2
1
0
0
0
0
1
1
0
0
0
3
1
0
0
0
0
0
0
2
0
2
0
2
0
1
1
1
0
0
0
1
0
0
0
0
0
2
0
0
1
0
0
0
0
1
0
0
1
0
0
1
0
0
0
0
2
1
2
0
1
0
0
0
0
1
0
0
0
0
1
0
3
1
1
0
0
0
0
0
0
1
0
0
0
1
0
0
0
0
1
1
0
0
1
0
0
1
0
0
0
2
0
0
0
0
0
0
1
0
0
3
0
0
0
1
0
2
0
0
0
0
2
2
0
0
2
2
1
0
0
0
0
1
0
0
1
0
0
0
0
0
1
1
1
1
2
3
0
0
0
0
0
0
0
1
2
0
0
1
0
0
1
0
0
0
1
0
1
0
0
0
1
2
2
0
0
1
0
1
0
0
1
1
0
0
1
0
1
0
1
0
0
1
1
0
4
0
0
0
1
1
0
1
1
1
1
0
0
1
0
2
1
0
0
0
0
1
0
0
1
1
0
2
3
0
1
1
0
0
0
0
0
0
1
0
0
0
2
0
0
2
1
0
2
0
2
1
0
0
0
1
2
1
1
2
0
0
1
1
1
0
0
0
0
4
2
1
1
0
1
0
0
1
0
0
0
1
0
1
2
0
0
0
1
2
0
1
0
0
0
0
2
2
1
1
0
1
2
1
1
0
0
1
2
0
2
0
0
4
1
0
1
0
3
0
1
2
0
0
0
0
0
0
0
0
1
0
0
1
0
2
2
1
0
1
0
0
0
1
1
1
2
0
0
0
3
0
1
2
0
1
3
2
0
0
2
2
0
0
3
1
2
2
1
1
1
0
3
0
1
2
1
0
1
0
0
1
1
1
2
0
0
0
1
1
2
1
2
0
1
0
1
1
0
2
2
0
1
2
0
0
0
0
1
2
1
1
2
0
2
0
1
0
0
0
0
1
2
0
0
0
0
1
0
1
1
0
1
0
2
1
0
0
1
0
0
1
0
2
1
0
1
0
0
0
0
1
0
0
2
0
0
0
1
0
1
2
0
0
1
0
3
0
1
0
0
0
0
1
0
0
0
0
1
0
1
0
1
0
0
0
0
0
0
1
0
0
0
0
0
0
0
0
0
1
0
0
0
0
1
0
0
1
0
0
0
0
0
1
0
0
0
1
0
0
2
1
0
0
0
0
0
0
0
1
0
2
1
0
0
0
0
0
0
0
0
0
0
0
0
0
0
0
0
0
0
0
0
1
0
0
0
0
0
0
0
0
0
0
0
1
0
0
0
0
1
1
2
0
0
1
0
0
1
1
0
0
1
1
0
2
0
1
0
1
0
0
0
1
0
1
0
0
0
0
0
0
1
1
2
0
0
1
0
0
0
0
0
0
0
0
0
1
0
0
1
1
0
1
2
2
0
0
0
0
0
0
0
0
0
0
1
0
0
0
0
1
2
1
0
0
0
0
0
0
0
0
1
0
0
0
1
0
0
0
1
0
0
1
0
0
0
1
0
0
0
