1
0
0
0
0
0
0
0
0
0
0
0
0
0
0
0
0
0
0
0
0
0
0
0
0
0
0
0
0
0
0
0
0
0
0
0
0
0
0
0
0
0
0
0
0
0
0
0
0
0
0
0
0
0
0
0
0
0
0
0
0
0
0
0
0
0
0
0
0
0
0
0
0
0
0
0
0
0
0
0
0
0
0
0
0
0
0
0
0
0
0
0
0
0
0
0
0
0
0
0
0
0
0
0
0
0
0
0
0
1
0
0
0
0
1
0
0
0
0
0
0
0
0
0
0
2
0
0
0
0
0
0
0
1
1
2
0
0
0
0
0
0
0
1
0
1
1
0
0
0
0
0
1
2
0
2
3
3
2
3
1
1
3
3
0
6
7
3
5
6
10
6
10
11
11
11
5
17
17
14
22
29
40
21
35
44
34
36
40
49
51
53
70
67
74
65
63
68
60
71
70
90
80
79
75
88
83
86
73
94
76
90
81
79
65
83
91
80
76
101
69
60
81
62
92
82
87
73
86
67
75
69
78
73
77
76
74
60
62
80
79
69
78
74
82
72
72
71
85
67
72
74
77
64
78
76
65
61
67
81
79
74
82
90
85
62
65
82
83
87
81
81
77
88
69
88
82
69
81
68
73
90
80
76
93
79
92
84
85
83
80
98
90
91
89
85
81
90
116
86
93
92
79
97
98
75
101
111
95
90
84
99
91
107
95
86
81
106
75
98
86
87
96
87
72
78
86
96
85
83
92
90
78
95
93
89
94
102
88
88
70
82
91
71
100
90
82
68
78
83
78
68
80
87
73
82
71
61
78
86
83
93
88
54
64
79
79
63
70
85
81
80
88
69
81
81
59
63
71
77
80
75
70
63
62
66
55
68
64
70
63
66
84
89
73
70
77
63
68
73
51
80
54
71
84
76
65
61
79
58
72
60
56
74
67
68
77
62
64
70
67
73
70
64
61
83
78
59
66
66
66
82
57
50
69
64
68
71
61
79
64
77
53
75
60
71
79
68
70
64
68
70
72
66
76
83
76
66
82
55
63
44
68
64
72
62
62
65
60
57
61
67
65
64
64
69
53
50
58
48
58
48
77
67
54
63
52
42
69
67
63
64
56
78
54
64
77
74
49
66
61
66
52
66
56
61
76
64
67
66
67
53
55
66
56
68
76
49
55
70
71
70
63
62
58
52
58
64
68
61
56
65
44
53
62
55
73
61
58
56
58
58
60
46
56
52
52
74
61
60
56
67
42
64
64
50
56
59
52
57
55
56
63
64
66
52
55
61
40
61
49
40
41
71
57
68
67
53
61
67
49
44
62
42
48
38
59
42
53
52
55
53
52
54
56
61
52
52
57
39
39
52
38
47
50
47
50
36
40
49
46
41
43
38
38
41
38
39
51
42
40
49
30
41
50
39
42
35
46
44
43
33
42
34
36
36
52
38
40
46
36
37
30
35
36
36
50
42
50
50
46
40
36
43
36
35
41
42
34
35
45
32
30
27
39
44
40
43
29
42
33
35
38
34
28
37
37
37
33
38
29
33
37
31
31
41
26
32
32
33
37
17
31
30
41
26
30
39
29
35
39
32
37
30
27
30
30
32
33
38
30
33
26
28
26
21
32
29
28
25
26
32
24
27
26
25
24
29
30
33
22
29
19
26
35
26
19
37
26
34
19
24
32
39
32
33
29
24
31
29
31
33
21
25
16
17
28
32
22
26
18
28
34
23
23
27
27
32
21
32
21
33
20
21
30
20
24
30
24
26
30
28
27
25
20
28
28
23
25
20
26
35
24
31
22
26
29
10
32
25
30
18
28
15
37
26
24
16
21
20
29
21
26
25
26
26
20
17
26
22
16
18
32
30
21
20
27
15
19
20
19
18
21
20
30
33
16
33
25
25
19
22
26
25
20
20
16
23
22
23
21
26
19
23
18
26
24
22
14
18
26
19
29
20
22
11
21
25
28
22
22
17
23
19
16
26
19
20
26
20
20
15
20
22
13
22
14
19
24
16
16
14
26
20
24
18
24
20
24
20
19
22
18
24
15
16
22
16
22
14
16
17
18
19
23
21
20
21
9
25
12
18
18
18
16
20
10
17
18
26
20
13
18
21
21
21
18
13
10
17
20
13
14
25
17
8
20
14
12
17
24
12
15
18
19
24
16
21
20
20
14
16
15
15
19
18
17
11
24
16
13
24
21
25
22
11
11
13
12
20
19
17
15
18
21
24
18
18
20
20
18
19
22
22
13
15
21
13
14
17
21
15
12
22
18
17
14
12
14
17
16
15
15
11
20
7
14
22
24
14
15
18
17
17
14
19
20
14
23
17
19
15
16
21
16
12
12
15
12
13
17
14
20
9
23
18
10
15
16
12
12
13
24
12
11
9
16
14
15
14
17
14
14
17
25
18
15
14
12
12
15
17
12
17
14
11
20
14
12
14
19
24
22
16
16
15
13
7
13
13
12
13
8
22
14
9
11
17
13
14
20
17
20
10
10
11
13
17
13
15
15
11
10
15
11
16
14
19
12
13
9
22
13
16
24
6
17
15
12
10
12
11
11
17
12
15
10
14
11
16
18
14
12
13
16
9
12
10
11
14
19
18
14
10
14
20
12
11
10
6
8
11
11
11
9
16
7
10
11
9
8
6
9
14
13
20
12
22
12
7
21
12
11
13
10
13
14
14
16
7
17
9
20
16
7
10
12
15
14
10
13
12
14
11
16
13
14
6
14
18
9
15
13
15
13
11
14
14
10
9
14
15
12
8
8
10
9
9
11
18
13
18
10
17
7
6
11
15
13
6
11
13
5
6
12
10
15
8
13
9
13
14
18
10
14
8
2
11
10
9
12
8
8
15
14
13
9
12
11
11
18
12
10
13
5
9
5
12
7
8
12
10
3
8
9
9
7
10
12
10
16
7
6
10
8
11
7
10
13
12
13
8
8
16
10
10
14
12
6
15
5
12
8
11
9
14
7
6
6
9
8
14
5
5
4
6
8
8
8
5
9
8
4
11
7
9
12
5
10
2
9
7
2
8
12
5
6
6
11
7
8
13
4
6
0
7
7
5
4
6
8
9
5
6
10
9
3
5
6
10
9
4
7
9
5
2
8
10
13
4
5
10
4
5
8
6
9
9
12
7
4
1
5
5
4
8
1
6
4
6
6
7
5
4
6
4
8
7
1
9
5
7
3
7
7
5
7
5
4
5
11
3
8
7
6
4
5
2
7
5
9
7
3
7
5
6
2
7
7
6
8
3
7
4
3
7
8
5
5
1
6
6
9
5
2
6
2
8
2
4
3
8
4
6
6
2
3
6
4
8
5
4
3
4
1
3
0
3
5
4
3
4
5
5
8
6
5
5
4
3
3
1
6
6
6
6
1
2
5
4
2
1
2
3
8
5
10
5
5
6
5
2
9
7
3
5
5
8
3
6
3
8
5
7
7
2
7
9
2
3
5
12
7
6
2
8
7
9
8
1
10
7
6
6
4
8
4
5
0
1
6
3
3
3
5
5
1
3
5
8
1
5
7
6
5
5
4
4
4
3
5
4
3
2
5
4
11
5
4
6
5
7
10
2
3
4
3
4
4
5
5
6
2
3
7
3
4
13
7
4
7
5
8
5
6
6
6
8
9
4
3
4
5
5
4
9
8
8
8
15
2
12
7
5
5
11
8
7
2
5
6
4
7
4
6
4
7
5
7
6
8
10
5
5
6
5
12
6
6
9
8
6
10
8
9
8
13
8
10
4
3
5
10
11
9
13
10
3
9
5
10
14
6
8
15
11
4
4
4
12
6
11
14
11
6
12
9
11
15
7
14
17
12
16
11
10
15
15
13
11
14
15
21
16
27
23
18
18
17
15
13
20
20
17
10
18
11
17
17
23
22
17
17
24
16
25
30
26
35
26
24
32
18
28
37
26
34
23
24
32
25
27
30
26
24
36
34
33
36
33
34
30
47
28
38
32
37
26
24
39
46
35
27
35
45
29
33
32
37
34
44
42
39
37
36
37
39
38
46
43
35
34
40
51
44
35
63
49
44
48
26
42
45
49
46
42
40
43
39
52
49
36
32
40
41
38
36
31
40
37
40
34
49
46
42
34
40
35
45
28
36
41
44
43
49
39
50
48
36
42
32
42
36
44
40
42
20
33
44
26
32
37
27
24
31
47
36
27
38
35
36
32
30
34
29
20
30
25
24
27
30
21
23
27
18
19
27
19
23
23
15
20
27
16
16
27
15
23
21
21
15
18
16
13
20
11
17
20
12
13
15
17
13
13
15
11
19
8
17
10
10
7
10
7
10
14
7
11
14
10
6
11
7
15
11
11
7
10
9
7
6
9
8
9
4
7
8
8
8
13
5
6
7
11
5
5
6
4
7
4
4
5
4
4
7
2
4
8
5
3
3
2
4
2
2
3
3
4
1
2
3
3
7
4
1
3
5
4
6
3
5
1
4
0
1
1
3
1
3
3
4
3
0
2
1
1
1
0
1
1
3
4
0
3
5
4
0
1
1
1
1
0
2
4
5
3
0
1
0
2
3
3
1
3
1
0
1
1
2
2
2
3
1
1
2
3
0
0
2
2
0
2
1
0
0
1
2
3
3
2
2
2
2
2
2
4
3
0
2
0
2
0
1
3
2
4
1
1
0
2
3
1
1
1
1
2
2
1
0
0
1
2
4
1
1
2
3
1
0
2
1
3
1
5
2
4
1
1
0
3
0
2
1
2
2
3
2
1
0
0
1
1
2
0
3
1
2
1
0
1
3
1
1
1
1
1
0
0
6
1
2
0
1
5
0
0
1
1
1
1
2
3
3
2
0
0
4
0
1
3
0
1
2
0
1
2
2
2
1
0
2
2
3
0
2
3
1
0
0
2
0
3
4
2
3
0
0
2
2
1
0
2
1
1
0
0
2
2
3
3
1
2
0
0
0
0
2
0
2
1
0
2
1
1
3
3
0
1
1
2
2
2
0
1
2
0
2
1
3
0
2
0
0
0
1
1
2
1
2
1
2
1
2
2
0
2
1
1
1
1
3
0
2
2
0
0
2
0
2
0
1
3
1
0
2
3
1
1
3
1
2
2
1
4
1
0
0
1
1
1
0
1
2
3
2
0
1
1
1
1
1
1
1
1
1
0
2
0
0
1
1
2
0
1
2
1
0
1
0
1
1
1
0
2
1
0
2
0
1
5
2
2
2
1
1
1
1
1
0
0
0
1
1
0
2
0
4
0
1
3
3
0
1
1
1
2
0
2
0
3
1
2
1
3
1
0
1
1
2
4
3
0
0
1
1
2
2
2
4
2
3
1
0
2
1
0
0
3
1
2
2
2
2
0
1
2
2
0
0
1
0
0
2
2
2
0
0
1
2
1
6
1
1
2
0
1
1
0
0
2
0
1
0
2
1
0
1
0
4
0
2
2
1
1
0
0
1
1
0
4
1
1
0
0
0
2
0
0
3
1
0
2
0
2
0
0
0
0
0
2
0
0
1
1
1
1
2
0
5
3
1
2
0
2
2
3
0
1
1
2
1
0
1
2
0
1
2
1
1
1
0
2
0
3
1
1
0
1
0
0
0
1
0
0
0
2
2
1
1
0
4
0
1
3
2
0
2
2
0
1
2
1
4
1
1
1
0
3
0
0
1
2
1
0
1
5
0
0
0
1
2
2
1
2
2
2
0
1
1
0
0
0
1
0
1
0
2
2
2
0
0
0
0
2
0
1
1
2
1
1
2
1
0
1
0
2
1
0
0
0
1
0
1
3
3
3
0
0
0
1
0
1
0
1
2
0
0
1
2
0
0
0
0
2
2
0
2
1
0
1
1
1
0
3
0
1
2
2
0
0
3
2
0
0
1
0
3
0
0
2
1
0
1
2
3
3
2
2
1
0
0
1
0
0
2
1
2
1
0
0
2
0
0
2
0
0
0
1
0
0
1
0
1
2
0
0
0
1
1
0
0
1
0
0
0
0
0
1
0
1
1
2
0
0
0
1
1
0
1
1
0
1
2
0
0
1
0
1
0
5
0
1
1
2
2
1
1
1
1
1
0
1
0
1
2
0
2
1
0
1
1
0
0
1
1
0
1
3
1
1
2
1
1
2
0
1
0
2
0
3
0
0
0
2
1
1
0
1
0
1
2
0
1
0
0
0
1
1
2
1
1
0
2
0
0
3
2
0
0
0
0
3
0
0
1
0
1
1
1
1
1
1
0
1
1
1
1
1
0
1
1
0
1
1
1
2
3
1
0
1
1
0
2
0
1
1
2
3
1
2
0
1
0
1
0
4
1
0
2
0
1
2
0
1
0
0
1
1
0
0
0
0
0
2
1
0
2
0
1
0
1
0
0
0
0
3
2
0
1
1
0
0
0
1
1
0
1
1
1
1
0
2
2
1
0
2
2
0
0
1
1
0
2
2
0
1
0
0
0
0
0
0
2
0
1
0
1
1
1
2
2
0
1
0
0
1
2
1
0
2
0
0
2
0
0
0
0
1
2
0
0
1
1
1
0
0
1
0
0
0
0
1
3
0
1
3
2
1
0
1
3
0
2
2
3
1
0
0
1
0
1
2
1
0
3
1
0
2
0
1
1
1
1
1
2
0
0
0
1
3
0
0
0
0
1
1
0
1
1
1
2
1
0
3
0
0
0
1
2
0
1
0
0
0
1
0
0
2
0
2
1
0
1
3
0
1
0
2
0
0
2
0
1
0
0
2
1
3
2
1
0
1
3
0
1
2
1
0
1
1
0
0
1
0
0
3
1
0
1
1
1
2
2
2
0
2
2
0
0
3
0
1
1
1
0
1
2
1
0
2
0
1
2
0
0
0
0
1
0
2
2
1
2
0
1
1
1
1
1
0
1
0
2
1
0
1
0
0
2
0
0
1
0
2
0
0
0
2
0
1
1
0
0
0
0
1
1
1
0
2
0
0
0
0
2
0
1
0
1
1
1
1
1
0
0
0
1
0
1
0
0
0
1
0
0
3
1
0
0
0
2
0
0
2
0
0
0
2
1
0
0
2
0
1
2
0
1
2
0
1
0
0
0
3
0
1
2
0
0
0
0
1
1
0
0
0
0
1
0
1
0
1
0
3
1
0
0
1
0
0
0
0
1
1
0
1
0
0
2
1
1
0
0
0
0
1
3
0
0
1
0
0
1
0
2
0
0
1
1
0
2
1
1
0
0
0
0
1
0
0
2
1
2
0
1
1
0
0
1
1
1
1
0
0
0
0
0
1
1
2
0
1
0
1
1
0
1
1
0
0
0
0
1
0
3
0
0
2
1
1
1
0
1
0
0
0
2
3
1
0
2
0
0
0
1
0
1
0
0
0
0
0
1
0
0
2
1
1
1
0
1
0
1
0
0
0
2
1
0
0
1
0
1
0
1
1
0
0
0
0
2
0
0
0
0
0
0
0
1
1
0
1
0
0
2
1
0
0
1
0
1
0
0
0
1
1
0
0
0
1
1
1
0
0
0
1
0
0
0
1
1
0
0
0
0
1
0
0
0
3
3
1
0
1
0
0
0
3
0
1
0
0
0
0
1
0
2
0
0
2
0
0
1
0
0
0
0
2
0
0
0
1
1
2
0
0
0
0
0
0
0
0
0
0
0
0
0
0
0
1
0
0
1
0
0
0
1
1
2
3
0
1
0
0
0
1
0
1
0
0
1
1
1
1
0
2
0
0
2
0
0
0
0
0
2
0
0
0
1
1
0
0
2
1
0
2
1
0
0
0
0
0
0
0
0
0
0
1
2
0
0
0
0
0
1
1
0
0
0
0
2
0
0
0
2
1
1
0
1
0
1
0
0
1
1
0
0
0
0
0
0
0
0
0
0
0
0
0
0
0
0
2
0
0
1
1
1
0
0
2
0
1
0
0
3
0
0
0
0
0
0
0
1
1
1
0
0
0
0
1
0
0
1
0
0
0
0
1
0
1
3
0
1
1
0
0
0
0
1
0
1
0
0
1
2
0
1
0
0
2
2
0
0
0
0
1
1
0
1
1
0
0
2
0
0
0
1
0
2
2
0
0
0
0
0
0
2
0
1
1
0
1
0
0
0
1
1
0
0
0
0
0
0
0
1
1
0
0
0
1
0
0
0
0
0
0
0
0
2
1
0
0
0
0
1
1
1
0
1
0
0
3
0
1
1
1
1
0
0
0
0
1
0
1
0
0
0
3
1
0
0
0
4
1
0
1
0
0
2
2
0
0
1
0
0
0
0
3
1
1
1
0
2
0
3
1
0
3
0
1
1
0
0
0
0
0
0
0
1
1
0
0
2
1
0
0
1
0
1
1
0
1
0
1
0
1
0
1
0
1
0
1
1
1
0
0
0
0
0
0
1
0
1
1
0
1
0
3
1
0
1
1
2
0
1
1
1
2
1
0
0
0
1
1
1
2
3
2
1
0
1
0
1
0
1
0
1
0
1
1
1
0
1
1
0
0
1
1
1
1
0
0
0
0
2
0
0
0
0
0
1
2
1
0
2
0
0
2
0
0
1
3
0
2
0
2
2
0
1
0
0
0
0
1
1
0
3
0
1
2
1
0
0
2
3
3
1
0
1
0
1
2
1
2
0
1
2
0
0
0
0
1
1
0
1
0
0
1
0
1
0
0
2
1
0
0
0
0
0
5
1
1
1
0
2
0
0
0
1
1
0
0
1
0
2
1
2
2
2
1
1
0
0
2
0
2
1
0
0
0
0
1
1
0
2
0
0
0
0
1
1
0
1
1
0
0
0
0
0
0
1
0
2
0
1
2
3
0
1
0
1
2
0
2
0
2
0
1
1
0
2
0
1
1
1
1
0
1
0
1
0
0
1
1
0
1
1
0
1
3
0
0
1
0
1
0
0
0
0
0
1
0
0
0
0
0
0
0
1
0
0
0
2
1
0
0
0
0
0
1
0
0
0
0
1
1
0
0
0
0
0
1
0
1
0
0
0
0
0
1
0
0
1
0
0
0
0
1
0
0
1
0
0
0
1
1
0
1
1
0
2
0
0
2
1
0
1
0
0
0
0
0
0
0
2
0
1
1
0
0
0
0
0
0
0
0
1
0
0
0
0
0
0
0
1
2
1
1
2
0
0
0
0
0
0
0
1
1
1
0
0
2
0
1
1
0
1
0
0
0
0
2
0
0
1
0
0
0
0
0
0
0
0
0
0
0
0
1
0
0
1
0
0
0
0
0
0
0
1
0
0
0
0
1
0
0
0
0
0
0
0
0
0
0
0
0
