0
0
0
0
0
0
0
0
0
0
0
0
0
0
0
0
0
0
0
0
0
0
0
0
0
0
0
0
0
0
0
0
0
0
0
0
0
0
0
0
0
0
0
0
0
0
0
0
0
0
0
0
0
0
0
0
0
0
0
0
0
0
0
0
0
0
0
0
0
0
0
0
0
0
0
0
0
0
0
0
0
0
0
0
0
0
0
0
0
0
0
0
0
0
0
0
0
0
0
0
0
0
0
0
0
0
0
0
0
0
0
0
0
1
0
0
0
0
0
0
0
0
0
0
1
0
0
0
0
0
0
0
2
0
1
0
0
0
0
0
2
0
2
1
1
0
0
0
1
1
1
1
1
0
1
0
0
2
5
1
1
0
3
4
3
8
3
5
7
7
17
15
16
10
14
15
19
15
19
23
27
22
15
20
36
31
45
45
64
52
34
59
66
69
76
78
67
77
76
64
80
90
92
86
99
76
78
79
77
87
77
72
74
67
77
101
74
86
94
86
95
78
90
97
110
87
90
80
81
82
85
73
70
83
79
69
70
76
76
71
82
95
82
69
77
81
82
65
76
69
66
86
86
83
75
66
84
81
94
95
84
80
92
79
84
86
78
98
86
83
76
68
81
96
78
76
85
85
68
109
96
100
81
95
77
93
86
99
81
94
94
97
99
99
92
98
83
92
96
91
89
100
104
95
83
118
77
102
99
91
83
88
90
85
98
95
96
112
111
88
92
95
91
99
89
100
110
99
108
83
88
93
86
97
102
85
87
83
87
87
83
80
80
76
82
84
99
81
76
108
82
75
87
97
77
69
98
80
79
86
75
76
75
59
82
82
72
91
78
83
83
83
85
82
84
61
79
68
77
60
82
82
75
78
70
77
81
78
70
61
82
69
59
77
69
65
72
69
79
62
62
82
59
73
75
91
56
82
71
68
84
69
72
63
74
74
73
61
76
74
77
65
66
69
63
95
54
66
73
70
84
56
65
70
70
62
65
67
67
74
68
78
85
51
58
63
70
70
85
72
54
58
56
80
70
79
63
61
73
61
66
70
68
70
65
67
65
75
81
49
72
61
62
58
63
79
58
67
55
55
47
76
60
74
52
51
81
79
63
72
50
54
72
59
70
57
68
58
66
78
56
59
68
68
61
56
51
66
52
54
67
74
62
63
67
88
58
57
54
62
49
55
57
57
55
67
71
69
49
69
65
66
59
63
62
65
60
59
63
66
53
52
59
59
55
56
53
81
61
62
57
66
64
51
59
60
54
62
45
51
59
47
59
51
39
59
60
55
66
58
51
56
52
46
57
60
47
56
59
46
41
57
57
45
56
78
52
53
57
52
60
48
59
46
48
51
58
70
56
40
43
55
44
52
46
56
53
43
59
45
37
48
44
48
45
59
58
46
51
52
44
57
43
50
36
46
45
30
37
46
49
50
40
48
34
32
42
34
33
44
40
41
33
39
49
34
57
43
40
42
42
37
36
51
39
41
38
44
37
39
46
39
40
51
38
40
29
42
41
41
25
38
43
32
46
34
26
35
24
29
49
32
34
38
29
36
35
36
44
45
40
35
30
39
36
25
36
37
41
36
28
28
34
34
35
21
29
27
23
27
28
30
26
35
38
31
31
41
33
33
26
31
29
42
35
36
34
36
29
28
29
19
34
29
28
31
31
20
35
24
28
33
31
27
20
19
39
32
22
37
30
28
33
24
23
24
21
33
29
32
24
31
35
24
31
27
26
26
28
40
25
22
29
26
27
22
21
35
23
21
36
24
31
21
28
26
23
24
23
22
35
23
24
26
31
30
17
19
17
22
26
31
14
21
15
21
27
19
33
23
22
24
20
29
14
16
25
24
20
27
12
25
18
19
17
25
23
26
25
18
24
21
11
15
24
23
22
16
17
20
20
22
25
21
24
28
19
20
18
18
21
18
18
35
31
17
23
23
24
19
19
17
23
22
21
22
21
24
18
16
23
27
19
23
17
19
24
13
24
27
22
15
22
22
18
20
24
26
21
20
25
19
27
21
22
23
16
15
19
22
27
21
17
20
17
17
22
16
17
14
18
19
22
17
14
24
14
23
14
19
24
23
23
21
17
26
19
22
20
25
17
11
10
18
19
12
18
18
22
16
24
18
11
28
10
16
20
18
27
22
9
18
17
13
13
21
14
20
16
18
14
23
13
18
18
23
22
12
17
22
24
16
20
19
18
22
18
14
19
23
24
19
20
26
24
19
14
22
21
14
8
16
12
17
21
9
15
20
20
8
17
21
19
20
13
18
15
17
13
27
16
16
6
15
16
19
24
20
14
16
15
14
19
18
17
11
13
15
21
16
12
8
15
19
21
18
16
11
17
16
18
14
14
17
8
10
13
12
23
23
12
10
10
18
16
16
19
12
22
14
14
16
12
11
14
11
9
18
12
16
16
13
12
13
13
15
11
17
23
14
14
18
14
15
13
8
13
18
13
15
18
15
20
16
19
8
13
9
16
13
13
16
12
14
17
11
17
15
11
10
13
15
20
15
13
12
15
14
19
17
9
12
11
17
17
17
10
8
12
12
23
10
15
13
12
11
12
16
12
13
18
18
16
22
15
11
14
17
10
9
17
19
13
15
21
15
17
18
9
7
10
17
10
8
18
14
10
10
19
14
13
23
20
13
14
12
11
14
18
9
17
14
10
17
15
17
6
20
15
16
19
15
14
11
14
15
12
14
7
21
15
14
13
10
3
16
11
17
7
15
13
9
18
8
9
6
12
8
10
12
13
17
19
12
7
11
10
13
12
12
10
13
12
14
7
12
11
13
15
17
18
19
13
8
11
6
10
9
16
13
15
10
12
18
12
15
16
8
8
9
12
10
12
9
9
14
9
10
13
9
13
6
15
10
11
8
13
12
10
11
15
8
14
11
10
13
10
13
10
4
14
6
11
17
5
11
10
11
10
8
15
7
5
8
8
7
7
11
5
11
15
7
10
10
7
4
16
7
11
9
9
8
12
5
6
9
8
7
5
13
8
6
6
7
7
8
5
5
7
8
5
8
9
11
13
7
4
6
5
7
6
5
7
9
7
8
7
10
3
2
7
5
8
2
3
8
6
4
4
5
8
8
4
2
7
5
8
4
7
8
9
8
8
5
8
6
6
12
9
9
7
3
4
7
1
0
7
7
6
4
5
3
12
6
5
6
5
6
7
5
7
6
5
4
5
6
9
6
4
0
4
6
7
3
6
2
5
8
9
9
3
4
8
6
3
4
4
3
8
6
5
9
9
9
2
6
6
8
4
9
5
5
6
4
3
4
3
3
4
3
7
3
3
4
3
4
7
5
8
4
5
10
3
3
2
5
6
11
6
7
4
3
4
4
8
10
10
7
8
7
5
2
7
5
3
2
6
5
8
8
4
5
6
6
8
4
3
7
4
8
6
5
2
7
5
5
7
6
6
4
3
7
7
3
6
3
6
10
8
3
4
8
1
7
5
13
4
7
4
1
4
6
5
1
5
6
3
1
3
7
7
6
6
4
4
7
7
4
4
6
3
5
4
3
5
7
8
5
6
3
4
4
2
10
2
3
5
6
4
9
3
8
6
7
4
6
10
1
5
1
5
6
3
2
5
6
7
5
5
4
6
3
3
6
4
5
7
5
8
5
4
8
2
5
5
6
5
10
8
4
5
3
5
5
3
4
6
4
11
6
5
4
6
5
8
8
10
6
7
2
5
4
6
4
9
10
8
3
7
6
8
10
3
6
6
12
5
8
8
7
10
9
10
16
8
8
10
9
10
15
13
8
12
7
6
7
13
7
9
6
8
14
15
7
17
11
10
14
8
10
14
10
11
11
16
20
7
15
19
17
16
12
16
12
18
20
19
26
15
19
22
25
15
21
14
19
19
17
28
19
20
18
23
21
29
31
26
23
35
23
25
32
25
33
27
34
31
24
29
28
31
38
24
40
28
32
33
28
39
19
42
31
29
39
37
33
35
39
40
36
30
35
37
47
31
32
44
36
29
42
46
38
43
49
51
40
48
40
39
42
35
45
46
38
39
41
51
55
37
45
43
40
51
49
45
44
42
44
39
36
44
40
57
44
41
40
47
39
45
48
55
45
49
39
39
36
36
44
41
43
51
53
47
42
41
39
33
40
43
45
45
46
48
36
41
41
50
36
52
49
27
33
37
38
41
47
41
29
28
33
28
30
32
28
24
22
27
38
25
27
32
30
25
35
28
25
23
29
23
31
25
26
19
30
24
17
17
17
24
19
24
22
23
22
15
15
17
15
19
15
22
17
16
14
10
18
11
8
17
10
15
8
10
15
14
8
7
11
12
8
10
4
7
12
13
11
7
13
4
10
12
5
4
8
4
7
2
3
11
3
4
5
3
9
6
6
6
2
8
6
3
3
3
2
2
4
3
3
4
4
6
6
1
3
2
1
6
3
0
3
0
2
0
2
4
0
5
5
2
2
5
0
2
1
1
4
3
2
3
8
4
2
3
3
1
1
1
0
5
1
4
0
2
0
4
3
3
1
3
1
3
0
1
2
3
1
1
1
3
1
3
0
3
2
3
0
1
2
3
6
0
1
2
3
0
2
1
2
2
2
1
2
2
2
2
4
2
0
4
2
2
2
2
2
0
1
1
4
0
4
0
1
0
2
3
1
2
1
0
1
1
2
0
0
1
1
0
2
0
1
3
1
1
0
2
0
3
1
1
0
1
5
0
2
4
2
0
3
2
1
2
3
1
2
1
2
3
0
1
3
0
0
0
0
0
1
0
1
4
3
1
1
0
1
3
1
2
1
0
3
1
4
2
0
1
1
1
3
1
2
1
3
1
2
0
2
0
3
4
0
0
3
1
1
2
3
1
3
1
0
0
2
0
1
1
3
1
2
2
1
1
0
2
1
3
2
2
3
1
3
3
0
4
0
0
1
2
0
5
4
0
3
2
1
2
0
3
2
0
3
1
3
0
0
2
0
2
1
3
3
0
0
0
1
2
0
1
3
1
3
0
1
1
3
1
1
4
1
1
1
0
3
1
1
1
2
2
1
2
2
1
1
0
0
1
0
1
2
1
1
0
1
3
1
1
1
0
5
1
2
1
2
3
0
0
1
1
0
1
0
0
1
4
1
3
0
0
0
2
2
0
3
2
0
1
0
2
1
1
1
0
2
0
1
1
2
4
0
0
1
3
1
2
2
1
3
1
2
0
1
0
2
0
2
2
0
1
1
3
2
1
3
2
1
0
0
1
1
2
2
1
1
2
1
0
0
0
0
0
1
1
1
1
1
1
0
1
2
1
2
0
0
1
0
1
1
0
1
0
2
1
3
1
1
2
1
1
2
2
1
1
0
0
0
3
1
0
2
2
3
1
0
0
1
2
1
0
2
0
1
1
0
1
1
1
2
0
0
1
1
0
1
1
0
1
0
2
1
3
1
4
2
1
2
1
1
1
0
1
0
1
1
3
0
2
1
1
2
1
0
0
1
1
1
3
1
0
1
0
1
1
2
0
3
0
2
1
0
1
0
1
2
0
2
0
0
2
3
2
1
1
1
0
1
1
2
1
1
4
1
0
0
2
1
0
0
3
3
2
1
4
1
0
0
1
0
3
1
1
4
1
2
1
0
1
2
1
3
1
1
0
2
1
2
1
4
3
0
0
0
1
0
0
0
1
1
0
0
1
0
1
1
2
1
0
2
0
2
1
3
4
3
1
0
0
3
0
0
1
1
0
0
0
0
0
1
3
0
2
4
0
4
2
0
2
2
2
2
3
1
0
1
1
0
3
3
1
3
5
2
1
1
1
0
2
3
0
2
2
0
0
1
1
1
0
2
0
5
1
2
0
2
1
0
1
0
0
0
0
1
0
2
1
0
1
2
0
2
1
1
0
0
0
1
0
0
0
2
0
0
0
1
3
1
1
0
1
0
1
2
1
0
1
1
1
1
1
1
1
1
1
0
0
1
1
0
0
2
1
2
1
0
2
1
1
0
0
0
1
0
1
2
0
0
2
1
0
1
0
0
2
0
0
1
6
3
0
1
2
1
2
0
0
0
1
1
0
3
0
0
2
4
0
1
1
0
0
1
0
0
0
2
1
0
0
1
0
1
0
0
0
0
5
0
0
0
1
0
1
2
0
0
1
1
4
3
0
0
1
0
2
2
1
1
0
0
1
1
0
0
0
0
3
0
2
0
0
3
1
3
2
1
1
0
1
1
0
1
0
1
1
1
1
3
2
2
0
0
1
0
0
1
1
1
1
0
0
1
0
1
0
0
0
0
1
1
1
0
0
1
0
1
0
4
1
3
2
1
1
1
0
1
2
2
1
0
2
1
0
0
0
2
1
0
1
1
0
0
2
0
1
2
0
0
0
1
2
0
1
0
3
1
2
2
3
1
0
0
1
0
1
0
1
1
1
3
1
2
0
1
0
0
2
0
0
1
0
0
1
3
0
0
1
0
3
1
2
2
0
2
1
0
2
2
1
0
1
0
1
0
2
0
1
0
1
1
1
2
1
1
0
2
1
1
1
1
0
2
0
1
1
0
0
0
0
0
2
0
0
0
0
0
1
1
1
1
1
1
0
0
1
0
2
3
1
1
3
1
0
1
0
2
0
1
1
2
0
1
2
1
2
0
0
0
1
3
2
0
1
2
0
2
0
1
1
3
1
1
0
0
0
1
2
2
1
0
2
0
1
1
1
2
1
3
0
1
1
1
0
0
4
2
1
1
0
2
0
3
2
0
1
2
1
1
0
0
1
0
4
1
1
0
1
0
0
2
0
2
2
1
0
0
0
2
1
1
0
0
0
0
1
1
2
2
0
0
0
0
0
1
4
0
0
0
3
0
1
0
2
0
1
0
0
1
1
1
2
0
1
0
0
1
0
1
0
0
2
0
1
0
2
0
0
1
0
0
0
2
1
0
1
0
2
2
1
2
2
1
0
2
1
1
0
0
2
0
0
1
2
0
2
0
1
1
2
0
0
1
2
0
0
2
0
0
1
1
1
0
0
0
1
1
0
0
0
1
0
1
0
0
1
0
1
0
0
1
0
0
0
0
0
0
0
1
1
0
1
0
0
0
0
1
0
1
0
1
2
0
2
0
0
0
1
1
1
0
2
0
2
0
0
0
1
0
1
1
1
1
0
1
2
1
1
0
0
1
2
1
0
1
0
2
2
0
1
0
0
1
0
2
0
1
1
2
0
0
0
1
0
2
0
2
1
0
0
0
0
1
0
1
1
0
1
1
0
0
2
1
0
2
0
1
0
1
1
0
2
0
0
1
1
0
0
1
0
1
0
1
1
1
0
0
1
0
1
1
0
0
2
0
1
2
2
1
0
1
0
0
0
1
1
0
0
1
2
1
2
3
1
2
0
2
0
3
0
0
0
0
0
1
1
0
0
1
3
1
2
0
0
0
0
0
0
0
0
0
0
1
0
0
0
0
0
1
0
1
1
0
0
1
1
1
0
0
1
1
0
1
2
1
0
0
0
0
0
2
0
2
2
0
1
0
0
1
1
1
0
0
0
0
0
0
0
0
2
1
1
0
0
0
3
1
1
0
0
0
1
1
0
0
1
1
1
1
1
0
0
0
0
0
0
0
0
0
1
1
0
1
2
1
0
1
0
1
0
0
0
0
0
0
0
0
1
0
1
0
1
0
0
0
0
1
0
1
0
0
1
0
0
0
0
2
0
1
0
0
1
1
0
0
0
0
1
1
0
1
0
0
0
0
0
1
1
0
0
0
1
0
1
1
0
2
1
1
1
1
2
0
0
0
0
0
0
0
2
1
1
1
0
0
1
1
1
1
1
0
0
0
0
0
0
1
1
1
0
1
1
1
0
1
0
0
1
1
1
1
0
0
0
2
0
1
1
0
0
0
0
0
0
0
1
2
0
1
0
2
2
0
0
0
0
0
0
0
1
1
2
0
0
0
0
1
0
0
0
1
0
0
1
0
1
0
1
0
1
1
0
0
0
1
0
0
1
1
0
2
0
1
1
0
0
1
0
1
0
0
1
0
1
0
0
0
2
1
0
0
0
0
0
0
0
0
1
1
0
1
0
0
2
0
0
2
1
1
0
2
2
2
0
1
0
0
1
2
1
1
1
1
1
1
0
0
1
0
0
0
1
0
0
0
0
2
0
1
0
0
1
1
0
1
0
0
2
0
0
1
2
1
0
0
0
1
0
1
1
0
1
0
1
2
0
3
0
1
0
0
1
0
1
0
0
0
0
0
1
0
0
1
0
1
0
0
0
2
1
1
0
1
0
2
1
1
1
0
0
0
1
0
0
1
0
1
0
1
2
0
0
1
0
1
0
2
0
0
1
0
1
1
2
0
1
0
0
1
1
2
0
0
0
2
0
0
0
1
1
0
0
1
0
2
2
1
1
1
0
1
1
0
0
1
1
0
0
1
0
1
2
1
2
0
0
1
0
1
0
0
1
1
0
0
1
0
1
1
0
1
1
1
0
2
0
2
1
0
1
1
1
0
0
1
1
0
3
0
0
1
1
0
1
1
1
1
1
1
1
0
0
1
0
0
0
5
0
1
0
0
1
0
0
1
1
1
0
0
2
1
2
0
0
0
1
0
0
2
0
2
1
2
0
0
1
1
0
0
1
2
0
1
0
1
1
1
0
0
0
1
1
1
0
4
2
0
1
1
0
0
1
0
1
3
1
1
2
0
0
1
0
0
1
0
2
2
0
2
0
1
0
2
1
2
2
1
0
0
0
2
0
2
0
0
1
0
0
1
2
0
1
0
0
1
2
1
0
1
0
1
0
0
0
0
2
0
1
0
0
0
0
2
0
0
0
0
0
0
0
1
1
1
1
0
1
1
1
0
1
0
2
2
0
0
0
2
0
1
1
0
0
1
2
0
0
0
0
0
0
1
0
0
1
0
0
0
0
2
0
0
1
1
0
0
2
0
0
0
1
0
0
0
0
0
0
0
0
0
0
1
1
0
1
0
0
0
1
1
1
1
0
1
0
1
0
1
0
0
1
0
0
0
0
0
0
0
0
1
1
1
0
1
2
0
1
0
0
0
0
0
1
0
0
0
0
0
0
0
1
0
0
0
0
0
0
0
0
0
0
1
0
0
0
0
0
1
0
3
0
0
0
0
0
0
0
0
0
0
0
1
0
0
0
0
0
0
0
0
1
0
0
1
0
0
0
0
0
0
1
1
0
0
1
0
1
0
1
0
0
0
0
0
0
0
0
0
1
0
0
0
0
0
1
0
0
0
0
0
0
0
