0
0
0
0
0
0
0
0
0
0
0
0
0
0
0
0
0
0
0
0
0
0
0
0
0
0
0
0
0
0
0
0
0
0
0
0
0
0
0
0
0
0
0
0
0
0
0
0
0
0
0
0
0
0
0
0
0
0
0
0
0
0
0
0
0
0
0
0
0
0
0
0
0
0
0
0
0
0
0
0
0
0
0
0
0
0
0
0
0
0
0
0
0
0
0
0
0
0
0
0
0
0
0
0
0
0
0
0
0
0
0
0
0
0
0
0
1
0
0
0
0
0
0
0
1
0
0
1
0
0
0
1
0
0
1
0
0
0
1
1
0
0
0
1
1
1
0
0
0
1
0
0
2
1
3
3
2
2
1
3
2
7
2
0
9
7
2
5
5
5
10
10
4
6
14
12
12
26
17
17
21
26
29
37
34
39
44
35
65
50
62
65
62
66
87
83
71
68
61
81
78
78
76
76
73
88
80
73
71
75
82
96
76
80
79
82
86
81
74
68
75
80
67
63
73
74
80
71
76
79
88
73
76
85
75
63
84
73
74
75
84
69
76
82
68
69
79
73
67
62
61
62
66
78
58
95
64
71
87
74
73
74
68
76
52
72
69
82
70
75
89
92
80
67
80
74
101
86
66
79
78
77
69
89
78
85
85
86
83
96
81
76
78
78
80
79
90
83
107
88
103
86
86
81
95
103
108
78
85
83
87
68
80
96
90
82
108
105
90
92
101
90
118
92
90
87
92
94
70
99
89
67
79
106
90
88
60
87
75
84
87
80
79
86
74
89
83
88
71
82
70
88
89
73
75
87
80
72
69
81
71
86
83
70
82
71
64
83
74
74
65
76
77
67
84
71
69
67
83
81
72
73
65
67
55
68
69
59
69
77
56
77
62
81
58
73
50
51
78
71
80
61
69
53
77
56
58
74
76
61
63
69
70
61
69
65
73
68
60
62
85
92
62
72
67
64
65
64
66
67
68
70
76
68
66
74
72
52
53
66
73
65
63
71
58
68
57
59
58
68
64
64
71
57
44
74
58
71
58
64
68
46
59
72
62
67
61
75
59
65
75
60
65
65
52
67
60
57
51
61
69
62
51
54
66
70
63
63
51
54
75
55
81
61
79
67
54
62
70
62
61
60
60
69
68
60
55
48
56
69
68
48
66
59
72
57
63
56
46
57
45
45
51
50
56
53
61
61
58
51
53
60
53
71
67
54
49
57
44
47
50
48
55
58
61
53
61
61
63
61
58
52
54
59
50
50
64
58
60
45
59
53
59
51
37
58
42
56
55
47
71
54
57
40
59
51
65
48
48
56
61
42
65
54
47
47
55
54
58
53
58
54
44
38
53
39
48
55
50
55
49
46
39
54
53
38
51
40
50
48
52
40
39
43
57
54
31
44
39
54
40
43
44
43
44
34
37
49
45
42
36
37
47
43
47
43
43
27
31
32
32
44
43
43
30
38
28
45
43
36
46
36
34
37
40
44
33
43
37
51
32
37
34
49
27
36
42
44
40
32
34
42
28
23
36
44
34
37
37
33
41
22
45
33
32
36
34
28
27
27
33
32
31
30
43
31
28
26
39
28
37
29
33
32
32
28
39
23
35
37
39
31
31
30
29
34
34
26
26
27
28
37
33
21
23
29
21
28
19
30
28
36
24
20
30
28
34
26
28
33
22
29
26
31
27
31
27
19
27
24
30
21
30
31
24
18
25
27
24
29
20
17
25
19
27
26
32
29
24
26
29
24
26
21
22
25
33
30
26
31
16
29
25
20
14
17
24
30
20
26
24
18
28
20
23
16
33
24
17
23
28
28
16
25
22
20
11
33
23
23
23
31
19
28
24
11
37
29
25
18
26
26
19
13
23
23
28
16
17
20
17
25
19
16
17
23
13
19
20
25
27
32
29
19
30
24
20
12
22
18
17
23
15
18
22
18
15
29
17
18
15
24
28
25
18
14
13
14
19
20
26
27
15
14
25
16
12
21
25
27
24
19
19
13
22
19
16
19
20
18
12
18
20
23
19
21
12
16
17
19
18
15
18
19
13
26
20
24
26
22
21
12
18
15
26
19
14
17
8
19
20
16
23
18
19
16
21
14
9
16
20
21
14
19
17
15
18
18
10
10
15
23
23
20
21
20
19
13
20
18
10
21
18
16
15
21
16
14
12
14
10
13
16
19
20
14
16
18
15
9
14
20
23
15
18
28
13
14
14
19
26
13
23
11
13
16
21
9
13
17
25
26
10
15
16
16
19
5
16
16
16
14
19
21
16
16
22
18
21
14
21
20
11
14
16
21
21
15
19
19
17
12
26
10
11
15
16
20
7
19
20
14
24
14
14
13
12
15
20
15
18
12
14
5
7
17
18
17
13
26
21
20
14
11
14
14
10
21
19
16
18
16
14
16
15
11
12
10
13
13
13
16
11
15
19
24
16
10
13
14
13
8
13
16
14
13
16
17
16
17
12
17
11
18
15
19
14
15
12
14
16
11
18
13
14
8
16
8
10
15
13
22
22
10
12
17
16
16
12
11
7
13
13
16
11
22
15
10
14
14
10
12
12
8
10
13
8
18
15
14
11
11
3
10
20
14
12
13
18
11
9
12
11
13
8
16
17
13
17
13
13
13
20
6
11
15
10
13
11
12
12
13
9
11
8
13
15
15
9
10
10
12
9
11
16
13
11
15
8
16
13
17
14
12
15
15
11
8
15
12
18
13
10
10
11
7
13
18
11
11
13
10
11
11
14
11
10
15
19
17
16
10
7
15
13
21
11
10
11
10
16
14
8
4
3
9
13
15
11
12
10
19
13
20
15
12
11
8
8
15
13
10
9
16
17
9
20
6
11
8
17
13
12
13
10
9
8
10
14
11
10
15
12
10
7
10
9
12
12
12
12
8
11
10
12
13
13
11
6
8
14
14
8
15
15
8
8
7
10
11
11
10
8
4
8
10
9
7
7
7
5
10
9
6
9
4
7
6
9
10
4
15
11
9
9
12
4
9
10
4
13
11
9
6
8
6
9
3
9
6
14
11
6
3
5
4
14
6
5
10
3
12
10
5
8
7
5
5
7
8
6
5
5
4
5
11
9
4
7
4
8
9
1
5
8
11
7
8
8
7
9
6
4
4
7
4
1
9
9
7
6
9
6
5
10
3
8
3
10
1
6
6
5
8
11
4
3
7
8
9
8
3
4
5
7
9
2
9
4
7
4
0
6
2
6
8
2
5
7
2
4
4
5
8
4
6
6
6
4
2
3
7
7
10
13
3
5
4
6
5
2
8
5
1
7
3
9
3
10
7
8
3
4
6
3
8
8
7
6
5
6
5
3
8
7
5
9
5
5
1
5
7
5
3
4
3
9
3
5
6
8
6
5
6
4
6
3
9
6
5
5
4
4
4
5
4
3
6
2
4
6
2
5
5
2
6
4
6
7
7
4
5
4
2
3
5
4
5
5
6
6
6
3
7
7
3
4
3
6
5
2
9
6
3
8
3
4
6
2
9
4
6
3
3
6
4
9
5
8
10
5
3
10
1
4
5
6
8
5
4
2
5
4
4
2
4
3
6
5
6
5
6
6
9
6
8
6
8
8
2
4
2
6
1
3
3
1
6
1
6
2
7
5
6
3
8
2
2
3
6
4
4
5
9
7
3
4
5
5
9
5
6
5
6
5
9
8
5
5
8
3
5
7
7
5
9
8
7
7
6
9
4
8
8
6
2
4
7
8
10
10
9
6
7
9
6
5
8
9
8
11
8
10
9
9
8
10
10
13
8
11
7
14
5
9
7
9
10
5
13
10
6
12
12
15
8
11
11
13
11
13
11
13
13
10
16
11
13
22
28
18
16
14
17
19
24
18
12
21
22
8
25
18
25
15
23
15
17
13
25
21
17
17
16
26
31
24
29
27
30
26
25
20
26
35
33
29
46
28
29
19
22
30
33
27
29
23
28
29
32
29
31
39
28
39
37
33
36
39
33
33
37
43
42
34
53
32
33
37
47
39
42
41
50
42
49
30
42
53
34
52
47
51
51
46
41
50
41
46
48
52
49
42
37
51
48
42
41
50
41
44
37
43
40
31
47
40
35
44
54
47
51
39
48
40
47
41
49
44
48
47
43
39
36
33
44
43
39
50
35
38
44
40
30
42
47
38
47
39
32
31
43
32
28
42
33
39
31
30
32
33
31
31
42
36
34
25
43
30
29
27
27
27
28
27
27
21
28
27
28
21
20
28
27
14
27
19
17
23
22
26
19
22
19
22
20
14
14
17
14
9
12
11
15
12
15
17
14
18
13
18
10
13
16
17
11
9
7
13
10
13
10
4
11
10
5
8
9
10
7
7
9
7
13
9
3
9
7
4
8
5
7
10
7
5
9
3
2
5
0
5
2
7
7
5
7
2
6
4
4
1
3
6
4
2
4
1
1
1
2
5
5
0
1
0
5
3
4
3
0
6
0
3
3
4
2
3
3
3
2
0
2
5
3
6
1
1
5
0
3
3
3
0
2
1
3
0
2
2
5
4
3
0
2
2
2
3
0
3
1
2
1
5
2
0
1
1
3
0
3
1
1
0
0
3
1
2
1
1
0
1
3
2
0
0
2
2
1
1
3
1
2
2
2
1
1
1
1
1
0
2
2
3
2
1
1
3
6
3
0
2
0
0
2
1
1
2
1
0
1
3
1
3
1
3
3
2
4
2
2
3
1
1
1
0
2
0
2
1
1
2
2
0
1
1
1
3
2
2
0
1
3
3
1
2
3
2
0
2
2
0
0
0
1
4
1
0
1
1
2
2
1
0
0
1
2
3
1
3
0
1
0
1
2
1
0
0
1
1
0
2
0
0
0
0
1
0
2
1
1
2
1
1
0
0
0
2
2
3
2
0
3
3
3
0
1
3
1
0
2
2
1
0
0
0
1
0
1
0
0
2
1
2
1
1
1
0
0
1
2
0
2
1
1
4
1
2
0
1
0
1
0
1
3
1
0
2
2
2
1
0
1
0
1
2
0
0
3
1
0
1
1
2
1
1
1
1
2
1
1
3
0
0
3
1
4
0
1
1
2
0
1
1
1
1
1
0
0
2
0
0
3
0
0
4
1
1
1
1
0
1
1
0
0
0
2
0
1
0
2
1
0
0
1
1
0
2
1
2
1
1
0
0
1
2
1
1
1
0
0
0
0
0
0
1
2
0
3
1
1
3
4
2
1
1
0
2
3
1
2
0
3
0
1
2
1
1
1
1
0
0
0
3
0
0
2
2
0
1
0
1
1
0
4
3
0
0
0
1
1
0
0
1
2
1
2
1
2
0
1
0
2
2
1
2
1
2
2
0
2
0
3
0
0
2
0
1
1
5
4
1
1
2
0
1
3
0
0
0
0
2
1
2
1
2
0
1
1
1
1
0
2
1
1
2
0
1
1
1
0
3
2
1
0
2
0
1
2
1
0
0
2
0
0
2
2
3
3
1
0
1
1
2
1
0
2
0
3
2
0
0
0
2
0
2
1
1
1
0
0
0
1
2
1
1
0
1
0
1
1
0
2
2
1
3
2
3
5
0
1
1
1
0
1
1
1
0
2
1
1
1
0
2
1
0
5
0
3
2
0
0
1
0
1
1
1
1
0
0
1
1
0
0
2
2
0
1
0
2
1
0
1
0
0
2
1
2
1
0
0
1
1
0
3
1
1
1
1
0
0
0
0
1
2
1
0
3
3
2
0
0
0
1
3
2
3
3
2
1
1
2
0
2
0
1
0
1
2
0
1
3
0
1
2
3
1
0
1
2
0
1
1
1
0
1
2
0
1
2
1
1
0
1
1
1
2
4
1
0
0
0
1
0
0
0
2
1
1
0
0
1
2
0
0
3
1
2
0
1
1
1
2
0
0
1
1
0
2
1
0
0
0
1
0
1
0
2
3
0
1
1
1
0
0
2
0
0
3
0
0
0
1
2
1
3
0
1
0
0
1
0
3
1
1
3
1
0
2
0
0
2
0
1
1
1
0
1
0
0
0
3
1
0
1
1
0
1
0
3
0
1
1
3
1
0
0
1
1
0
2
0
0
1
0
0
4
1
0
1
2
1
1
0
0
0
0
1
0
0
1
0
0
1
1
0
1
0
2
2
1
0
0
0
1
2
1
1
2
0
0
1
0
0
2
0
2
0
0
0
1
2
0
0
0
2
2
1
0
0
0
1
1
0
0
0
0
0
0
0
0
0
0
1
0
0
1
2
1
1
1
1
2
0
1
2
1
0
0
0
2
1
1
0
2
1
0
2
2
1
0
2
1
1
1
2
0
1
0
0
0
3
2
2
0
0
1
0
1
0
1
0
0
0
2
0
1
2
0
1
0
1
1
1
0
1
0
1
2
0
0
0
1
1
0
2
1
2
1
0
1
1
1
1
0
1
1
0
0
0
1
1
1
1
1
0
0
0
2
0
0
1
0
0
1
1
1
0
0
0
2
1
0
1
0
0
2
0
0
0
1
1
0
0
2
2
0
1
1
1
0
2
1
0
1
0
0
2
1
0
2
0
0
0
0
0
3
0
0
1
1
0
1
2
0
0
1
0
0
0
0
2
1
1
1
1
0
1
0
1
0
1
1
0
0
0
0
1
1
0
0
1
1
1
2
2
0
0
1
2
1
0
1
1
2
1
0
0
1
1
0
3
0
3
1
1
2
1
1
0
2
0
0
2
0
0
0
0
1
1
0
1
2
0
0
2
0
0
0
1
0
0
2
0
1
2
1
2
0
2
1
0
0
1
0
1
2
1
0
0
2
0
1
0
2
2
0
3
1
2
1
1
2
1
1
1
0
0
0
1
1
0
0
0
0
0
0
0
0
0
2
0
1
0
2
1
1
0
0
1
0
0
1
0
1
0
0
1
0
0
1
0
0
0
1
0
0
2
1
0
0
1
0
0
1
0
1
0
2
1
0
1
0
0
1
1
1
1
0
1
2
3
2
2
1
0
0
0
0
0
1
0
0
1
0
2
2
0
0
0
0
1
0
1
0
1
0
0
0
0
3
0
0
0
1
0
1
2
3
2
0
0
0
0
1
0
0
2
1
1
0
0
1
0
0
0
1
0
0
0
1
0
1
0
1
0
1
0
2
0
1
1
0
0
0
1
2
1
0
0
0
2
0
0
0
0
0
1
0
1
0
0
0
0
2
1
1
2
2
0
0
0
0
1
0
1
0
3
1
1
1
1
1
0
1
0
1
0
0
0
1
0
1
0
1
0
0
2
0
1
0
0
0
1
0
0
2
0
0
2
1
3
0
0
0
1
1
1
0
0
0
0
0
0
2
0
0
0
0
0
0
0
1
0
0
1
0
0
0
0
0
0
0
0
0
1
0
0
1
0
2
0
0
0
0
0
2
1
1
0
0
1
0
0
1
0
0
0
1
1
0
0
0
0
0
0
0
0
0
0
0
0
1
1
0
0
0
0
0
0
0
0
1
0
1
1
0
0
0
1
0
0
0
0
1
0
0
0
0
1
0
0
1
0
1
0
1
0
0
1
0
0
1
0
0
0
0
0
0
0
1
0
0
0
0
0
1
1
0
1
0
0
1
0
1
1
2
0
1
0
0
1
0
1
0
0
0
0
1
0
0
0
0
0
2
0
0
0
0
1
1
1
0
0
1
0
1
1
2
2
0
0
0
0
0
0
1
0
1
0
0
0
0
0
1
0
0
0
2
2
0
0
1
0
1
0
0
0
1
0
0
0
0
2
1
2
0
1
0
0
1
0
0
0
1
1
1
0
1
0
4
1
0
0
0
1
1
0
0
0
0
0
0
0
1
1
1
0
0
1
0
1
0
0
1
1
1
1
0
0
0
0
0
0
0
2
1
0
0
2
0
1
0
0
1
1
0
0
0
0
0
0
0
1
0
0
0
0
0
0
0
1
0
1
0
1
1
0
1
0
0
1
0
1
0
0
0
0
0
1
0
1
1
1
0
0
0
0
0
0
0
0
0
1
1
0
2
0
1
0
0
0
0
0
0
0
0
0
1
1
1
0
0
0
1
1
1
0
0
0
0
0
0
1
1
1
2
1
0
0
0
0
1
0
1
1
1
0
0
0
1
0
0
0
2
0
0
0
0
1
0
0
0
2
1
1
0
0
1
0
1
0
0
0
0
0
0
0
1
0
1
0
0
1
0
0
0
1
0
0
0
0
1
1
0
1
0
0
1
1
0
1
0
2
0
0
0
0
0
0
0
2
1
2
0
1
1
0
1
0
0
1
1
1
1
0
1
0
1
0
0
0
3
1
0
0
0
0
0
0
0
0
0
2
0
0
2
1
1
1
0
0
0
0
0
0
0
0
0
0
0
0
2
0
0
1
0
0
1
0
0
1
0
0
1
0
0
0
1
0
0
0
2
1
0
1
1
1
1
0
0
1
0
1
0
0
1
1
2
0
0
0
0
1
0
0
0
1
0
3
0
0
2
2
0
0
0
0
0
1
2
0
1
3
0
2
0
0
1
0
1
2
1
0
2
0
1
1
0
1
0
0
0
3
1
0
0
0
0
3
1
0
0
0
0
1
0
0
2
0
1
2
1
1
0
1
0
2
0
1
2
0
2
0
3
0
1
0
0
1
0
0
1
1
0
4
0
0
0
1
6
2
0
1
0
0
0
0
1
0
2
3
0
1
2
0
0
2
1
1
3
0
1
0
1
0
0
0
0
0
0
0
0
0
0
0
0
1
1
0
0
1
0
1
0
1
0
1
1
1
2
0
1
0
0
0
1
0
0
0
0
1
0
0
0
0
0
0
0
2
1
1
0
0
1
1
1
1
0
0
0
0
2
0
0
0
0
0
0
0
0
0
0
0
1
0
2
0
0
0
0
0
0
0
0
0
0
0
0
0
0
1
1
0
0
0
0
0
0
0
0
1
0
0
0
1
0
0
0
0
0
0
0
0
0
0
2
0
1
0
0
0
0
0
0
0
1
0
1
0
0
0
1
0
1
0
0
0
0
1
0
0
0
0
1
1
1
1
1
0
0
0
0
1
0
1
0
0
0
0
0
0
1
0
0
0
0
0
0
0
0
0
2
0
0
0
0
0
0
1
1
1
0
0
0
0
0
0
0
0
0
1
0
0
0
1
1
0
1
0
0
0
0
0
0
0
0
3
2
0
0
1
1
0
0
1
0
1
1
0
0
0
0
0
0
0
0
0
0
0
0
2
0
0
0
0
2
1
0
0
0
0
1
0
0
0
0
0
0
0
0
1
0
1
0
0
0
