0
0
0
0
0
0
0
0
0
0
0
0
0
0
0
0
0
0
0
0
0
0
0
0
0
0
0
0
0
0
0
0
0
0
0
0
0
0
0
0
0
0
0
0
0
0
0
0
0
0
0
0
0
0
0
0
0
0
0
0
0
0
0
0
0
0
0
0
0
0
0
0
0
0
0
0
0
0
0
0
0
0
0
0
0
0
0
0
0
0
0
0
0
0
0
0
0
0
0
0
0
0
0
0
0
0
0
0
0
0
0
0
0
0
0
0
0
0
1
0
0
0
0
0
0
0
1
0
0
0
0
0
0
0
0
0
1
0
0
0
0
1
0
0
0
0
1
0
1
0
1
0
1
2
3
0
3
1
0
4
5
5
1
0
3
4
5
3
4
3
9
9
12
10
16
21
16
15
18
20
21
17
28
24
21
38
30
33
46
70
50
74
59
53
69
66
68
86
72
71
85
64
67
85
85
88
82
69
82
78
73
79
94
98
88
67
82
98
82
72
67
64
89
82
90
102
69
75
76
72
69
86
76
83
71
60
94
87
69
78
74
89
65
79
80
65
65
74
71
63
82
80
69
61
69
65
74
87
74
70
80
75
71
77
73
70
80
66
89
82
88
70
78
92
80
79
73
80
87
84
93
80
100
79
82
72
91
95
88
96
86
96
89
91
88
83
82
76
75
90
81
86
94
82
97
76
95
84
82
89
99
94
77
96
85
109
104
114
95
93
87
82
94
105
92
104
91
75
100
88
80
87
91
82
88
87
87
105
87
102
88
94
93
85
82
69
93
75
79
74
87
80
84
86
84
77
85
74
85
79
70
69
70
57
66
73
74
67
70
72
77
85
68
72
79
66
61
71
79
79
67
74
94
87
58
77
63
73
58
59
69
73
72
68
68
71
71
69
77
66
81
69
67
79
66
62
70
85
73
72
69
73
41
62
66
60
73
66
66
64
57
71
63
80
68
61
56
66
76
72
66
64
64
76
68
65
69
75
81
66
75
67
59
71
66
72
65
72
58
59
71
65
59
46
71
69
51
52
77
69
48
70
57
56
80
58
58
47
74
55
61
55
57
59
54
53
61
54
47
55
45
56
49
51
61
60
55
65
59
67
49
45
49
61
53
53
58
59
52
69
43
40
56
48
67
59
71
49
58
49
49
57
72
71
48
56
44
59
52
40
60
41
48
67
45
55
68
46
53
60
70
59
63
50
50
55
42
55
51
55
51
52
54
58
55
49
53
48
52
48
62
57
48
60
51
50
47
53
49
42
47
51
54
39
48
48
36
46
45
49
45
51
60
48
39
54
46
47
52
57
46
49
40
45
48
42
52
42
42
43
42
46
35
34
51
44
50
39
43
50
51
39
31
46
45
40
46
41
42
40
42
38
28
36
32
43
37
48
49
32
26
37
38
43
41
54
35
32
38
45
43
34
34
54
44
42
21
43
32
50
31
36
52
48
29
29
40
41
44
39
24
31
38
33
25
41
33
43
38
27
31
33
28
34
25
37
26
38
28
28
35
39
32
41
27
25
41
24
38
26
22
36
31
23
35
33
33
31
29
35
26
25
21
25
35
42
28
31
27
28
24
17
29
28
32
32
35
30
33
21
32
29
27
26
20
33
27
26
30
30
36
22
32
29
31
29
25
27
22
29
27
29
34
35
26
24
18
32
15
27
40
29
30
21
21
17
21
22
30
19
34
36
31
19
28
20
26
24
22
25
19
26
16
19
13
19
21
22
16
12
24
19
14
18
27
25
25
19
19
23
23
19
26
17
31
15
21
18
20
32
19
14
22
24
24
22
26
24
23
25
22
26
28
20
13
18
26
22
13
22
24
24
18
20
21
30
28
14
19
12
20
22
22
21
20
17
15
20
19
17
18
23
18
26
19
22
12
12
20
15
13
23
17
21
24
18
18
18
20
21
18
25
10
9
20
15
15
13
12
11
24
25
21
27
16
12
18
23
14
11
15
12
17
17
12
24
8
11
19
10
16
23
12
15
16
16
11
14
16
12
19
9
14
19
18
17
15
12
12
22
10
18
17
19
16
9
14
18
14
20
16
10
16
10
21
8
18
16
13
13
11
12
11
23
9
13
11
11
12
13
14
11
11
17
13
8
15
18
12
14
10
9
8
18
18
9
13
12
14
21
13
12
17
12
14
17
15
17
16
11
19
8
13
12
10
7
15
12
14
12
12
15
13
12
12
21
13
8
13
8
6
9
17
13
8
12
12
10
16
11
8
16
14
13
13
17
16
17
6
18
9
10
5
11
13
18
14
14
9
14
13
13
8
5
14
15
13
13
11
13
13
10
13
16
14
9
9
12
8
10
17
17
4
9
7
11
8
12
14
8
5
12
13
10
7
12
9
12
6
10
12
9
8
7
10
14
7
12
15
7
13
13
3
18
12
5
12
7
5
3
12
12
9
5
12
10
4
11
13
9
14
11
13
15
6
4
3
11
11
8
7
8
8
17
6
9
6
11
10
15
14
13
5
9
7
8
11
6
9
7
10
6
11
8
9
7
7
5
14
4
7
9
6
15
9
8
13
8
7
9
7
11
7
8
15
13
4
9
6
10
11
10
7
8
3
13
8
8
5
2
5
12
11
6
5
8
13
17
10
11
9
4
5
8
8
11
7
8
7
8
11
6
8
7
8
9
6
8
8
7
8
7
12
7
4
6
12
10
8
10
12
10
11
10
6
13
11
13
13
9
7
5
9
6
6
6
12
11
7
7
6
9
9
11
12
13
14
7
9
6
9
10
12
2
3
9
6
3
7
4
8
4
5
7
10
9
6
7
9
4
11
7
13
4
14
9
5
6
7
6
4
9
7
8
11
5
7
6
10
7
7
12
9
10
6
8
10
8
5
8
4
8
3
5
5
6
3
6
7
3
7
8
6
10
8
6
7
4
14
1
9
8
3
9
7
8
8
8
7
5
10
7
9
7
9
10
6
5
6
7
10
6
4
7
8
3
8
5
2
2
8
3
9
5
5
8
2
1
6
5
7
2
8
7
5
2
7
3
3
4
5
6
5
6
3
7
7
5
7
8
9
6
2
0
6
3
4
4
5
8
2
6
6
6
3
4
7
0
3
9
4
9
8
5
3
6
2
9
5
7
4
4
9
8
2
5
5
6
5
6
2
4
5
1
3
2
3
3
5
3
1
1
1
5
6
3
4
1
5
5
5
4
3
7
2
4
5
7
7
7
4
5
7
6
5
4
6
3
3
5
4
3
2
6
5
3
2
4
1
1
3
5
5
6
5
7
4
8
2
1
3
3
8
5
3
2
4
1
9
5
6
6
0
6
7
5
6
5
3
4
5
5
3
2
1
2
2
3
1
5
5
5
6
1
5
5
4
3
1
4
4
3
3
4
1
6
0
1
6
1
4
3
6
3
1
3
2
7
2
3
5
2
2
3
4
4
5
5
4
6
5
2
3
1
2
5
3
2
2
3
6
6
1
2
5
6
7
3
2
4
1
7
6
7
3
1
3
9
1
7
2
0
3
4
5
5
4
3
7
3
4
1
3
4
4
3
7
4
2
4
3
2
3
3
5
3
3
1
5
5
6
6
5
3
3
4
3
3
5
4
6
4
10
7
2
5
5
9
5
4
4
5
11
3
3
4
8
3
4
3
9
10
3
2
6
1
7
3
2
2
4
0
6
5
6
4
8
6
2
10
8
5
6
7
2
8
4
6
4
8
7
4
5
5
6
3
3
8
3
6
5
5
3
6
4
7
4
3
5
5
6
6
8
4
8
11
6
3
6
7
9
5
10
15
10
8
5
10
8
5
13
7
6
8
13
3
6
11
8
7
8
6
6
8
7
8
10
14
7
8
6
12
8
6
15
9
9
10
10
10
7
14
13
15
14
20
11
13
14
14
18
9
15
14
9
8
20
15
11
14
15
12
13
15
12
17
21
24
10
12
14
16
18
22
23
24
10
17
24
22
22
16
23
24
23
15
11
22
26
20
19
23
12
29
19
21
17
17
24
24
19
26
27
19
23
18
20
38
22
22
28
35
18
21
32
15
28
27
20
29
29
20
26
28
31
32
22
29
25
15
24
32
26
23
22
25
26
20
18
26
25
26
19
18
32
23
25
27
23
25
20
23
24
28
18
26
27
12
33
27
20
21
23
21
23
27
19
23
28
30
20
13
18
30
15
23
16
19
10
16
20
20
18
13
13
13
8
20
17
18
19
15
20
18
20
15
19
14
14
17
13
10
15
14
15
16
8
17
14
13
12
9
8
7
9
13
9
11
12
18
15
7
10
12
8
12
11
12
8
7
9
11
11
5
5
8
2
13
4
5
4
4
4
4
3
6
4
3
8
8
3
6
7
3
1
5
5
1
5
7
7
3
5
3
2
5
3
3
4
2
5
4
2
4
1
6
0
5
5
3
5
2
1
3
5
4
4
0
1
2
0
3
0
4
2
0
3
0
2
3
0
2
2
2
2
4
2
2
2
3
5
1
2
2
1
3
2
1
2
2
3
3
1
5
1
3
1
2
2
1
2
0
3
3
2
0
1
5
1
0
2
3
3
3
1
2
4
1
0
2
4
1
1
2
6
3
3
3
2
4
1
2
1
0
0
5
1
0
1
2
2
4
0
3
2
0
0
3
0
2
3
1
3
1
2
0
0
2
2
1
0
2
1
0
1
2
3
1
1
2
2
3
2
0
0
1
2
1
1
0
0
2
0
3
2
0
3
1
0
2
1
2
1
0
0
1
3
1
0
1
1
6
0
1
0
2
2
0
0
5
1
1
2
3
2
0
1
2
1
4
1
0
2
1
0
1
1
3
2
2
2
2
1
0
1
1
0
1
3
1
2
1
1
3
0
1
0
0
1
1
1
0
2
2
0
2
2
2
1
0
2
0
0
0
2
1
1
0
3
0
0
0
3
1
1
1
4
0
1
0
2
0
0
1
2
0
0
0
1
2
0
0
1
2
2
0
1
1
1
2
1
1
0
1
0
1
1
2
1
1
0
1
0
0
4
0
1
4
1
2
0
0
0
2
1
1
2
0
1
3
0
1
0
0
1
0
1
1
0
0
0
2
2
0
0
2
2
1
1
1
1
1
1
4
1
0
2
0
1
0
1
2
1
0
3
0
1
1
2
0
2
0
3
1
0
2
2
0
0
2
1
0
0
0
0
1
1
0
3
1
4
2
0
1
1
0
0
1
1
0
0
1
0
1
0
1
0
1
1
2
3
0
1
1
1
1
2
3
0
0
1
1
3
1
2
2
0
1
3
3
2
2
2
1
1
0
1
0
0
1
2
2
1
2
2
0
2
1
0
0
5
2
3
2
3
3
0
0
4
3
0
2
4
1
0
3
2
3
0
2
0
0
1
3
0
2
1
5
0
1
0
1
0
2
1
2
2
0
1
0
1
0
1
0
4
2
0
0
0
3
1
0
5
1
2
2
1
2
1
1
0
2
0
0
1
1
1
1
0
3
1
1
0
1
1
1
1
0
0
0
0
0
1
0
1
1
1
2
0
1
2
1
0
2
2
0
1
2
2
0
0
3
2
0
0
1
0
0
1
1
1
1
1
2
1
1
1
2
3
3
2
1
1
0
0
2
0
2
1
0
0
2
3
1
0
0
1
1
1
0
2
1
4
0
0
1
2
3
1
1
3
0
1
0
0
2
2
1
2
3
3
3
2
3
1
2
3
0
0
1
0
2
2
1
1
0
0
3
0
1
0
0
2
2
1
0
2
0
0
0
0
0
1
0
1
1
1
2
1
1
2
2
3
1
3
3
2
0
2
0
1
0
2
2
4
1
1
2
1
1
1
1
1
2
0
2
2
2
1
2
0
0
1
0
0
0
0
0
0
0
4
1
0
0
2
3
1
0
1
1
0
0
1
1
0
0
4
1
0
0
2
0
2
1
0
2
1
1
3
2
0
2
2
2
1
1
1
2
0
0
1
0
2
3
1
1
0
0
2
2
3
2
1
1
1
1
1
2
1
3
1
0
1
1
1
0
0
1
0
0
4
1
0
0
3
1
4
2
0
0
1
1
1
2
1
0
2
0
1
1
2
3
1
2
2
1
0
1
1
2
2
2
0
2
0
1
0
1
1
0
0
1
2
1
0
1
2
3
2
1
0
1
2
0
2
2
0
0
0
0
0
0
1
2
1
0
1
0
0
3
0
0
2
0
0
3
0
0
0
2
1
1
1
0
0
0
2
0
0
0
0
0
0
1
1
0
2
1
1
1
0
2
1
0
1
3
1
0
0
0
1
1
0
2
2
0
0
0
0
0
0
1
2
0
1
1
0
0
1
4
0
0
0
0
0
1
0
0
0
1
1
0
2
1
1
0
1
1
1
0
1
1
1
0
0
2
0
1
0
0
3
1
1
0
0
0
0
2
1
0
1
2
1
2
0
2
0
1
0
0
2
0
0
1
1
0
0
2
0
0
2
0
1
0
1
0
1
2
2
1
1
0
2
1
1
0
0
0
0
2
0
1
0
0
0
1
0
3
0
0
0
2
0
0
0
0
0
0
0
0
0
0
2
1
2
0
1
0
1
1
0
0
0
4
1
1
1
2
2
1
0
0
1
0
0
0
1
1
1
0
1
1
0
1
0
1
1
2
1
2
0
1
0
0
0
3
0
0
1
0
1
3
0
3
1
1
0
0
0
2
1
2
0
1
0
0
1
1
0
2
1
2
0
1
2
0
1
0
2
1
0
0
1
1
0
0
0
1
1
0
1
1
3
0
0
2
1
1
0
1
1
0
0
1
1
2
0
0
0
0
2
2
0
0
1
1
1
0
0
1
0
1
0
0
0
0
2
1
0
2
0
1
0
2
0
0
2
0
3
2
4
2
3
0
0
0
0
1
1
0
0
2
2
0
0
0
1
1
0
0
3
2
1
0
0
0
2
2
1
0
1
0
0
0
0
0
1
0
1
0
1
1
1
2
0
1
1
1
1
1
0
0
0
0
1
0
0
0
0
2
0
2
0
1
0
1
0
2
0
1
0
2
1
2
0
0
0
2
0
1
0
0
0
0
0
0
1
0
0
1
0
1
2
1
1
1
1
0
0
0
0
0
0
1
1
0
3
2
0
0
2
1
0
1
1
1
0
1
0
1
3
1
0
0
1
0
0
0
0
1
0
1
1
1
0
0
2
0
1
0
3
0
0
0
1
0
0
0
0
1
0
0
0
0
0
1
1
1
1
1
0
1
0
0
1
0
0
1
1
1
0
1
1
0
1
0
0
1
0
0
1
1
1
2
0
1
0
1
0
0
1
1
0
3
0
1
0
1
1
0
1
0
0
1
0
0
2
2
2
0
1
2
0
1
0
0
0
0
0
1
0
1
0
0
0
0
1
3
1
0
0
1
3
0
1
1
1
1
0
1
1
2
0
0
0
0
0
0
0
0
1
1
1
1
0
0
0
0
0
0
2
0
0
0
1
0
0
0
0
1
3
0
0
1
3
1
0
1
1
1
0
0
1
1
0
0
1
0
0
1
0
0
0
0
0
1
1
0
0
0
2
2
0
0
1
1
0
0
1
1
1
1
1
0
0
0
0
1
1
1
1
0
0
1
0
1
0
0
1
2
0
1
1
1
2
0
0
0
0
0
2
1
2
0
0
1
0
0
1
2
0
2
0
0
0
1
2
0
0
0
0
0
0
1
0
1
1
2
0
1
0
0
0
0
1
1
1
0
1
0
2
0
1
1
0
0
0
0
0
2
1
0
2
0
0
3
0
0
1
0
0
0
0
0
1
0
1
1
0
0
0
0
1
0
0
0
0
0
0
0
0
0
1
0
0
1
1
1
0
0
0
1
0
1
0
1
0
0
0
1
0
0
1
0
0
1
0
0
1
2
1
1
0
0
0
0
2
0
0
0
0
0
0
1
0
1
0
2
1
1
1
1
0
0
1
0
0
1
1
0
0
0
0
2
0
1
0
0
0
1
0
0
0
1
0
1
1
1
0
0
1
1
0
0
1
1
0
0
1
1
2
1
0
1
1
0
0
0
0
1
1
0
0
0
0
0
1
1
0
0
1
1
0
1
2
0
0
0
0
1
1
0
0
0
0
0
0
1
0
0
1
0
0
0
0
0
1
0
0
0
0
0
1
0
0
2
0
0
0
1
1
1
0
1
0
1
1
0
1
0
0
0
0
0
0
2
1
1
0
1
2
0
1
1
0
0
1
0
0
2
0
1
1
2
0
1
0
1
0
1
0
1
1
0
0
0
1
1
1
0
0
2
1
1
2
0
0
1
0
1
0
0
0
1
0
0
0
1
0
1
0
1
1
2
0
0
1
1
1
0
1
1
0
0
0
3
0
0
0
2
1
2
0
0
0
0
2
1
0
1
0
0
1
0
2
1
0
0
1
0
0
0
0
0
1
1
0
0
3
0
1
1
1
1
0
1
2
1
1
1
0
0
0
1
0
1
0
1
0
0
1
1
0
0
0
0
1
1
0
0
0
0
0
0
0
0
0
0
0
0
3
3
0
1
0
0
1
0
1
1
1
0
2
1
1
0
1
0
0
1
0
0
0
0
1
1
0
1
1
0
1
1
0
0
2
0
1
1
1
0
1
0
0
0
0
0
2
0
1
1
1
0
0
0
2
1
0
1
2
1
0
4
0
1
1
0
0
1
0
0
0
0
2
0
2
0
0
2
0
0
0
0
0
1
1
3
2
0
0
1
1
2
0
0
0
1
0
1
0
0
2
0
1
2
1
0
0
0
2
2
0
1
2
1
0
1
1
0
0
1
0
1
0
0
0
1
1
0
0
0
0
0
0
0
1
1
0
2
0
0
0
1
0
0
0
0
0
0
1
1
0
0
0
0
0
1
0
1
1
0
1
2
1
0
0
1
0
0
0
0
1
0
1
1
0
1
0
1
0
0
1
0
0
0
1
0
0
0
0
0
0
1
2
0
0
0
0
0
0
0
0
0
1
0
0
0
1
2
0
0
0
2
0
1
1
0
0
0
0
0
0
1
2
0
0
0
1
2
1
0
0
1
3
0
0
0
0
1
0
0
1
0
0
0
3
0
0
0
0
0
0
0
0
1
0
1
0
0
0
0
1
0
0
1
0
0
0
0
0
0
0
2
0
1
0
0
0
0
0
0
0
0
1
1
1
0
0
0
1
0
0
0
0
0
0
0
0
0
0
0
1
0
1
0
0
0
1
0
0
0
0
0
1
0
0
1
0
1
1
1
1
1
2
0
3
0
0
1
0
0
0
0
0
0
0
0
