1
0
0
0
0
0
0
0
0
0
0
0
0
0
0
0
0
0
0
0
0
0
0
0
0
0
0
0
0
0
0
0
0
0
0
0
0
0
0
0
0
0
0
0
0
0
0
0
0
0
0
0
0
0
0
0
0
0
0
0
0
0
0
0
0
0
0
0
0
0
0
0
0
0
0
0
0
0
0
0
0
0
0
0
0
0
0
0
0
0
0
0
0
0
0
0
0
0
0
0
0
0
0
0
0
0
0
0
0
0
0
0
0
0
1
0
0
0
0
0
0
0
0
0
0
0
0
0
0
1
0
0
0
0
0
1
0
0
1
0
0
1
0
1
0
2
3
0
1
1
3
1
1
0
3
0
3
3
5
3
3
2
0
4
4
1
3
5
3
10
8
13
9
11
14
8
17
15
14
26
24
25
32
26
30
31
35
31
52
46
39
49
56
47
65
65
64
62
57
72
72
85
71
77
71
60
65
75
65
66
66
64
72
81
74
63
76
73
83
78
68
76
84
79
61
73
73
82
75
70
75
63
80
82
66
73
59
82
64
62
81
80
77
79
91
79
67
65
67
89
71
65
64
83
75
69
69
81
65
67
76
72
73
65
76
64
77
81
70
63
56
76
60
70
73
95
75
71
87
88
84
90
94
78
77
75
85
74
83
85
73
96
90
80
77
73
90
84
88
76
75
86
94
106
96
98
75
77
88
96
72
74
86
80
91
87
86
101
87
93
106
91
97
83
101
77
97
92
93
93
87
89
89
94
62
83
74
91
88
68
89
88
79
94
70
87
85
88
83
69
91
90
81
69
73
78
78
71
99
76
68
76
78
86
79
72
72
69
54
69
65
80
82
69
64
58
63
80
74
74
76
65
55
78
60
69
65
63
56
84
56
66
80
71
62
66
63
59
64
72
56
60
63
69
75
67
62
59
66
59
72
67
58
71
50
48
61
59
64
62
69
45
54
70
56
54
59
48
75
65
68
60
55
76
42
64
57
67
67
66
64
58
58
62
44
52
62
72
60
58
51
59
61
60
55
52
56
44
52
57
59
52
65
68
58
60
70
58
59
63
64
60
57
72
60
58
72
48
65
64
49
57
58
60
62
63
56
46
63
62
62
57
54
57
61
68
52
64
62
52
64
56
41
55
65
61
57
44
59
55
49
61
54
56
62
61
53
54
62
61
57
59
44
55
47
58
63
55
52
43
47
53
55
58
63
52
53
50
58
55
52
56
48
54
56
55
57
63
55
48
50
53
56
55
50
46
48
54
41
47
54
56
44
58
38
48
59
55
59
59
62
57
56
49
48
52
46
48
42
49
45
44
45
55
49
46
51
47
57
50
31
52
41
42
43
46
48
53
39
49
51
51
46
59
49
46
56
47
47
56
40
43
38
42
46
40
43
37
44
40
49
37
41
31
33
34
38
40
43
47
37
43
39
44
45
40
27
34
41
45
30
41
51
40
38
34
40
37
35
44
36
34
32
38
40
37
35
32
39
32
47
30
42
32
51
38
37
41
44
27
33
33
42
42
31
38
30
27
30
32
29
31
37
26
36
34
25
31
30
31
32
25
23
27
25
27
23
30
45
29
28
39
31
36
22
29
22
39
29
15
28
25
37
32
27
21
40
31
25
23
24
22
21
28
31
28
30
30
27
23
31
20
23
28
21
31
32
21
21
21
32
28
16
27
28
18
21
22
19
26
19
29
16
26
34
25
22
29
24
17
28
20
19
18
19
26
26
22
23
26
17
17
22
31
29
15
33
15
28
21
20
18
21
16
20
26
24
22
24
24
27
16
18
26
28
19
22
20
17
20
20
22
17
25
22
23
18
22
25
16
24
16
22
19
27
24
15
32
21
23
20
23
17
23
23
22
22
18
19
14
14
17
21
19
15
18
18
18
21
18
22
25
21
29
29
21
17
16
21
16
16
13
23
17
18
24
18
15
14
20
23
13
15
15
17
18
16
21
15
19
17
21
13
11
19
25
17
6
10
18
20
18
19
15
17
16
25
25
18
22
15
22
16
21
16
14
15
12
18
21
20
15
22
14
15
14
20
16
18
13
11
22
16
18
17
21
15
18
11
12
11
17
18
20
20
24
18
12
19
21
22
19
12
15
12
19
22
15
17
15
17
20
16
7
16
18
13
20
15
20
17
12
19
24
14
14
11
13
17
8
15
13
16
20
15
15
12
11
11
17
12
16
16
15
16
12
19
12
19
13
13
11
13
13
10
25
10
13
18
20
21
16
16
14
15
14
12
21
18
15
15
18
13
20
13
10
16
12
12
16
17
15
18
8
24
13
11
11
16
15
7
16
12
12
15
20
15
10
14
15
13
11
20
11
16
13
10
13
7
11
10
17
10
15
12
19
12
11
4
20
6
5
19
3
12
10
7
5
13
8
11
19
18
11
15
25
4
16
9
13
10
9
14
14
8
17
9
10
8
11
13
14
10
11
19
14
15
6
9
13
14
8
9
16
14
7
9
11
13
13
19
14
13
8
11
11
14
10
14
11
14
11
11
12
9
11
10
13
8
10
11
8
15
9
8
11
14
8
9
14
14
18
8
17
12
12
13
13
15
7
9
11
6
9
6
3
13
8
12
19
9
9
6
15
10
8
8
8
14
12
12
3
17
12
9
13
12
12
10
11
14
9
14
14
6
11
6
18
14
15
12
14
10
9
11
8
7
10
10
10
12
13
8
10
7
8
10
14
14
4
11
6
9
12
8
6
8
11
11
17
6
9
8
9
12
7
7
11
5
12
9
8
9
13
9
7
10
14
6
16
15
9
12
6
12
10
14
14
10
9
12
5
12
10
11
12
7
8
11
9
7
12
9
15
14
8
5
8
11
9
23
4
10
9
7
6
11
12
8
12
3
11
4
9
8
12
9
13
17
8
10
8
8
11
9
6
5
7
8
3
6
10
7
9
13
11
6
3
8
14
11
5
11
6
4
8
2
9
6
9
8
6
3
7
8
5
11
8
9
6
9
11
7
7
7
9
10
5
7
5
6
7
8
9
2
11
7
5
5
10
8
8
8
3
6
9
5
4
2
4
7
3
6
7
5
4
3
4
4
8
6
8
6
4
7
5
9
6
11
10
6
3
9
6
7
12
5
8
5
0
6
4
13
3
11
6
1
7
7
9
7
6
4
3
7
5
5
7
5
2
7
5
6
4
4
5
5
4
7
5
6
7
3
6
4
3
5
3
4
3
4
7
3
3
9
4
10
4
1
6
5
2
5
6
5
11
3
4
1
4
10
8
5
3
5
4
5
6
4
5
6
5
2
10
4
2
6
4
6
5
6
3
3
6
1
4
7
6
2
5
3
8
4
5
7
8
9
7
6
5
5
5
6
2
3
6
3
6
5
3
6
4
4
4
8
7
5
3
6
8
6
4
4
5
4
0
2
4
1
6
7
6
6
5
9
4
5
5
6
4
8
5
5
7
4
4
4
7
6
3
6
1
9
3
5
0
5
3
2
5
3
3
5
3
5
4
4
5
3
2
7
5
5
5
6
7
4
2
2
8
1
4
4
4
7
2
3
2
2
5
2
2
8
4
2
4
1
8
6
1
2
2
4
2
4
3
5
8
1
4
7
6
9
4
3
3
7
1
5
5
8
4
5
3
8
4
1
7
5
9
4
3
4
6
6
2
4
4
3
7
2
6
4
4
5
2
4
4
8
4
6
7
4
6
6
4
7
6
11
6
7
9
8
6
5
15
9
13
9
7
9
7
7
2
6
2
6
12
7
8
10
8
5
9
5
5
11
10
6
5
7
5
12
9
15
4
7
11
7
5
10
8
7
11
10
9
7
9
11
9
11
14
12
6
11
7
8
15
13
11
11
10
15
11
13
12
15
19
13
12
16
13
13
15
17
17
20
15
11
26
17
15
19
23
26
16
27
19
14
21
16
21
22
24
20
25
22
19
26
21
16
14
23
25
25
25
23
24
24
24
23
28
29
20
30
28
27
40
27
30
35
28
28
27
25
35
29
25
30
22
34
30
30
32
27
22
28
35
38
41
36
28
23
34
35
35
43
38
38
38
25
44
30
32
40
38
31
25
28
39
37
33
33
35
32
35
31
40
39
35
35
31
48
42
39
34
29
26
38
33
37
25
37
32
38
40
31
42
22
24
26
39
34
29
37
29
24
25
21
31
27
19
22
34
23
20
22
17
20
23
33
20
20
27
22
27
19
24
22
26
16
28
21
18
23
21
26
14
19
22
20
15
13
9
19
12
18
13
15
17
20
9
12
17
16
17
8
16
10
9
12
9
12
9
15
10
15
9
7
7
14
9
3
17
9
16
5
3
7
6
7
11
8
4
8
6
3
4
6
4
6
3
4
8
8
5
5
5
3
2
3
5
7
2
4
7
2
7
6
7
5
2
7
2
1
3
3
9
4
2
4
3
2
5
4
1
1
3
3
1
3
5
1
1
4
2
2
0
5
1
1
1
1
1
1
0
1
3
1
1
2
3
1
2
1
2
3
0
3
1
3
0
1
0
0
7
2
4
1
1
4
1
0
1
1
5
3
4
0
3
3
1
2
1
2
1
2
3
1
0
3
2
0
2
3
2
2
2
1
1
3
3
1
2
1
1
3
3
2
0
0
4
0
2
0
3
3
0
1
1
1
2
2
0
2
1
3
0
4
2
1
2
2
2
0
0
0
0
1
2
1
1
2
4
1
3
0
0
1
2
0
1
2
2
0
0
3
2
3
1
1
1
1
2
1
0
2
1
0
1
2
2
1
3
0
0
2
1
0
1
2
2
1
2
0
0
1
1
0
3
1
3
1
1
2
0
1
1
2
0
3
1
0
2
2
2
1
1
3
1
2
1
2
1
2
0
2
1
2
0
1
0
4
1
1
2
1
0
1
0
2
1
2
1
1
1
0
0
2
0
7
0
0
0
1
3
0
1
0
2
1
0
2
2
1
1
1
1
0
2
2
0
0
0
4
4
1
2
1
2
1
3
1
2
0
2
2
2
1
1
2
0
0
2
0
1
3
2
1
0
1
0
1
2
2
2
1
0
0
2
0
1
3
1
1
0
2
2
3
3
0
2
1
1
0
0
1
1
4
3
1
2
0
3
0
1
4
1
1
3
0
1
0
2
1
1
1
1
3
2
0
0
2
4
0
0
1
1
2
0
1
1
3
1
1
0
2
0
1
1
2
2
1
1
1
1
0
0
1
0
1
2
5
0
3
1
2
2
0
0
1
1
1
0
2
1
1
1
2
2
0
1
1
1
1
2
3
0
0
3
0
1
0
0
0
1
2
0
1
2
0
0
3
2
0
1
0
1
1
2
1
1
0
1
1
0
3
2
0
1
2
1
3
1
0
0
1
0
0
3
0
3
1
3
3
2
2
1
0
1
0
0
2
0
0
0
2
1
3
1
0
1
0
4
0
1
0
2
0
1
0
2
2
4
2
2
0
0
1
0
1
0
0
1
1
0
1
1
0
1
1
2
1
1
3
0
1
1
1
1
2
2
3
0
1
0
0
5
0
3
0
0
4
1
1
0
5
1
4
2
2
2
0
3
2
1
1
0
3
0
2
2
0
2
1
1
1
3
0
1
1
1
3
0
0
1
1
2
1
1
0
2
2
0
2
1
2
0
2
1
1
3
2
0
1
2
1
1
1
1
0
3
1
0
2
2
1
0
0
1
0
1
1
0
0
1
1
4
4
0
0
4
0
0
0
1
2
0
0
0
3
3
0
2
0
1
1
1
2
0
0
0
0
1
3
0
1
1
1
1
2
3
2
1
1
2
0
1
0
1
3
0
0
0
2
1
3
3
2
2
3
3
0
2
1
0
1
2
1
1
0
1
0
0
1
0
0
1
0
2
1
0
2
0
1
3
2
2
1
1
1
1
0
1
1
2
1
2
1
1
1
1
0
0
2
1
1
1
1
0
1
0
1
3
1
3
1
2
0
1
0
0
3
0
1
1
0
1
2
0
1
0
0
1
0
1
1
1
1
0
1
2
0
0
0
2
2
2
0
0
1
2
1
2
0
1
0
0
3
0
0
3
0
1
1
0
1
0
0
3
0
2
1
1
0
1
4
0
1
0
1
1
1
2
2
3
2
0
1
1
0
2
0
0
0
0
3
1
1
0
2
1
0
0
0
0
0
1
0
0
0
1
1
0
1
0
1
0
0
1
0
1
2
1
1
0
0
2
5
0
1
0
3
0
2
0
1
0
0
1
3
1
0
2
1
1
0
1
1
0
0
0
4
0
1
0
1
0
1
0
1
2
1
0
0
2
0
0
1
1
2
0
0
2
0
1
0
0
0
2
0
0
0
3
0
1
1
0
1
2
1
0
0
3
0
1
0
0
0
1
0
1
1
0
1
3
1
1
3
0
1
0
1
1
0
1
0
0
0
2
1
0
0
0
0
0
0
3
0
0
0
0
0
0
1
1
1
1
0
0
1
2
2
1
3
1
2
0
3
0
1
1
0
2
1
0
1
2
2
1
0
0
0
0
0
0
0
1
0
0
2
0
2
0
1
1
0
0
0
1
1
0
3
1
2
2
1
1
0
4
0
1
1
1
1
2
0
2
2
1
1
2
0
1
0
0
2
2
0
1
1
0
1
0
1
2
0
0
0
0
3
1
0
1
0
0
0
2
2
0
2
3
0
1
2
2
2
0
2
0
0
0
0
1
2
1
3
0
1
0
0
0
0
1
0
1
1
0
1
1
0
0
0
1
1
0
3
1
3
2
1
1
1
2
0
1
0
0
1
1
1
0
1
0
2
0
2
0
1
1
0
1
2
2
0
0
0
1
0
1
1
0
3
0
2
0
0
0
1
0
0
0
0
1
1
0
1
0
0
1
0
2
0
1
0
0
3
0
1
1
0
0
2
1
1
1
3
1
0
2
1
1
1
1
1
1
3
0
1
0
0
1
0
0
0
1
0
0
0
1
0
1
2
0
0
2
0
1
0
1
0
1
0
0
1
0
1
1
1
1
0
2
0
0
0
1
1
1
1
1
0
1
1
0
0
0
0
0
2
1
2
0
0
1
1
0
1
0
0
1
2
2
3
0
0
2
2
3
0
1
1
1
0
2
0
1
1
2
4
1
0
0
0
1
1
0
0
0
1
3
1
0
3
0
0
2
0
0
2
1
1
2
0
0
1
0
0
0
2
0
1
1
1
2
0
1
0
1
0
1
1
1
0
0
1
2
0
1
2
1
1
0
1
2
3
0
0
0
0
2
2
1
1
0
0
3
1
0
0
0
1
0
2
0
1
0
1
0
1
0
0
0
1
0
1
1
0
0
0
1
0
0
0
1
0
0
1
0
0
2
1
0
0
2
0
0
0
1
1
0
0
0
0
0
2
0
2
4
1
0
0
0
2
1
1
1
2
0
1
2
0
0
1
1
0
1
0
1
1
0
0
1
0
1
0
1
0
2
1
1
1
0
3
0
1
1
1
1
1
2
1
1
1
0
0
0
0
1
0
0
1
1
0
0
1
1
0
0
5
0
0
1
0
0
0
0
0
0
1
0
0
0
1
1
1
0
0
1
0
1
0
1
0
0
1
0
0
1
0
0
0
0
0
1
0
1
0
0
2
1
0
0
2
0
1
1
2
0
1
0
0
0
1
0
0
1
1
1
0
1
0
0
0
0
0
1
0
2
0
0
2
0
0
1
0
0
1
0
2
1
0
0
1
1
0
1
1
0
0
0
0
0
0
0
1
1
0
0
0
0
2
0
0
1
1
1
1
2
0
2
2
1
0
0
0
0
1
0
0
1
1
0
0
0
0
0
0
0
0
0
0
1
0
1
0
0
0
0
0
0
0
2
2
1
0
0
0
0
2
1
0
0
0
0
2
0
0
1
0
0
0
0
0
1
0
1
0
0
0
0
0
0
0
0
0
1
0
0
2
0
0
1
0
1
2
0
1
1
0
2
0
0
1
2
1
2
0
1
0
1
0
2
0
0
2
1
0
1
1
0
0
0
0
0
1
2
2
2
1
0
0
0
0
0
0
0
0
1
1
0
1
1
2
0
0
1
0
0
0
0
1
0
0
0
0
1
1
1
0
0
1
0
1
0
0
2
0
0
0
0
0
1
0
1
1
1
0
0
0
0
1
0
0
1
0
0
0
0
1
0
0
0
0
1
2
1
0
0
1
1
0
1
0
0
0
1
1
0
1
1
0
1
0
0
0
1
0
1
0
0
1
0
1
0
1
0
1
0
2
0
0
0
0
2
1
1
1
0
0
0
1
2
0
0
0
1
1
0
0
2
0
0
0
1
0
0
2
1
0
0
0
0
1
0
0
0
0
0
0
0
1
0
0
1
1
0
0
1
0
1
2
1
0
0
0
0
2
0
0
0
0
0
2
1
0
1
0
1
0
0
1
0
0
0
1
1
3
2
0
0
0
1
1
1
0
0
2
2
1
0
0
0
0
2
1
0
0
0
1
0
0
0
0
1
0
1
1
0
0
0
0
0
1
1
1
3
0
1
0
0
2
0
0
0
2
2
1
0
0
0
0
1
1
0
0
1
0
1
0
3
0
1
1
1
0
2
2
0
2
1
0
1
1
1
1
3
2
0
0
1
1
0
0
0
0
0
0
1
2
1
0
0
0
1
2
0
1
1
1
1
0
1
2
0
1
0
0
1
1
0
1
0
1
2
1
1
2
2
0
0
0
1
1
2
0
1
0
1
0
1
1
0
0
0
2
0
1
0
0
0
0
1
1
1
1
0
2
1
0
0
1
1
0
1
0
0
0
0
0
2
0
1
1
0
1
1
1
1
0
1
0
0
0
1
0
0
0
0
1
1
1
0
1
2
0
0
2
1
1
2
3
1
1
2
1
1
0
0
1
0
0
0
0
1
0
1
0
0
0
0
0
1
0
0
1
0
0
2
0
0
0
0
0
0
0
2
0
0
2
0
0
0
0
0
1
1
2
0
1
0
1
0
0
0
0
0
1
0
0
0
0
0
0
1
1
0
0
1
0
1
0
1
0
0
1
0
0
0
1
1
0
0
0
1
1
0
2
0
0
1
1
1
0
0
0
0
0
0
1
1
0
0
0
0
2
1
0
1
0
0
0
0
1
1
0
1
0
1
2
1
0
2
0
1
1
0
0
1
0
0
0
0
0
0
0
0
0
0
0
0
0
1
2
1
1
0
0
1
0
0
0
0
0
0
1
0
0
0
3
0
0
0
0
0
0
0
1
0
0
0
0
1
1
1
0
1
0
0
0
0
1
1
0
0
0
0
