0
0
0
0
0
0
0
0
0
0
0
0
0
0
0
0
0
0
0
0
0
0
0
0
0
0
0
0
0
0
0
0
0
0
0
0
0
0
0
0
0
0
0
0
0
0
0
0
0
0
0
0
0
0
0
0
0
0
0
0
0
0
0
0
0
0
0
0
0
0
0
0
0
0
0
0
0
0
0
0
0
0
0
0
0
0
0
0
0
0
0
0
0
0
0
0
0
0
0
0
0
0
0
0
0
0
0
0
0
0
0
0
0
0
0
0
0
0
0
0
0
0
0
0
0
0
0
0
0
1
1
0
0
0
1
0
0
0
0
1
0
0
2
1
2
0
0
0
1
1
2
2
2
2
3
3
2
4
2
2
0
2
4
0
4
2
7
8
10
10
11
10
9
10
16
13
10
16
15
20
16
28
24
24
32
51
37
53
45
52
65
48
60
61
62
67
76
73
73
74
84
82
73
98
88
74
78
102
80
92
88
90
83
91
91
88
96
84
67
81
80
76
96
83
85
75
82
70
74
86
74
94
95
68
87
95
77
90
74
81
60
56
86
66
76
73
69
68
89
77
77
81
65
84
72
67
78
65
85
73
70
60
68
75
63
63
65
83
73
83
77
71
71
79
92
88
92
67
73
80
73
83
79
76
72
81
96
84
84
86
87
74
88
97
81
92
100
86
94
94
78
98
92
102
97
100
91
99
99
98
88
89
86
101
97
96
83
104
90
89
89
91
107
84
97
95
92
109
97
93
90
106
92
79
97
90
86
77
90
95
98
74
86
92
82
91
82
96
99
84
82
86
80
69
65
72
81
76
59
78
79
91
57
85
67
85
95
85
91
67
61
70
75
85
69
62
77
74
61
78
92
71
71
89
65
60
60
78
79
63
65
79
64
65
75
64
67
65
60
70
75
72
66
52
62
79
64
85
55
67
81
67
79
71
60
59
61
80
72
67
70
70
71
89
72
60
69
65
72
86
70
64
71
69
53
56
58
79
56
60
67
72
55
77
66
67
71
57
67
72
77
63
77
51
68
67
64
67
70
34
63
52
51
72
58
66
62
60
49
52
54
59
59
64
73
57
56
62
64
59
53
67
52
53
56
67
61
47
54
53
61
59
53
64
66
76
64
71
69
56
68
63
48
46
47
68
60
48
50
59
65
49
57
58
56
69
52
63
58
54
61
51
48
63
60
66
55
55
67
40
60
64
62
59
47
61
48
48
62
52
56
55
51
83
62
44
69
44
42
43
55
56
53
47
47
44
50
54
64
68
68
52
50
62
51
55
53
38
39
39
65
48
52
54
50
65
67
43
61
58
77
48
45
56
50
50
43
46
35
49
55
41
52
54
60
61
46
49
53
49
47
38
43
40
38
45
54
46
35
46
51
44
50
46
35
45
42
49
48
40
43
41
38
41
36
37
48
47
35
46
42
42
38
49
40
44
36
45
40
52
49
31
46
45
29
42
50
40
37
28
38
47
41
50
35
40
30
37
40
34
49
32
37
26
41
29
34
31
34
40
30
27
28
38
29
41
44
26
30
23
32
28
32
28
30
31
31
33
39
28
31
32
30
25
29
28
24
29
35
25
44
28
28
29
25
26
28
29
25
23
26
31
25
40
24
34
22
21
34
26
27
26
32
22
29
38
25
27
29
30
28
32
33
26
22
32
25
24
19
24
21
27
29
20
29
28
21
20
30
30
26
34
22
24
26
19
27
23
25
41
22
20
26
24
26
17
27
24
19
26
28
22
23
26
28
29
21
25
25
22
19
24
31
27
24
32
20
28
23
23
20
28
23
23
20
28
21
17
25
25
29
21
14
28
24
20
15
22
21
15
18
28
18
21
24
13
24
18
19
13
17
19
23
14
22
23
23
25
17
18
15
10
15
12
22
18
18
23
18
11
24
25
26
24
21
18
22
28
20
9
17
17
26
19
16
23
17
14
18
25
18
15
22
17
16
13
13
19
13
25
15
17
17
26
14
15
16
22
20
17
21
16
19
22
22
17
19
13
10
24
17
23
14
10
22
12
15
20
20
23
19
17
16
21
16
17
18
21
19
20
11
19
19
18
15
14
15
28
20
18
16
11
11
15
13
13
14
16
16
18
21
9
11
20
26
13
19
16
12
15
8
14
23
21
21
22
10
19
17
15
17
14
10
16
14
17
14
11
17
18
14
22
18
16
11
21
18
17
18
14
9
22
15
10
8
10
18
13
20
15
16
18
12
17
14
17
17
13
11
26
19
15
18
18
19
19
13
11
5
10
8
13
14
17
11
20
18
19
13
12
20
13
16
17
11
18
17
17
16
12
9
10
16
17
14
13
10
15
16
17
14
12
15
13
16
11
10
8
13
17
7
14
11
14
20
8
11
12
14
16
7
10
7
18
13
22
10
16
11
15
13
9
11
9
14
17
13
13
10
16
11
10
15
11
14
22
7
18
7
16
13
15
14
19
15
12
13
17
13
18
16
12
11
20
9
12
10
15
10
10
8
15
15
7
9
9
16
9
13
12
19
11
14
9
15
9
15
13
13
13
15
8
14
14
13
8
20
12
14
14
12
13
10
10
8
11
14
15
13
13
8
15
9
14
17
11
11
18
16
12
11
13
13
8
17
20
10
13
10
10
16
12
11
14
9
17
10
12
9
19
11
12
13
12
9
7
14
13
8
10
10
9
13
5
10
11
13
8
7
16
8
7
6
12
14
8
8
9
8
8
13
10
11
12
12
12
14
10
10
16
13
9
6
9
6
10
14
8
8
5
16
7
9
9
3
11
9
9
8
14
4
12
7
11
6
5
8
11
12
9
6
8
7
6
9
11
9
6
9
9
16
14
10
9
12
9
15
8
10
15
10
4
12
11
10
11
7
4
15
13
8
9
15
5
7
9
9
9
7
6
2
14
7
14
6
13
12
5
10
6
10
6
12
7
7
10
6
13
12
5
7
15
10
8
4
6
8
5
5
7
11
8
5
5
4
4
8
5
7
7
9
6
3
11
13
11
9
7
4
4
5
9
12
3
5
4
11
6
6
8
5
5
6
4
6
5
1
9
4
7
4
6
5
9
9
3
6
9
4
7
6
5
6
9
3
9
9
4
8
2
8
7
1
4
6
5
2
8
7
5
9
6
5
3
9
10
9
5
4
4
5
4
7
8
2
8
3
11
7
5
6
10
5
4
4
5
3
12
5
8
1
3
3
3
4
4
6
7
2
7
5
4
7
3
7
0
4
6
9
5
7
3
6
6
10
4
4
5
9
6
6
6
4
8
6
5
2
2
4
2
6
5
5
3
7
8
6
4
4
7
2
4
6
4
5
6
4
4
6
3
4
4
7
2
4
5
3
7
8
3
5
1
2
5
6
3
5
5
1
4
3
4
6
4
7
5
4
2
5
5
8
2
2
3
3
7
5
6
4
7
3
2
5
2
6
3
2
3
3
8
4
3
4
4
6
2
4
7
6
7
8
3
2
5
5
2
3
1
4
8
5
6
4
4
0
10
3
2
6
3
7
2
3
1
4
4
8
0
5
3
4
5
2
4
3
3
6
5
6
3
6
1
6
7
3
4
4
3
5
3
7
1
3
3
4
5
8
5
6
4
2
6
6
6
4
5
4
3
7
6
8
5
2
4
2
5
6
4
9
0
7
5
7
6
3
14
4
4
6
7
3
8
6
9
10
7
8
4
5
5
5
4
1
6
4
5
3
10
8
4
6
5
5
10
6
11
9
5
2
6
9
7
16
5
2
2
4
9
7
5
8
6
3
8
7
9
11
10
8
8
8
4
7
10
7
6
3
12
3
6
6
6
5
9
11
8
13
13
14
11
10
12
9
6
9
12
7
12
10
8
12
7
15
6
12
10
22
22
9
19
18
20
16
13
17
19
13
21
20
10
22
15
14
14
14
19
24
22
17
17
21
26
20
15
20
24
17
28
29
15
24
28
25
28
16
23
30
22
26
22
21
42
29
27
19
25
28
35
33
25
32
23
38
34
26
26
26
39
36
27
29
28
33
42
27
32
42
48
30
37
34
34
38
29
33
36
39
27
27
31
38
32
34
41
40
37
33
37
40
31
36
31
43
23
30
33
38
44
40
45
34
32
40
28
38
31
35
35
30
35
43
29
36
35
36
34
36
31
32
35
23
33
28
25
36
38
28
28
38
21
31
26
30
26
31
36
22
36
27
29
28
24
36
25
25
33
27
21
15
20
15
24
17
20
18
11
21
19
20
17
25
18
19
16
17
19
9
15
21
22
8
13
18
14
13
12
8
7
11
17
20
13
14
7
7
12
14
8
13
8
10
3
8
10
11
18
10
10
12
10
8
15
6
7
8
5
6
6
7
6
10
7
7
8
9
7
3
5
6
11
10
3
6
10
4
6
6
4
4
6
3
2
2
4
0
6
3
3
2
7
2
4
1
4
2
4
1
2
6
5
4
4
2
6
1
3
0
1
3
1
2
4
4
1
1
3
2
2
4
2
4
3
0
0
1
4
3
1
6
0
4
4
2
4
5
1
1
1
2
0
3
2
1
4
1
2
4
3
0
3
1
0
4
0
0
2
2
0
0
2
2
3
2
0
2
1
1
1
2
1
2
3
1
3
1
2
2
2
1
1
2
1
1
4
1
3
1
0
2
3
3
2
0
0
1
1
1
0
2
0
3
1
0
3
3
0
1
2
2
1
0
2
0
2
2
2
1
1
0
1
6
1
1
2
2
3
0
1
0
3
0
4
1
0
1
2
2
2
1
0
2
1
1
2
1
1
0
1
2
0
3
3
0
0
2
3
1
2
1
1
1
0
2
1
1
4
1
7
3
0
2
1
1
3
2
0
0
0
2
1
0
2
1
3
1
2
1
4
1
1
1
1
2
1
0
1
2
0
2
0
1
1
2
1
0
1
1
0
0
0
2
1
1
3
2
3
3
1
2
1
2
0
2
0
0
1
2
1
2
0
0
2
0
1
2
1
1
0
1
1
0
1
1
1
0
0
1
1
1
2
1
0
1
0
3
3
1
0
2
2
1
2
2
0
3
1
1
3
1
0
3
0
0
0
1
0
1
1
2
1
1
0
3
2
1
2
1
2
1
1
2
0
2
0
0
2
0
2
1
1
1
0
1
1
1
1
1
1
0
1
0
4
1
1
1
1
1
1
0
3
0
0
2
1
1
3
2
1
2
2
2
3
2
0
3
1
1
2
3
1
1
0
1
1
4
2
4
1
1
3
1
1
3
1
3
0
0
2
5
1
1
1
0
1
1
2
1
0
0
1
4
0
2
1
2
0
1
0
1
1
0
2
1
0
0
0
2
1
0
2
1
0
0
1
4
0
0
1
3
0
1
1
1
1
0
1
2
1
1
0
2
1
1
1
3
2
3
1
3
2
0
1
0
1
2
3
3
2
0
2
1
2
1
0
1
0
2
0
1
2
0
1
2
4
0
3
1
1
1
0
0
2
1
2
1
2
1
1
1
1
3
1
1
1
2
0
1
0
0
0
2
1
1
0
1
0
1
2
2
0
1
1
2
0
0
1
0
0
1
0
1
0
0
0
1
5
1
1
0
1
1
0
2
1
1
2
2
2
0
1
0
2
1
0
1
1
1
0
1
0
2
1
1
1
2
2
1
2
1
1
0
2
1
3
0
1
2
1
0
2
1
3
2
1
1
3
1
1
0
2
1
1
0
0
0
1
2
1
1
0
1
1
0
0
1
3
1
0
2
1
0
1
0
2
2
1
2
2
1
2
0
0
2
0
1
3
1
1
0
1
3
0
2
2
0
0
3
1
1
1
1
0
0
2
0
0
1
3
0
1
2
0
1
1
2
0
1
3
1
0
2
2
0
4
1
1
1
2
1
2
1
4
1
1
1
2
0
2
1
0
0
1
1
0
2
2
2
1
0
1
0
0
0
0
2
1
1
0
1
2
2
1
1
1
0
1
1
2
0
1
0
1
0
2
0
1
0
2
1
0
1
0
0
2
2
2
1
0
1
0
0
0
0
1
0
4
0
1
0
0
0
3
0
0
0
1
1
1
1
0
1
0
0
0
0
2
1
0
1
0
3
2
1
3
0
0
3
1
0
2
0
3
0
1
4
0
2
4
1
2
1
0
2
0
0
0
1
0
0
2
0
0
1
1
0
0
2
0
1
0
1
0
0
1
1
0
1
1
0
1
2
2
0
0
0
1
0
0
0
0
0
0
0
0
0
1
0
0
0
0
0
0
1
2
1
0
0
1
1
0
2
0
0
0
0
0
3
0
0
1
0
0
0
2
1
1
2
1
2
0
1
1
2
0
0
2
0
2
0
1
2
0
2
0
1
1
0
0
1
0
4
2
0
1
1
0
2
0
1
0
0
0
2
1
1
0
0
1
1
3
0
1
0
1
0
1
0
1
1
1
1
0
0
1
1
1
2
2
1
0
0
0
1
0
1
0
0
1
0
0
1
2
1
0
0
0
0
0
0
1
1
1
0
0
0
0
1
1
4
2
1
0
1
1
0
1
0
0
1
1
0
0
0
1
2
0
0
1
2
0
1
1
0
1
2
0
1
0
1
0
3
0
1
0
1
1
0
1
1
2
2
0
1
0
0
0
0
0
2
0
0
0
0
2
2
2
0
0
1
0
2
0
1
2
3
0
2
0
1
0
1
0
2
2
1
4
0
0
1
0
0
2
0
2
0
1
1
1
2
1
2
0
1
1
1
0
1
0
0
1
1
1
0
1
3
1
1
0
2
0
0
1
2
1
1
2
0
0
0
0
1
0
0
0
1
0
0
0
0
1
1
0
0
2
0
0
0
0
0
1
1
2
1
0
0
1
1
2
0
0
2
0
1
0
2
3
3
1
2
0
1
1
2
0
0
0
1
1
1
1
0
0
0
0
0
1
0
1
0
0
0
3
0
1
0
0
0
1
3
3
1
0
0
0
0
1
0
1
0
1
3
2
0
0
2
1
1
1
0
2
1
0
2
0
0
0
0
1
2
1
2
1
1
1
0
0
0
0
1
0
1
0
1
0
0
0
1
0
0
2
1
2
1
0
0
1
1
0
0
1
2
0
0
0
0
1
1
0
1
1
0
2
0
1
1
0
1
3
1
1
0
0
0
0
1
1
1
0
1
0
1
2
0
1
0
1
2
0
0
0
1
0
2
0
1
0
0
0
0
1
0
0
0
0
1
0
2
2
4
0
0
0
1
2
1
1
2
0
0
0
0
1
0
0
0
0
0
2
0
0
0
0
0
0
0
0
1
2
0
0
0
0
2
2
3
1
1
0
1
0
0
0
0
0
0
1
1
2
0
0
0
1
1
1
1
0
0
0
1
1
2
1
0
1
1
0
1
0
1
1
1
1
0
1
0
2
0
1
2
2
1
0
0
0
0
1
0
0
2
0
1
0
0
1
0
1
0
3
0
0
1
0
1
0
1
2
0
2
0
0
0
0
1
0
0
0
0
0
0
1
0
2
0
1
0
0
0
1
0
0
1
2
0
0
0
0
1
0
0
1
1
0
0
1
0
2
0
1
0
1
0
1
0
0
0
0
1
1
0
0
0
0
0
0
0
2
0
0
0
1
0
0
0
1
0
1
3
0
0
3
1
0
0
0
0
1
1
1
0
0
0
0
0
1
0
0
1
1
0
0
1
1
1
0
0
0
1
1
0
2
0
2
0
0
0
0
0
0
0
1
1
1
0
1
0
1
0
1
0
0
0
0
0
0
0
0
1
0
2
0
0
0
0
2
1
0
0
0
0
0
0
0
0
0
1
0
0
1
0
0
1
0
1
1
0
0
0
1
1
0
0
0
0
1
0
1
0
0
0
0
1
0
0
2
1
1
0
0
2
0
1
1
0
0
1
0
0
0
0
0
0
0
0
0
0
0
0
1
0
1
0
2
1
2
0
0
0
0
0
0
1
1
0
0
2
2
0
1
1
1
0
1
1
0
0
0
1
0
0
1
1
1
1
0
1
2
1
0
0
0
1
1
1
1
0
0
0
1
0
0
0
0
1
1
0
1
0
1
0
1
0
1
1
0
0
3
0
0
0
0
0
0
1
0
0
1
0
0
0
0
1
0
1
1
1
0
0
0
0
1
0
0
0
1
0
0
3
1
0
0
1
1
2
0
0
0
0
0
1
0
0
0
0
0
0
0
1
0
1
0
0
0
1
0
0
0
0
1
1
0
1
2
0
3
1
0
0
0
0
1
1
0
0
0
0
1
0
0
0
1
0
0
1
0
0
0
0
1
0
1
0
0
0
0
2
0
0
3
0
0
0
1
1
0
0
1
2
0
0
1
0
2
1
0
0
0
0
0
1
0
1
1
0
0
0
1
0
0
1
2
0
3
1
2
0
0
0
1
1
0
0
0
0
3
0
1
0
2
1
0
0
1
0
1
1
1
0
0
1
0
0
0
1
0
1
0
2
0
1
0
0
2
0
0
0
1
1
1
1
1
1
1
0
0
2
2
2
0
1
2
3
2
0
1
4
0
1
1
0
0
1
0
1
0
1
2
1
1
2
0
2
2
1
1
1
0
1
2
0
1
1
3
0
1
1
2
1
1
3
1
2
0
2
0
3
0
1
1
1
1
0
0
2
1
0
0
4
3
0
1
0
1
1
1
2
2
0
1
0
0
0
1
0
2
0
1
3
0
2
0
1
2
0
1
1
0
2
1
1
0
3
1
0
0
0
0
0
1
1
0
0
0
1
0
1
0
1
1
0
2
1
0
1
1
0
2
0
1
1
0
1
1
1
0
1
0
0
1
0
0
0
1
1
1
0
1
0
0
0
1
0
0
0
3
0
0
0
0
0
0
0
0
1
0
1
0
1
0
1
0
0
0
0
0
0
0
0
1
0
0
0
1
1
0
0
0
0
1
0
0
0
0
0
0
0
0
1
0
1
1
0
0
1
0
1
0
1
0
0
0
0
0
0
1
0
0
0
0
0
1
0
1
2
0
0
0
0
0
1
0
0
0
2
1
0
0
0
0
0
0
0
0
1
1
0
0
0
1
0
2
0
1
0
0
0
0
0
0
1
0
1
0
0
0
2
0
1
0
1
0
0
1
0
0
0
0
0
0
1
0
1
0
0
0
0
1
0
1
0
0
0
0
0
1
1
0
0
0
0
0
0
1
1
0
2
0
2
1
1
1
1
1
0
0
1
1
0
0
1
1
0
0
0
0
0
0
0
1
0
0
0
1
0
1
1
0
0
0
1
0
0
0
0
0
0
0
1
0
0
0
0
0
0
1
0
0
