5
0
0
1
1
0
1
0
2
0
0
1
1
0
0
0
0
0
0
0
0
0
0
0
0
0
0
0
0
0
1
0
1
0
0
0
0
0
0
0
0
0
0
0
0
0
0
0
1
1
0
1
0
0
0
0
0
1
1
0
0
0
0
0
0
0
0
0
0
0
0
2
0
1
0
0
0
1
0
0
3
0
1
1
0
1
0
0
1
1
3
0
2
1
1
0
1
0
0
1
1
2
0
0
1
3
2
0
0
1
2
0
1
0
2
2
0
3
0
3
1
1
2
3
2
2
2
6
4
1
5
3
5
8
3
5
6
5
12
14
2
9
13
11
14
8
10
20
7
13
21
14
24
22
25
24
19
29
23
29
30
47
45
46
45
46
47
54
46
47
46
66
81
83
80
89
99
126
147
144
133
210
228
235
256
295
362
441
510
564
692
851
1039
1144
1384
1709
2021
2497
2724
3328
3747
4289
4986
5399
6017
6689
7230
7941
8199
9237
9572
10266
10845
11544
11918
12472
13099
13636
13956
14645
15042
15721
16206
16752
17030
17634
18447
18445
19387
19918
20277
20992
20990
21420
22297
22904
23136
23839
24133
24861
25135
25345
26346
26746
26585
27806
27389
27840
27492
27397
27221
27150
26558
26505
26418
26120
25223
25271
25085
24699
24393
24134
23954
23808
23020
23163
22955
22606
22070
22302
21802
21771
20955
21198
20819
21067
20290
20409
20408
20073
19627
19895
19662
19505
19260
19211
19246
18931
18732
18598
18701
18534
18204
18212
18188
18000
17689
17984
17338
17645
17373
17018
17255
16707
16478
16681
16376
16469
15985
15938
15797
15775
15290
15701
15085
15159
14762
14473
14590
14421
14049
14234
13806
13407
13325
13188
13243
12629
12836
12616
12270
12180
11947
11940
11561
11486
11207
11135
10910
10788
10676
10470
10357
10348
9972
9985
9485
9709
9238
9218
9033
8560
8634
8625
8417
8270
8215
8081
8038
8017
7907
7619
7853
7538
7496
7290
7256
7271
7258
7010
6975
6819
6880
6665
6767
6784
6502
6595
6372
6433
6294
6391
6276
6327
6261
6021
6341
6155
6047
6193
6030
5835
5947
6046
6068
6010
5830
5827
5698
5703
5791
5972
5811
5784
5602
5709
5599
5733
5713
5746
5619
5638
5595
5600
5677
5640
5543
5614
5624
5586
5502
5632
5510
5516
5382
5548
5456
5420
5530
5497
5436
5385
5319
5391
5484
5396
5264
5347
5229
5284
5256
5288
5301
5292
5148
5199
5093
5094
5175
5170
5098
5162
5069
4947
4939
5053
5100
4936
4957
4971
4904
4891
4956
4954
4685
4880
4718
4670
4647
4672
4773
4534
4639
4686
4498
4652
4495
4401
4356
4452
4444
4424
4412
4266
4462
4262
4383
4241
4278
4241
4169
4233
4188
4154
4101
4010
4104
4056
3994
4079
4076
3904
3925
3952
3847
3906
3884
3889
3875
3803
3829
3824
3759
3739
3754
3717
3779
3728
3699
3643
3621
3737
3639
3603
3479
3627
3580
3471
3455
3477
3526
3522
3613
3553
3498
3546
3514
3514
3581
3591
3518
3486
3538
3522
3399
3434
3459
3501
3380
3519
3389
3429
3451
3417
3358
3425
3409
3573
3401
3371
3465
3434
3314
3349
3338
3452
3455
3383
3305
3321
3351
3345
3369
3459
3386
3424
3319
3240
3277
3281
3233
3214
3313
3257
3327
3284
3209
3181
3135
3181
3266
3286
3109
3163
3122
3149
3070
3094
3095
3105
3095
3025
3113
3041
2978
2886
2966
3006
2863
3008
2917
2921
2875
2925
2987
2916
2894
2905
2848
2908
2783
2844
2804
2788
2756
2711
2670
2811
2673
2770
2749
2662
2691
2601
2639
2635
2661
2638
2515
2540
2483
2531
2574
2484
2451
2477
2504
2476
2451
2492
2444
2446
2378
2470
2434
2489
2383
2376
2406
2502
2420
2455
2341
2415
2344
2276
2341
2332
2300
2347
2309
2329
2231
2249
2205
2330
2240
2115
2175
2219
2177
2267
2185
2145
2164
2197
2221
2156
2090
2202
2142
2179
2143
2110
2164
2151
2127
2129
2132
2078
2119
2072
2110
2115
2014
2061
2035
2128
2019
1999
2059
2036
2004
2091
1985
1958
1942
2009
1997
1998
1913
1958
1960
2015
1957
2059
1896
2031
1905
1937
1915
1971
1869
1957
1890
2037
1758
1908
1882
1961
1926
1933
1917
1860
1831
1890
1859
1811
1902
1881
1775
1942
1894
1870
1838
1852
1883
1878
1832
1837
1888
1804
1788
1779
1849
1883
1808
1824
1847
1789
1795
1722
1808
1846
1862
1802
1839
1825
1816
1816
1818
1799
1768
1760
1855
1894
1817
1769
1810
1766
1767
1793
1725
1786
1752
1830
1771
1725
1753
1671
1755
1769
1790
1771
1738
1777
1643
1727
1753
1679
1809
1768
1741
1756
1760
1716
1785
1728
1747
1813
1710
1737
1795
1731
1797
1776
1819
1729
1730
1798
1805
1746
1699
1776
1742
1634
1716
1762
1710
1787
1831
1752
1787
1822
1696
1731
1788
1758
1770
1753
1769
1729
1793
1741
1731
1808
1839
1905
1777
1860
1801
1773
1821
1777
1902
1873
1798
1791
1860
1850
1757
1821
1793
1862
1882
1800
1911
1869
1858
1870
1859
1890
1902
1947
1815
1797
1884
1857
1905
1958
1850
1956
1864
1893
1976
1954
1911
1868
1919
1925
1907
2004
1983
2027
1946
1943
1954
1888
1957
2080
2012
2029
2002
2040
1924
2046
2054
2068
2014
2127
1982
1954
1913
2045
1962
2034
1997
1997
2022
2056
2067
2152
2076
2109
2050
2073
2036
2026
2053
2023
2129
2079
2159
2140
2043
2130
2112
2070
2082
2026
2110
2188
2096
2130
2147
2072
2091
2093
2130
2142
2093
2075
2159
2154
2055
2114
2080
2161
2212
2190
2156
2148
2099
2136
2161
2227
2140
2175
2271
2141
2102
2100
2085
2132
2199
2195
2136
2177
2099
2192
2162
2250
2248
2188
2179
2223
2131
2228
2287
2245
2323
2225
2265
2144
2249
2232
2180
2309
2314
2208
2226
2175
2225
2291
2300
2291
2252
2305
2237
2304
2314
2379
2282
2346
2355
2337
2330
2320
2342
2394
2392
2311
2387
2444
2372
2412
2400
2404
2391
2368
2408
2351
2375
2480
2373
2349
2301
2434
2411
2405
2326
2479
2355
2399
2415
2408
2389
2416
2442
2414
2262
2398
2449
2414
2382
2352
2355
2318
2336
2345
2450
2416
2405
2346
2381
2296
2372
2335
2321
2267
2226
2298
2299
2311
2220
2234
2271
2202
2230
2315
2246
2251
2174
2164
2103
2156
2242
2129
2077
2074
2037
2078
2122
2133
2092
2070
2058
2131
2060
2075
2016
2088
1961
2051
2039
2026
1976
1998
1943
1947
2055
1937
2018
1918
1946
1955
1911
1927
1887
1819
1888
1851
1844
1895
1751
1819
1756
1735
1754
1783
1747
1754
1697
1757
1679
1779
1708
1687
1687
1653
1713
1653
1632
1575
1592
1626
1683
1593
1493
1522
1545
1497
1523
1513
1513
1407
1469
1432
1388
1387
1404
1483
1408
1357
1401
1493
1283
1257
1321
1331
1259
1284
1230
1268
1226
1247
1188
1207
1184
1199
1149
1081
1131
1045
1140
1073
1112
1080
983
1099
1012
1003
1013
988
983
932
1007
910
897
947
961
896
836
905
871
838
807
834
746
818
766
821
801
805
756
755
721
744
733
666
667
713
633
638
657
627
647
596
623
601
635
568
609
607
557
587
549
582
514
531
514
517
526
506
498
548
468
455
491
464
425
492
422
459
433
430
459
399
395
417
379
409
405
382
376
414
403
378
366
355
394
348
326
367
286
339
334
332
323
362
336
346
276
338
321
335
285
305
300
290
326
313
288
289
301
276
277
276
257
310
265
255
269
256
249
243
233
265
235
253
242
221
264
248
212
230
228
253
225
207
218
217
230
231
211
209
198
227
233
219
180
203
192
221
186
227
214
197
193
222
185
177
158
188
219
190
183
164
152
189
143
171
176
170
164
170
165
165
189
176
173
152
162
170
171
144
153
175
145
162
152
165
164
156
171
142
124
130
146
176
187
152
146
137
147
150
130
135
173
145
144
155
137
160
125
155
170
138
141
150
138
151
127
143
152
156
145
121
116
141
137
145
132
144
138
144
136
138
140
139
133
117
137
134
115
133
107
136
116
133
131
132
134
136
108
114
123
114
132
126
128
109
142
132
126
122
94
125
130
106
120
104
117
109
113
117
116
118
104
115
115
108
109
123
110
88
93
93
121
101
114
125
104
97
122
128
113
112
84
108
116
115
119
127
113
110
111
92
121
123
99
104
87
93
101
92
109
108
109
109
126
97
92
102
100
109
96
108
92
100
102
89
95
108
96
108
111
102
93
95
103
126
98
111
88
88
112
106
107
94
93
99
90
99
105
120
104
93
95
107
107
106
90
106
96
110
104
106
87
110
98
99
108
92
97
98
87
87
94
116
104
108
115
116
94
87
92
111
119
121
74
91
87
97
100
85
92
117
106
106
125
103
94
127
101
85
96
97
103
106
106
117
111
100
101
92
98
116
101
111
98
112
87
116
125
80
119
103
109
110
98
104
113
116
96
119
102
106
86
109
115
100
95
102
103
82
114
93
127
111
99
100
116
105
100
84
107
121
111
119
109
110
127
129
118
98
105
95
114
95
115
104
93
112
105
120
119
112
100
113
120
104
104
97
97
125
116
124
91
118
113
96
112
113
120
101
109
122
120
94
104
123
116
116
125
101
110
113
126
111
108
107
102
109
96
103
122
104
100
115
121
130
121
95
121
117
137
122
110
114
123
113
120
129
115
129
112
110
114
126
115
126
106
130
130
114
135
111
124
110
126
109
112
139
116
147
125
132
120
114
140
101
123
124
111
130
117
139
122
130
111
122
122
112
135
121
143
140
124
148
142
135
118
138
130
123
131
124
118
133
118
129
162
132
134
123
136
140
133
136
123
105
131
140
126
124
127
126
123
130
112
143
132
136
113
124
153
117
116
137
136
114
140
116
131
106
120
133
126
108
134
109
113
128
106
96
110
130
99
121
106
103
111
115
110
123
125
116
115
105
98
113
110
109
119
102
91
103
112
91
120
114
106
106
82
100
118
125
90
114
103
104
100
104
94
87
107
108
91
114
99
96
91
97
90
89
105
87
97
77
91
108
96
91
86
81
73
91
95
84
82
92
91
75
78
87
94
86
85
87
83
71
87
81
102
89
84
94
81
74
90
85
67
69
77
73
78
85
82
76
73
78
76
83
77
83
83
80
88
85
82
74
70
68
75
76
71
81
87
70
92
75
75
83
93
81
62
72
88
83
81
60
80
87
60
73
66
75
82
78
68
71
58
80
71
82
66
74
73
72
71
79
81
83
80
72
70
71
83
56
58
71
62
75
83
70
68
76
76
70
74
73
74
64
68
71
73
74
77
63
69
56
76
77
60
67
75
46
56
87
60
71
67
61
58
75
85
58
61
64
73
77
53
55
56
65
63
82
62
59
65
57
64
66
58
53
72
56
60
63
60
60
61
52
61
54
46
64
65
76
61
64
50
61
67
66
56
59
62
62
53
46
65
59
65
60
52
51
58
63
54
54
47
45
46
44
59
59
61
53
47
44
48
63
59
66
57
57
57
49
42
50
49
51
39
63
54
56
63
50
41
57
57
52
46
51
68
41
43
51
65
45
51
58
40
50
43
42
55
49
48
47
49
42
49
53
42
41
33
40
37
34
38
46
38
43
49
38
44
52
38
32
49
28
36
34
28
44
39
56
47
42
38
45
29
38
30
47
42
41
38
44
36
39
41
41
31
38
51
39
31
44
38
33
38
36
41
33
41
53
31
41
31
36
46
37
32
39
34
41
43
41
44
40
37
33
31
36
31
37
28
31
27
33
30
38
35
31
51
41
30
32
38
24
31
33
32
30
28
30
27
33
40
33
21
40
31
43
40
24
25
32
45
27
38
34
33
30
42
33
40
38
45
30
31
29
31
38
27
35
46
30
29
41
35
39
25
39
41
31
31
36
28
40
18
27
35
36
26
38
33
24
40
28
41
32
34
35
32
35
31
34
33
44
33
31
38
30
35
34
35
29
43
34
28
29
31
28
27
35
30
31
37
31
19
39
39
34
35
31
22
35
29
36
29
25
22
21
27
35
26
29
32
24
32
31
33
36
24
36
37
21
29
35
44
30
34
43
27
26
24
32
42
32
34
43
34
29
33
31
34
26
21
23
27
34
38
38
29
35
18
38
25
38
29
32
39
27
37
32
35
30
33
26
37
38
27
28
33
31
40
21
32
23
25
34
28
28
41
38
34
30
45
32
27
45
32
32
32
24
37
44
40
41
40
30
31
28
29
25
30
24
34
38
39
30
41
29
37
21
35
42
23
28
32
30
29
32
34
36
30
28
35
28
33
35
23
46
24
27
33
29
25
28
30
32
33
34
30
21
31
23
28
36
25
26
31
44
34
34
44
16
27
40
35
36
27
32
36
26
34
38
23
29
34
31
31
32
35
34
38
37
31
26
28
35
31
36
27
37
36
33
24
26
24
20
31
29
31
35
26
40
29
46
30
33
33
29
33
35
38
32
25
29
41
30
25
24
39
31
29
30
24
25
41
38
27
28
31
40
42
21
24
30
36
29
24
32
36
23
40
34
27
27
26
32
36
28
14
24
34
34
36
26
31
23
26
26
40
29
23
25
29
31
25
30
41
21
35
26
25
26
33
24
29
22
21
35
28
24
30
27
24
26
35
30
21
25
20
27
37
35
32
27
19
28
30
27
28
31
25
24
24
35
26
28
28
30
36
29
35
29
19
26
34
25
24
20
25
25
31
18
27
34
22
18
30
22
27
21
23
25
24
25
18
21
17
27
27
26
32
20
19
18
26
29
29
24
22
21
27
21
22
16
21
24
21
23
40
18
25
16
23
23
26
25
29
21
19
23
21
24
24
20
29
24
23
20
29
20
27
27
15
24
26
27
17
19
13
22
17
20
22
32
19
23
24
27
18
23
28
26
21
27
13
31
20
22
27
22
19
34
21
25
26
27
23
24
15
18
21
20
18
16
18
24
21
30
20
29
29
21
20
24
16
19
24
21
31
23
23
20
13
23
20
19
28
15
24
11
20
16
15
23
24
21
22
13
14
22
28
18
19
19
32
16
19
22
20
21
17
17
22
18
25
21
23
27
19
17
21
25
17
19
19
23
13
20
26
23
16
21
17
16
20
19
29
24
25
23
21
19
25
20
20
17
21
25
17
20
27
23
21
20
14
23
29
18
17
18
20
22
15
19
21
20
18
13
17
20
16
22
18
15
16
22
29
14
13
22
21
16
18
27
30
23
26
19
19
12
12
15
21
17
23
12
20
20
23
26
20
18
25
19
15
18
24
27
25
19
21
18
23
30
21
22
22
20
23
18
17
16
13
21
22
30
14
21
20
22
17
16
16
22
25
16
20
29
19
27
19
21
25
25
21
16
26
23
11
13
21
32
19
23
20
14
20
26
20
26
23
17
12
22
18
22
24
19
16
17
24
22
15
28
18
23
17
25
19
22
19
22
24
25
18
19
23
25
32
19
20
18
25
22
22
25
26
20
20
20
34
31
19
21
16
23
27
19
27
31
21
19
19
21
18
25
19
25
23
16
27
19
18
22
25
23
18
23
36
24
34
21
29
17
19
25
22
19
19
17
21
31
19
14
20
20
25
18
25
22
27
24
19
21
23
18
23
19
23
19
25
22
19
21
20
12
24
23
21
17
18
18
25
14
21
27
14
32
14
18
20
17
19
20
16
21
21
15
26
20
20
22
12
21
19
20
14
27
15
19
19
14
16
24
17
23
20
13
18
14
15
18
27
19
18
15
18
10
19
20
20
19
18
7
15
18
19
23
22
21
13
15
15
16
16
15
17
22
15
19
17
16
22
21
18
15
21
10
10
22
20
22
19
15
16
18
21
15
25
21
19
14
18
24
18
16
26
19
30
18
12
14
12
19
14
23
14
11
16
16
17
18
13
17
16
18
16
18
16
19
15
20
23
19
13
19
12
17
18
18
20
23
14
14
11
13
8
18
14
13
19
19
21
18
14
12
26
12
17
13
20
11
11
20
18
20
16
10
17
17
18
16
15
9
16
21
19
21
25
11
18
17
15
14
21
13
16
16
22
17
11
11
16
22
21
15
17
21
15
15
11
20
16
15
12
7
16
13
25
21
13
18
17
17
13
16
22
15
24
15
13
15
15
16
11
8
17
16
22
15
23
20
17
16
22
17
21
17
19
8
15
8
16
21
15
13
13
12
18
14
15
15
17
14
14
14
14
18
16
20
17
10
25
18
19
16
19
17
17
24
19
15
24
19
18
17
22
19
16
10
16
19
13
18
13
14
20
14
15
12
20
10
13
14
12
14
18
16
14
14
15
18
11
14
11
14
14
20
15
18
16
13
11
20
21
7
10
17
10
13
11
19
13
11
17
19
13
12
23
10
13
15
18
9
16
9
16
8
18
19
13
15
10
12
18
19
12
17
12
8
19
15
12
24
12
22
10
16
11
18
15
13
16
12
5
13
14
20
14
14
10
18
12
11
18
14
12
14
12
17
12
15
12
11
12
5
11
7
13
12
12
12
16
12
11
14
12
12
10
6
15
8
12
10
11
15
14
6
15
10
11
9
7
12
14
11
13
11
18
13
11
11
14
12
11
10
20
16
11
14
14
13
14
15
17
14
10
14
16
15
13
9
8
12
14
11
17
7
10
14
8
8
12
17
8
10
14
8
8
11
9
11
14
11
7
7
10
12
13
12
8
14
12
7
7
11
10
13
9
13
21
12
10
9
12
10
13
14
15
12
11
10
15
14
13
12
8
16
21
10
9
8
12
17
9
6
5
15
12
11
10
9
11
12
18
12
12
14
12
11
10
16
17
14
13
13
15
8
14
10
11
9
14
14
15
10
10
5
10
8
16
14
12
10
12
6
14
6
12
14
11
13
13
8
16
14
15
8
16
9
14
6
13
18
17
15
5
15
12
4
5
12
20
8
12
8
15
18
12
12
16
7
12
14
13
9
15
11
9
13
13
13
7
9
10
11
11
7
9
11
19
13
8
11
13
16
13
12
10
17
15
8
10
12
14
11
15
13
13
16
11
9
10
12
13
13
18
16
15
16
14
15
9
17
17
10
11
11
16
7
13
13
11
17
12
12
11
15
13
13
15
16
17
11
19
13
20
8
15
16
13
18
13
10
16
21
13
12
19
13
21
9
19
17
14
10
15
18
7
14
16
24
15
18
17
13
8
18
20
12
18
15
15
20
11
14
15
14
15
21
19
18
21
25
17
16
22
11
16
23
21
8
13
21
14
21
17
22
21
10
21
9
19
19
13
11
26
22
14
19
18
27
10
20
28
18
11
23
13
30
18
18
6
15
11
19
21
15
16
12
24
30
16
21
22
12
18
22
13
15
18
22
23
17
17
19
20
21
18
25
20
19
15
24
15
17
20
20
21
21
27
20
21
21
23
19
19
24
24
22
20
15
21
16
20
15
11
18
24
26
14
19
16
15
18
13
28
16
18
20
18
14
29
18
19
32
20
17
10
19
21
13
21
23
17
21
15
22
27
13
20
19
17
22
20
20
13
10
21
24
14
18
13
16
18
16
16
15
19
19
12
14
13
14
14
10
16
17
13
12
13
17
16
25
16
12
21
19
12
18
13
14
10
17
18
13
12
13
12
14
13
7
8
16
12
11
10
6
10
22
2
9
12
13
15
15
17
10
10
17
11
15
11
11
17
14
17
13
11
11
12
12
12
10
10
11
8
16
15
14
3
12
16
11
10
15
17
8
6
11
13
12
10
9
8
15
9
11
7
13
6
18
10
9
14
13
6
14
8
6
8
13
9
7
14
11
11
12
12
7
6
11
10
11
8
10
7
12
7
8
11
10
7
5
15
11
8
13
8
10
11
8
17
10
9
4
11
12
11
11
7
7
14
9
6
16
13
10
9
7
12
12
5
9
15
10
14
10
8
4
9
13
7
11
17
12
7
6
7
12
13
14
11
9
7
8
13
10
10
7
13
8
6
9
6
7
6
6
6
10
12
14
7
4
8
11
8
11
11
13
9
8
10
8
13
11
10
8
6
10
10
8
9
5
17
4
6
4
6
8
6
5
13
10
8
0
