0
0
0
0
0
0
0
0
0
0
0
0
1
1
0
0
0
0
0
0
0
0
0
0
0
0
0
0
0
0
0
0
0
0
0
0
0
0
0
0
0
0
0
0
0
0
0
0
0
0
0
0
0
0
0
0
0
0
0
0
0
0
0
0
0
0
0
0
0
1
0
1
0
0
0
0
0
0
0
0
0
0
0
0
0
0
0
1
0
0
0
0
0
0
0
0
0
0
0
0
0
0
0
0
0
0
0
0
0
0
0
0
1
0
0
0
0
1
0
0
1
1
0
0
0
0
0
0
0
0
1
0
1
0
1
0
0
2
2
1
2
0
0
4
0
2
3
2
3
4
3
3
1
5
6
4
4
6
8
5
5
7
7
4
9
5
8
1
17
11
13
16
19
16
18
17
19
14
27
15
24
27
27
29
25
31
32
37
27
36
52
46
50
72
90
102
100
125
160
194
231
309
343
402
519
582
788
962
1241
1584
1975
2312
2718
3114
3570
3949
4332
4791
5146
5463
5767
6374
6672
7084
7181
7567
8023
8150
8594
8853
9065
9234
9630
9742
9735
9968
9992
10244
10208
10720
10351
10423
10762
10580
10559
10724
10563
10778
10758
10499
10815
10722
10611
10813
10701
10721
10783
10751
11138
10919
11033
11200
11059
11291
10946
11034
11382
11506
11421
11426
11350
11696
11524
11910
11853
12171
12099
12057
12374
12268
12201
12445
12481
12748
12560
12848
12731
12960
12771
13117
13042
13273
13139
13114
13258
13265
13388
13509
13475
13445
13385
13570
13791
13643
13512
13808
13536
13948
13481
13676
13818
13588
13431
13575
13433
13661
13464
13378
13586
13340
13300
13253
13352
13212
13222
13150
12880
12887
12778
13003
12882
12754
12538
12672
12481
12316
11970
12176
12133
11927
11835
12041
11945
11566
11552
11657
11609
11326
11546
11190
11194
10971
11114
10893
10990
10627
10868
10638
10745
10612
10394
10289
10345
10398
9958
10149
10046
10196
10195
10064
9814
10009
9840
9822
9710
9822
9650
9832
9793
9758
9559
9366
9676
9541
9363
9329
9440
9369
9445
9376
9436
9305
9343
9443
9168
9463
9150
9285
9215
9187
9033
9198
9182
9249
8970
9231
9186
9092
9265
9270
9137
9179
9104
9077
9039
9227
9086
9014
9117
9016
8984
8863
8867
9086
8807
9211
8881
9049
8910
8830
8935
9017
8993
9046
8827
8900
8798
8592
8661
8830
8767
8862
8479
8551
8449
8770
8603
8441
8332
8366
8318
8349
8301
8261
8316
8234
8231
8157
8063
8157
8007
7992
7970
8132
8037
8129
7717
7882
7838
7731
7800
7760
7643
7801
7521
7540
7484
7521
7534
7474
7478
7259
7241
7335
7364
7138
7185
7157
7049
7122
7073
6857
6802
6954
6998
6805
6709
6898
6758
6747
6683
6680
6707
6646
6514
6621
6488
6716
6370
6449
6458
6376
6309
6397
6292
6309
6328
6112
6224
6103
6232
6188
6197
6161
6044
6104
6130
6052
5820
6071
6020
5888
5902
5896
5860
5916
5679
5873
5800
5711
5752
5867
5623
5674
5580
5680
5726
5817
5520
5517
5528
5427
5466
5471
5445
5518
5416
5510
5470
5435
5471
5289
5276
5400
5369
5336
5296
5311
5296
5143
5330
5261
5138
5179
5103
5154
5009
5182
5120
5090
4974
5000
5077
4976
5047
4883
5024
5004
4923
4986
4887
4998
4804
4784
4820
4879
4723
4842
4807
4882
4711
4699
4727
4724
4703
4680
4585
4689
4537
4721
4598
4566
4670
4643
4472
4632
4488
4544
4504
4537
4409
4552
4371
4489
4338
4316
4401
4398
4402
4296
4266
4418
4272
4165
4247
4251
4245
4195
4107
4208
4190
4100
4086
4100
4067
4071
4072
4046
4075
4106
4005
3990
3894
3975
3955
3923
3874
3771
3887
3866
3832
3933
3978
3871
3773
3748
3770
3810
3741
3817
3834
3715
3723
3702
3720
3662
3652
3552
3618
3610
3532
3695
3509
3570
3391
3647
3557
3465
3453
3450
3433
3407
3379
3457
3398
3278
3335
3347
3414
3219
3221
3274
3231
3248
3163
3210
3189
3249
3162
3200
3091
3094
2990
3053
3072
2967
3120
2984
2935
2920
2853
2924
3015
2911
2883
2889
2773
2858
2762
2823
2784
2758
2785
2795
2714
2774
2652
2834
2741
2716
2645
2649
2685
2521
2665
2608
2505
2608
2552
2540
2449
2543
2544
2436
2535
2468
2515
2433
2403
2454
2434
2427
2502
2432
2343
2478
2372
2348
2275
2288
2258
2298
2322
2268
2205
2161
2316
2298
2339
2246
2248
2317
2160
2228
2129
2212
2177
2144
2141
2190
2185
2132
2187
2176
2133
2177
2055
2140
2118
2108
2079
2104
2067
2040
1997
2090
2053
2036
2007
2043
2042
1969
1979
2024
1987
1969
2085
2019
1970
1927
1899
1959
1943
1858
1899
1932
1916
1936
1836
1905
1847
1886
1842
1822
1797
1785
1887
1851
1854
1823
1843
1736
1813
1776
1818
1796
1681
1750
1690
1726
1832
1763
1729
1773
1738
1693
1598
1708
1759
1764
1656
1683
1586
1669
1711
1605
1550
1633
1567
1632
1569
1638
1639
1584
1632
1589
1545
1561
1511
1543
1560
1658
1510
1523
1481
1540
1497
1527
1502
1537
1517
1482
1526
1492
1559
1505
1493
1453
1422
1519
1466
1386
1415
1486
1451
1363
1460
1453
1458
1431
1455
1393
1363
1423
1453
1374
1439
1403
1345
1394
1345
1394
1397
1382
1385
1371
1317
1398
1396
1310
1357
1357
1340
1363
1359
1352
1323
1287
1352
1318
1355
1305
1368
1256
1355
1322
1282
1317
1306
1305
1285
1333
1325
1261
1247
1336
1273
1297
1291
1253
1263
1300
1298
1289
1230
1289
1264
1319
1212
1267
1263
1235
1263
1246
1256
1238
1200
1224
1229
1239
1198
1259
1202
1237
1217
1253
1223
1262
1194
1198
1186
1199
1147
1128
1177
1197
1169
1163
1139
1151
1142
1105
1142
1161
1162
1159
1123
1133
1112
1089
1042
1036
1152
1071
1072
1101
1044
1044
1058
1075
1051
1041
1061
1063
999
1019
1050
974
993
1046
986
1031
1031
1032
993
997
1012
956
927
1048
996
1000
946
969
937
957
922
961
906
923
930
962
910
930
936
922
925
833
878
919
909
859
830
870
838
867
838
860
870
909
822
795
856
771
873
821
840
843
792
849
884
799
770
815
835
781
808
790
786
795
862
794
766
805
783
792
784
807
793
788
761
797
777
752
821
796
734
803
759
752
769
761
767
736
742
740
760
786
726
737
699
763
732
745
713
708
737
713
672
763
747
742
667
758
750
704
699
693
712
693
713
668
729
672
685
671
698
687
679
698
733
715
639
631
705
680
636
636
693
675
685
680
651
640
623
696
621
621
602
663
645
644
624
699
642
672
643
646
639
680
658
628
646
653
618
646
691
609
623
592
616
646
661
576
622
677
599
659
619
597
616
572
649
600
613
612
623
574
597
588
611
594
605
635
619
557
602
590
576
615
565
598
560
580
587
592
626
590
598
586
573
561
569
567
602
568
627
562
537
618
598
644
561
577
631
559
582
612
514
560
609
566
584
584
589
554
555
549
620
544
586
570
523
536
568
540
587
598
535
553
588
564
558
575
581
528
564
579
567
562
553
547
583
550
485
578
545
545
555
549
568
544
563
552
522
577
507
563
498
521
550
578
547
545
566
510
512
500
509
552
577
589
539
574
511
505
540
533
555
540
517
510
545
523
557
540
550
527
554
523
552
539
501
514
519
525
513
514
509
507
539
483
506
515
519
521
474
500
520
547
548
494
458
496
512
554
519
478
511
502
459
503
524
541
511
536
505
518
509
503
541
492
542
511
535
533
512
496
527
559
504
478
516
499
530
495
515
482
541
506
535
497
548
497
495
518
465
505
449
493
490
573
488
487
489
475
466
498
515
492
511
504
493
517
495
466
500
506
486
495
467
459
471
472
453
486
454
478
465
468
474
482
448
464
455
443
443
462
490
455
434
451
454
468
429
448
453
436
433
432
463
423
446
436
492
429
430
475
450
413
458
469
445
420
414
439
440
428
413
437
389
474
423
414
433
395
393
433
426
429
408
421
444
426
381
424
377
381
428
398
416
397
446
419
394
417
386
434
407
424
413
368
395
386
355
394
441
418
410
379
395
420
380
382
392
375
392
402
406
374
399
401
367
402
356
405
390
416
394
359
425
404
370
381
396
420
375
384
381
370
329
377
376
388
431
397
377
373
373
368
404
382
397
374
456
395
418
419
391
405
381
391
405
400
426
423
382
396
402
401
359
389
410
386
405
374
374
412
405
388
419
418
383
406
400
418
421
425
437
406
427
415
432
434
427
408
414
396
438
392
379
473
426
411
401
418
450
395
438
447
391
454
390
384
439
416
418
407
447
432
434
459
432
447
410
457
433
394
414
412
428
425
423
418
402
418
432
460
434
415
439
392
462
426
390
403
382
425
438
410
420
441
416
397
428
453
369
376
436
411
416
450
415
403
414
414
404
408
417
385
444
428
414
395
411
423
395
422
383
406
345
402
376
377
408
412
408
379
397
399
355
383
374
425
391
353
407
391
388
369
351
390
351
335
344
350
357
400
372
384
328
345
357
355
358
327
370
353
322
351
334
326
319
317
323
317
289
338
287
353
334
358
297
305
339
338
272
340
286
318
286
335
309
312
279
279
311
290
318
337
311
317
277
300
294
285
277
277
304
262
275
314
277
272
278
292
300
274
304
283
266
302
259
308
295
265
308
262
262
270
280
270
230
255
247
250
241
250
266
292
286
267
257
278
246
287
271
242
250
271
256
248
227
253
241
237
262
264
264
246
249
236
264
260
225
244
244
242
225
263
237
239
240
210
264
210
210
237
251
234
235
251
231
228
217
236
204
234
217
215
244
236
227
239
245
244
245
226
245
231
259
232
242
213
206
219
243
241
248
219
236
247
233
206
236
272
211
236
244
269
232
210
207
234
228
219
215
233
222
237
228
245
225
244
228
228
240
259
223
223
263
239
230
248
219
217
220
225
269
222
206
217
234
214
232
221
228
211
224
228
210
219
213
216
242
243
244
228
219
219
212
214
240
253
215
236
244
248
230
257
231
213
225
216
252
244
215
229
232
248
217
237
248
217
222
228
239
246
198
208
249
231
229
206
182
191
213
201
242
247
234
241
228
215
186
224
215
216
244
208
233
223
207
241
223
215
215
233
211
216
211
220
227
216
224
233
202
229
204
231
239
219
212
215
212
235
245
215
211
214
205
238
214
204
188
201
192
215
195
228
224
208
204
217
196
225
214
225
226
218
163
196
182
227
206
185
186
211
202
218
225
218
215
198
214
220
224
207
215
194
212
210
193
206
176
217
183
226
179
208
202
194
188
218
187
206
207
203
197
215
190
197
220
224
203
208
219
196
220
197
190
209
189
169
200
191
194
206
213
218
199
203
219
181
192
221
183
192
221
202
215
211
210
188
207
205
201
191
195
185
202
188
226
214
223
210
170
219
193
201
214
201
197
191
148
195
210
222
204
204
203
178
224
197
167
185
184
196
170
210
205
181
181
197
212
202
181
190
175
195
209
207
184
177
171
205
188
211
198
204
181
199
184
168
193
210
189
202
188
192
152
180
191
185
184
170
165
183
188
160
195
177
206
194
194
187
196
199
183
181
198
183
164
168
190
191
193
178
178
194
174
180
168
182
168
180
186
186
175
183
191
174
198
185
184
187
169
177
149
178
165
171
186
165
172
190
150
170
183
166
184
174
152
175
179
164
193
185
175
177
172
162
170
166
158
182
149
146
164
158
180
176
187
180
151
180
163
152
187
185
149
178
187
178
184
173
149
178
201
173
156
145
147
188
177
172
180
169
179
161
161
175
171
164
184
175
159
167
181
164
187
163
162
178
161
158
158
170
169
148
168
161
190
173
173
176
129
172
161
194
163
185
152
162
178
162
191
146
173
160
161
173
180
171
162
175
159
161
192
174
155
178
172
176
181
155
175
142
175
184
157
186
135
176
164
172
178
171
172
173
170
173
168
185
170
156
162
168
172
189
148
169
194
158
158
167
181
170
199
169
159
169
172
163
188
170
167
151
162
179
172
152
138
162
155
180
155
165
163
167
180
154
156
145
173
181
163
167
149
179
168
175
157
163
166
181
155
173
181
174
148
173
194
158
171
150
149
145
169
169
172
157
171
177
180
173
168
177
166
177
183
154
173
160
174
165
173
200
174
189
190
164
173
169
171
183
149
184
171
171
143
182
170
180
165
177
173
158
146
181
198
180
175
162
188
184
168
169
164
175
183
175
172
188
167
176
167
190
171
168
168
185
173
152
173
170
190
178
175
154
185
188
165
176
161
161
173
166
162
181
190
156
178
164
176
171
181
177
154
188
171
164
147
147
156
169
164
137
177
159
172
158
149
155
175
139
164
191
173
149
171
180
179
145
184
161
150
161
148
165
160
153
154
168
177
155
163
157
166
158
139
148
172
179
152
172
165
146
166
167
162
184
172
162
181
176
139
140
144
175
166
152
182
149
161
161
144
158
146
166
174
140
154
157
142
167
128
174
140
164
144
160
142
155
166
145
134
160
149
137
144
154
146
157
153
175
137
159
159
142
142
144
135
153
141
145
181
135
145
165
163
131
174
160
115
142
138
156
136
145
155
131
133
167
147
145
135
151
141
155
141
156
164
146
140
124
139
130
127
130
120
136
146
136
142
135
126
151
135
131
114
141
129
148
139
121
137
141
160
131
127
140
131
138
135
127
138
143
137
137
149
136
126
127
111
143
136
128
114
124
113
123
124
122
130
124
136
137
115
141
106
112
129
103
125
129
112
131
133
133
126
118
117
124
134
130
139
131
124
118
132
123
110
103
115
127
102
117
136
101
129
115
139
97
122
128
119
116
99
128
99
106
114
123
124
104
102
125
108
114
124
130
135
125
119
95
118
121
114
116
97
109
112
120
117
113
99
104
114
119
109
116
120
129
102
108
105
104
92
98
104
120
96
103
134
118
137
111
92
112
108
100
111
91
92
117
111
114
111
100
97
94
101
104
107
109
119
124
120
114
112
109
135
102
113
132
115
106
101
121
112
114
116
111
115
127
92
110
100
120
104
117
110
88
122
97
112
114
130
105
106
92
112
138
117
107
130
101
101
123
106
115
92
107
101
104
115
108
100
102
116
98
127
104
84
106
107
111
125
123
109
117
123
134
118
112
109
116
124
111
93
114
122
132
115
107
129
115
123
115
108
110
109
104
105
122
116
106
113
109
132
107
108
130
127
111
105
128
112
107
110
107
103
114
122
112
99
123
111
115
129
103
110
122
134
104
117
111
120
104
105
120
108
132
120
103
119
106
119
108
126
118
113
134
124
128
110
134
122
114
99
99
118
120
111
129
144
99
109
116
97
113
108
144
144
126
109
138
87
101
129
117
124
122
99
117
128
115
115
134
118
96
112
114
134
119
112
126
118
114
108
117
115
122
121
120
131
136
109
127
114
126
117
108
115
115
115
125
117
114
105
128
112
119
126
141
105
118
120
130
118
91
109
122
116
109
105
119
133
126
104
133
139
109
101
113
117
103
97
118
121
114
133
109
113
135
104
106
118
88
114
122
102
121
115
121
108
91
122
112
106
97
110
114
100
121
97
99
112
110
107
113
117
103
113
101
111
113
92
104
96
105
103
120
97
88
96
105
93
91
115
108
106
106
95
114
112
113
103
91
97
107
104
98
109
110
103
106
72
102
88
115
86
113
102
136
109
114
129
105
94
112
103
100
91
97
108
105
100
104
120
99
112
109
120
121
89
97
80
105
99
108
117
108
89
85
112
86
122
103
94
76
97
94
93
90
86
96
96
106
94
100
95
108
118
98
105
101
79
86
97
95
91
97
94
87
107
87
89
102
85
108
92
101
95
78
89
85
98
109
95
82
97
101
76
86
91
84
93
98
93
84
104
88
91
82
86
98
86
109
95
80
85
95
113
79
89
99
93
85
77
88
75
100
108
105
89
92
76
79
90
81
100
95
64
73
81
104
98
93
91
101
92
97
98
102
79
85
86
77
90
97
105
107
76
85
74
102
97
77
97
82
84
78
76
103
81
80
80
78
77
96
98
94
96
85
111
94
82
92
68
75
80
87
93
86
101
79
82
91
79
86
84
79
90
84
84
77
75
69
99
90
82
87
89
71
89
75
90
72
99
66
74
91
77
76
77
71
93
77
74
76
69
81
78
93
68
92
76
85
90
70
85
73
66
74
69
78
76
85
66
68
73
75
65
78
78
70
57
79
77
76
82
64
60
86
65
66
70
64
53
73
90
71
83
80
75
71
58
64
76
72
72
75
77
67
65
85
57
79
71
54
76
83
77
75
57
68
75
60
70
79
65
87
68
85
61
74
60
66
63
87
66
59
61
84
67
86
65
72
69
72
69
75
73
68
85
80
76
87
75
70
70
72
78
85
52
83
65
60
57
82
60
76
58
65
61
86
70
66
61
80
75
62
70
53
64
71
57
73
62
60
65
55
77
59
61
58
65
63
67
60
71
70
56
73
58
73
66
65
68
75
75
53
68
65
71
57
54
75
52
69
82
62
70
60
75
58
65
82
69
61
68
68
57
48
42
64
55
65
54
62
66
71
68
63
54
74
56
75
61
57
84
46
50
67
65
63
60
58
69
63
63
76
47
66
67
66
63
50
60
54
61
57
67
70
61
83
68
70
54
67
60
65
70
61
70
53
69
67
69
76
72
63
77
54
69
62
69
79
68
52
57
63
54
72
89
67
85
67
60
65
78
58
56
48
86
75
65
78
74
65
77
61
74
77
65
54
72
62
57
64
58
54
65
65
59
60
65
78
56
59
58
56
46
71
62
68
51
67
58
72
65
62
68
73
70
98
68
75
64
65
59
65
60
75
63
70
84
59
77
74
72
64
78
62
77
62
72
82
57
68
70
71
67
68
61
65
56
84
60
69
68
66
72
96
75
66
69
70
86
61
70
81
69
101
68
65
72
77
81
61
80
77
86
84
78
74
77
76
70
72
75
60
77
72
73
79
76
91
80
91
98
84
84
68
76
71
78
85
67
91
86
91
79
96
90
82
81
83
67
83
93
80
64
91
95
102
91
70
92
84
86
85
77
99
82
93
90
74
91
88
101
100
90
104
106
104
101
94
98
109
91
96
108
90
99
101
112
79
115
100
103
100
107
126
100
99
96
106
116
119
103
108
106
97
97
104
131
112
112
124
100
105
104
108
100
109
116
104
111
107
136
108
120
125
122
110
103
125
125
101
111
91
123
116
92
129
113
117
109
119
118
108
126
116
101
118
114
113
115
130
113
133
120
121
93
124
104
112
119
94
105
112
91
117
135
112
114
122
131
96
129
111
110
112
116
110
113
100
93
119
113
104
114
109
113
108
110
117
103
114
105
97
103
116
105
100
90
115
112
97
104
99
123
117
106
100
114
83
107
98
123
87
91
104
89
105
87
91
86
107
101
89
83
105
84
89
111
89
96
78
85
90
88
79
72
106
83
78
76
82
74
87
96
72
74
96
69
84
80
81
84
78
59
72
88
72
97
78
72
72
84
79
96
85
61
70
74
61
67
68
68
73
62
63
60
59
68
63
70
56
71
67
75
73
52
64
68
51
59
77
75
51
66
68
67
46
74
52
56
68
64
57
47
56
68
42
71
55
39
59
68
59
59
50
46
62
54
58
44
45
50
68
66
65
54
67
45
62
59
54
52
44
48
63
59
55
56
50
55
40
50
44
57
54
56
55
57
63
63
51
45
57
64
51
52
48
53
52
66
49
48
49
43
45
45
47
51
58
63
44
63
43
57
62
50
48
46
59
49
53
43
57
41
49
46
60
49
56
43
62
61
52
61
61
41
44
52
43
62
40
45
49
42
44
41
55
54
54
49
41
39
54
58
57
57
45
38
49
41
44
41
48
48
53
39
53
75
59
51
38
43
56
56
58
41
43
52
44
41
43
50
36
39
0
