2
0
0
0
0
0
1
0
0
0
0
0
0
0
0
0
0
0
0
0
0
0
0
0
0
0
0
0
0
0
0
0
0
0
0
0
0
0
0
0
0
0
0
0
0
0
0
0
0
0
0
0
0
0
0
0
0
0
0
0
0
0
0
0
0
0
0
0
0
0
0
0
0
0
0
0
0
0
0
0
0
0
0
0
0
0
1
0
0
0
0
1
0
0
0
0
1
0
1
1
1
0
1
0
0
2
2
1
0
1
1
0
0
2
1
2
1
0
4
2
4
2
4
3
3
10
6
6
8
5
5
5
10
12
8
9
10
11
11
12
19
19
15
17
23
22
19
17
18
38
39
59
67
88
114
121
181
212
225
247
279
331
339
382
350
433
501
589
617
621
690
788
792
909
969
1041
1135
1256
1401
1623
1751
1910
2109
2308
2483
2791
3115
3368
3606
4061
4413
4635
5087
5363
5563
5831
6036
6329
6330
6406
6452
6456
6332
6459
6370
6405
6383
6353
6145
6252
6304
6081
6099
5858
5932
5902
5626
5515
5480
5355
5264
5160
5030
5051
4853
4756
4632
4498
4516
4308
4202
4110
4067
3940
3940
3653
3655
3556
3401
3367
3276
3295
3229
2959
2952
2968
2802
2805
2628
2665
2627
2576
2387
2456
2442
2392
2326
2223
2304
2110
2170
2076
1930
2082
2030
1969
1960
1929
1888
1895
1797
1793
1737
1742
1767
1745
1666
1682
1722
1612
1626
1652
1718
1635
1627
1644
1599
1542
1543
1534
1524
1542
1549
1497
1514
1562
1575
1511
1517
1451
1487
1497
1499
1499
1414
1429
1435
1474
1423
1459
1530
1490
1434
1432
1377
1391
1459
1459
1441
1390
1474
1427
1472
1420
1370
1380
1443
1420
1363
1420
1424
1387
1367
1391
1325
1313
1368
1367
1314
1362
1335
1341
1312
1329
1356
1341
1309
1314
1297
1284
1332
1295
1299
1219
1257
1239
1219
1142
1283
1220
1236
1308
1207
1212
1230
1198
1218
1207
1168
1155
1137
1129
1134
1140
1162
1105
1172
1187
1134
1131
1108
1118
1120
1073
1092
1079
1076
1054
1025
1016
1014
1100
1080
1072
1073
1084
1051
1011
997
1052
1003
1059
1065
1039
1016
1023
1030
998
1029
1048
1000
1007
1066
1025
1012
1036
963
982
1005
964
988
1015
1039
1025
980
994
971
1020
1006
1035
981
1000
938
978
968
974
963
933
986
924
956
929
927
952
893
1000
910
951
955
956
909
893
924
882
925
923
843
901
913
885
859
874
920
836
795
893
896
875
873
844
828
890
882
834
820
846
827
807
859
827
832
878
836
809
779
789
799
839
821
830
757
812
761
788
844
799
755
781
737
736
766
781
763
742
777
743
733
744
726
732
778
753
709
699
715
731
735
716
683
768
748
706
685
770
688
651
661
666
691
743
643
700
661
693
695
683
632
679
676
685
640
637
683
666
626
618
658
663
597
597
608
614
641
643
591
608
572
636
612
627
582
588
616
643
590
633
571
596
578
560
563
578
553
612
602
613
568
560
565
593
553
586
570
565
577
513
532
564
549
589
540
595
561
588
577
547
564
595
551
526
495
555
517
529
554
511
470
499
526
529
559
517
499
526
497
482
511
488
536
513
501
531
517
495
473
486
464
525
503
510
488
489
496
476
487
485
496
457
521
484
496
432
496
506
481
487
485
490
480
453
468
475
477
503
449
464
460
511
464
444
457
450
445
465
460
492
430
498
490
461
442
459
425
434
416
477
446
441
469
458
471
415
421
458
442
422
411
403
432
406
423
406
410
420
401
404
430
403
425
383
410
451
398
411
407
363
378
388
384
385
383
411
408
374
371
402
402
361
402
385
361
378
331
353
346
366
364
356
363
351
330
331
361
363
339
333
343
329
334
287
328
340
343
351
308
327
304
305
327
306
319
338
311
332
317
320
306
304
289
318
268
289
294
317
288
303
286
314
311
252
297
297
284
299
293
275
295
278
269
277
289
292
289
262
257
287
276
261
283
292
255
253
281
266
285
285
270
255
257
274
266
265
250
251
272
257
278
248
247
268
265
253
288
264
241
283
259
241
221
247
248
243
245
254
230
244
233
252
213
232
224
212
236
229
245
224
235
224
230
246
228
259
235
234
233
204
226
240
231
221
225
234
212
245
237
211
219
234
209
234
215
198
215
218
221
214
204
214
206
200
186
206
193
210
228
245
223
201
198
213
186
205
185
190
200
178
180
208
194
203
219
208
195
185
200
217
173
189
203
214
194
173
172
199
196
184
186
169
193
192
186
186
200
144
164
199
201
188
189
199
167
192
198
199
186
189
177
175
192
210
189
185
187
181
171
190
187
197
184
176
171
145
210
163
171
166
198
179
196
188
197
159
170
178
182
162
184
187
167
165
188
204
180
200
186
171
165
160
172
169
213
158
167
186
177
154
150
174
163
167
159
161
179
187
182
163
160
167
180
164
154
167
161
171
147
175
152
160
198
144
159
160
182
154
154
139
155
145
139
131
147
138
154
158
168
148
150
143
155
137
145
140
179
154
151
130
132
123
142
132
150
138
144
155
144
126
113
131
133
128
137
119
136
144
119
130
142
139
113
148
122
125
120
125
118
125
116
122
126
114
125
106
115
107
121
136
132
105
98
117
125
119
115
122
104
114
124
115
109
111
107
103
102
96
100
104
107
113
100
98
129
121
105
101
103
108
122
98
109
110
109
99
99
104
84
135
104
89
96
105
111
102
84
97
91
95
98
93
104
99
118
98
89
113
78
87
105
82
87
79
81
99
103
113
98
77
107
86
92
82
95
89
102
87
110
106
83
85
96
83
100
91
106
91
73
92
82
89
101
89
99
83
94
110
83
77
102
87
96
84
85
87
80
77
91
80
81
93
75
93
87
84
84
100
107
71
63
90
75
78
80
100
61
65
90
85
77
77
75
90
75
82
75
67
80
87
84
88
70
88
78
91
95
63
90
78
75
78
92
70
73
97
88
94
77
71
74
83
80
82
79
78
89
85
73
88
66
79
76
75
89
81
70
78
76
61
87
90
76
67
93
75
80
75
74
75
58
81
73
76
73
69
72
71
76
73
62
61
67
77
84
55
70
67
81
61
72
67
77
63
80
62
78
60
75
81
60
77
64
75
72
79
71
72
67
80
74
74
68
76
63
61
85
67
54
72
69
65
83
72
64
65
73
67
52
66
82
80
66
76
74
65
70
60
54
62
63
66
59
59
51
54
62
73
50
61
69
58
60
80
57
65
63
64
69
71
70
68
61
66
61
76
67
44
62
53
67
68
50
74
63
69
73
70
67
67
60
64
57
55
65
67
68
55
63
72
61
61
71
64
65
78
63
75
59
64
68
56
61
66
51
72
66
67
52
59
63
57
71
62
60
66
85
70
73
58
64
67
69
74
92
71
63
54
50
70
50
65
62
64
53
60
55
69
69
52
57
67
72
59
61
64
62
63
46
51
65
59
73
54
63
54
42
69
58
61
67
55
59
64
60
69
68
51
59
48
71
59
49
57
50
60
57
38
40
52
50
52
55
44
63
53
51
63
58
62
43
49
61
54
59
56
49
66
42
61
52
61
44
64
50
56
60
47
62
54
54
46
52
55
37
62
60
39
52
47
53
56
66
60
45
48
54
48
62
39
50
57
55
69
86
54
63
54
53
48
49
51
54
66
55
55
49
61
53
57
52
37
70
48
57
59
55
49
56
55
56
48
46
60
61
57
50
47
66
52
52
47
49
47
58
42
60
58
54
62
48
56
62
64
45
63
60
54
48
70
52
56
60
65
60
80
74
78
56
51
62
52
58
71
66
59
53
67
56
60
63
52
45
48
60
60
74
50
62
69
51
72
51
54
57
56
49
68
51
56
55
74
70
67
81
76
77
67
48
73
70
68
67
78
61
61
52
72
59
58
50
65
74
61
60
83
71
61
54
60
76
65
56
52
74
72
58
69
49
61
59
57
67
53
63
51
70
67
71
48
58
75
51
62
63
61
57
60
61
66
48
55
49
53
52
60
48
50
62
53
57
60
54
54
46
57
51
47
60
53
52
63
52
48
60
62
57
55
36
41
46
50
57
60
49
45
61
58
60
61
53
41
47
46
51
43
54
48
49
48
48
55
44
44
46
42
53
49
53
39
36
46
49
44
48
45
39
43
48
23
39
43
42
35
37
37
33
53
37
34
36
39
44
38
28
46
44
46
42
34
44
30
34
31
33
23
46
31
31
38
34
45
29
38
34
42
36
40
32
41
44
39
42
36
31
25
28
36
36
40
31
25
33
21
27
31
34
37
26
25
35
42
24
27
37
35
40
30
39
30
28
18
28
33
37
35
31
31
34
29
26
31
29
24
41
21
34
27
30
24
28
35
32
36
33
25
35
30
26
30
27
38
30
54
31
31
34
29
33
32
40
35
34
39
33
17
25
31
27
39
26
29
34
30
31
30
34
29
26
26
33
32
23
33
33
30
27
36
30
29
26
24
28
33
26
33
29
34
27
27
19
31
31
26
22
27
23
26
29
27
33
25
30
28
30
35
26
29
32
23
34
34
27
37
30
33
30
40
39
35
32
32
19
29
39
25
31
26
27
24
32
33
33
40
30
38
25
29
27
24
36
26
20
23
32
26
26
30
26
18
28
26
39
30
29
34
23
32
31
29
34
23
32
29
26
26
30
38
33
36
25
26
33
34
33
22
23
36
30
35
29
21
26
26
31
30
25
35
20
30
31
30
26
27
28
14
29
30
23
48
21
27
35
30
22
24
32
26
28
27
27
33
22
32
35
22
29
24
26
30
27
44
29
38
22
41
24
26
24
20
28
28
23
29
17
32
25
25
24
28
26
31
27
34
34
25
26
27
23
32
15
29
30
22
31
25
19
24
22
30
28
20
21
27
30
26
19
32
22
32
25
28
27
25
33
25
28
26
33
28
29
18
30
31
18
26
24
33
31
21
27
22
32
36
23
30
24
28
26
28
17
25
34
33
29
31
35
20
29
15
26
25
28
33
32
20
32
29
22
24
22
19
25
28
24
40
26
23
24
30
32
15
26
21
25
34
20
36
21
32
22
25
24
23
33
25
24
22
24
35
26
17
22
19
39
30
31
21
14
26
27
23
23
30
18
33
23
24
24
26
16
33
24
21
32
17
24
23
16
19
31
26
15
26
21
23
23
26
30
22
23
16
29
19
32
19
25
25
19
32
26
16
20
20
24
33
24
20
36
25
24
21
16
23
20
23
19
20
24
24
17
23
27
17
22
19
21
20
28
31
24
24
18
15
22
19
24
22
18
27
13
19
21
25
23
18
19
16
33
22
15
20
11
19
20
20
24
23
25
16
19
22
16
26
14
20
31
25
22
26
22
17
24
25
17
20
23
18
19
18
27
28
16
28
15
21
17
23
19
17
26
17
21
24
19
26
23
23
15
18
22
25
23
25
21
20
22
23
19
16
13
25
29
19
18
30
22
19
29
17
25
22
18
14
25
19
19
29
27
26
15
21
24
14
21
29
11
26
24
23
16
19
21
27
18
15
26
20
17
29
14
19
31
22
14
23
23
25
13
20
24
25
16
24
23
24
23
26
27
16
21
22
14
23
29
24
27
16
15
24
15
18
29
29
26
24
18
26
32
24
25
18
18
30
28
17
22
23
27
12
34
20
27
24
31
25
22
20
28
15
27
24
25
19
26
16
22
28
20
21
20
21
26
26
19
27
15
26
19
24
24
22
29
24
29
26
22
23
18
25
27
23
30
24
24
22
22
29
22
28
30
21
28
24
20
26
23
26
22
30
32
21
22
17
25
22
27
29
23
23
18
22
24
21
29
25
26
30
17
26
27
21
23
25
30
22
19
24
25
21
26
26
20
19
20
17
18
20
28
17
25
17
22
20
22
30
25
22
27
21
17
27
25
32
27
22
21
16
23
18
28
24
22
22
21
22
16
23
19
13
16
20
17
30
15
23
16
15
17
25
17
19
17
18
21
16
20
29
22
27
15
21
18
28
28
27
17
22
22
22
18
22
16
19
28
13
12
11
18
19
17
20
16
22
22
33
24
14
18
15
27
27
14
30
16
19
22
28
15
25
20
25
17
20
25
18
23
28
20
21
19
20
23
19
23
14
17
23
15
22
18
16
19
11
10
15
16
12
22
13
23
19
19
22
13
23
24
22
20
16
15
15
17
19
18
15
13
18
17
12
22
12
17
18
13
22
21
26
17
15
10
24
18
14
24
18
12
15
11
8
12
16
20
16
15
14
16
25
21
11
18
18
19
14
13
9
10
21
15
16
20
16
17
16
25
19
10
19
10
20
9
18
16
11
13
9
16
18
14
16
8
17
12
15
21
10
12
17
15
12
17
11
20
15
14
9
12
15
16
18
14
23
22
20
12
13
21
17
11
11
6
9
22
12
15
16
15
13
22
18
15
8
13
19
18
16
10
16
18
16
18
13
17
14
15
11
9
12
15
12
11
15
16
22
13
6
16
8
9
11
15
11
14
14
16
7
16
8
9
13
13
11
12
17
13
17
16
16
8
14
13
15
16
17
14
21
18
10
12
7
19
18
10
16
14
22
9
11
16
21
13
15
11
13
14
20
10
9
12
8
12
16
11
13
21
11
15
16
10
15
18
15
11
7
18
4
17
15
11
9
9
19
12
13
12
13
14
13
9
12
15
16
13
17
9
10
18
18
10
17
14
18
16
18
10
13
12
11
13
8
20
20
13
23
10
20
19
20
14
19
11
12
16
16
12
18
16
4
13
16
11
15
25
18
16
7
17
14
11
13
15
21
15
15
20
15
9
15
14
18
23
16
11
16
20
12
15
17
14
23
17
20
10
16
18
10
19
19
21
14
14
14
14
19
15
13
12
14
16
17
21
17
23
22
15
15
9
14
19
23
14
18
15
14
15
11
11
23
22
14
23
18
20
14
16
11
17
11
25
17
20
17
15
15
12
13
17
12
21
12
20
14
23
14
17
19
25
12
8
11
17
12
22
23
13
20
15
23
18
22
18
14
18
11
19
12
10
14
14
13
17
13
18
16
12
15
21
9
20
13
8
11
16
10
11
15
10
12
14
15
17
21
9
12
11
12
13
16
10
15
16
14
17
15
14
9
14
10
11
15
12
15
11
14
16
5
6
11
11
12
8
15
14
10
13
12
12
12
13
20
13
19
16
20
4
11
15
8
11
12
9
15
11
13
12
12
15
12
14
19
12
15
14
11
17
16
15
14
14
7
16
12
13
17
11
15
11
12
10
14
17
12
9
13
16
13
14
18
10
14
10
16
9
18
16
8
14
12
12
10
16
8
14
10
11
21
12
14
16
14
17
9
11
7
13
10
9
11
11
12
7
8
11
7
4
13
7
7
11
9
6
13
15
17
13
11
17
9
11
13
15
14
11
9
17
6
7
9
10
17
15
8
8
19
5
11
14
11
9
7
12
10
8
10
15
12
12
12
13
6
13
23
14
8
11
7
12
14
13
5
9
11
14
14
8
6
11
14
4
13
13
12
12
5
9
9
10
10
13
12
9
13
4
12
17
13
13
13
13
10
12
8
9
8
7
11
6
7
5
10
10
9
13
15
7
10
5
13
12
11
9
5
9
12
10
5
7
10
11
8
8
10
15
11
8
13
13
14
12
14
15
10
10
8
13
10
14
13
9
9
6
8
7
4
10
6
16
8
15
10
9
8
5
8
11
11
15
7
11
5
7
9
6
11
8
13
7
10
14
11
11
9
13
13
10
7
15
10
4
9
14
6
11
11
7
7
5
10
7
13
9
6
16
7
9
2
11
14
11
9
8
9
3
7
9
11
9
12
6
9
5
7
12
8
12
8
8
8
5
10
10
7
7
3
13
12
11
3
6
9
12
8
3
8
8
8
4
4
12
9
4
8
11
8
3
6
9
9
7
8
9
12
6
8
10
10
8
7
5
12
8
3
9
8
7
7
8
9
5
7
6
6
4
8
7
4
6
4
7
4
9
4
6
7
6
6
7
5
11
7
6
7
7
2
9
8
4
4
5
5
4
7
5
4
2
6
8
6
7
6
9
6
7
7
8
6
5
8
6
10
4
6
5
5
5
5
7
5
10
7
6
5
10
9
8
6
7
8
4
6
9
6
4
8
10
3
9
6
7
10
3
6
1
5
8
11
5
6
9
6
8
7
11
7
7
8
7
8
5
7
5
5
8
8
4
11
7
6
13
4
9
5
7
8
8
13
7
5
15
6
14
6
9
11
8
6
4
8
8
9
5
5
9
9
7
6
7
6
7
6
6
8
15
7
6
7
8
5
8
6
8
7
6
7
8
14
10
7
11
8
9
4
11
7
10
3
6
9
5
10
7
6
7
10
8
5
8
10
3
8
8
5
11
7
10
8
8
11
9
6
16
6
9
10
9
5
9
10
6
8
3
9
2
5
8
7
10
8
10
5
4
10
12
7
8
5
10
7
9
4
4
9
9
12
8
6
11
12
5
8
8
11
7
9
15
13
13
10
13
18
11
8
8
10
14
9
13
15
10
13
9
17
9
10
5
8
13
13
9
10
6
11
11
13
7
12
13
11
15
14
11
12
12
19
10
11
10
19
10
12
11
12
15
9
14
13
5
11
12
15
12
10
7
11
8
15
15
9
21
11
10
17
16
14
15
16
20
12
19
15
15
12
16
15
17
15
16
12
21
20
10
14
18
10
21
13
16
13
12
26
21
22
14
12
14
13
13
22
18
19
16
17
19
9
17
13
13
26
22
13
10
15
10
19
14
16
14
14
11
15
13
11
19
17
22
18
15
20
18
20
16
18
16
20
18
14
18
12
18
17
15
11
13
21
14
12
11
11
25
26
22
14
19
17
15
15
14
18
10
15
15
18
18
15
10
15
10
16
19
19
10
11
18
11
18
14
14
11
25
10
14
13
12
10
15
22
15
15
10
11
15
14
14
17
13
13
12
14
14
12
9
12
17
8
10
17
9
12
10
17
11
9
9
11
11
18
8
11
14
11
10
12
9
9
8
19
4
12
7
9
12
12
6
10
14
9
13
6
7
12
9
7
13
11
10
6
3
9
10
5
5
2
11
12
5
12
14
11
13
7
10
11
6
10
3
2
8
12
10
8
8
12
3
5
7
5
9
10
4
5
7
3
12
5
12
9
5
6
5
9
8
4
7
6
6
5
5
12
7
5
8
2
9
6
12
7
4
9
4
4
8
6
2
6
2
4
10
9
5
5
7
6
4
6
8
5
8
3
5
5
5
4
3
6
6
6
7
6
4
5
2
4
10
1
4
2
7
6
4
5
4
7
1
8
5
5
6
4
8
5
4
7
8
6
7
5
3
3
4
11
6
8
7
6
7
5
6
9
5
4
6
3
7
4
4
6
2
6
5
10
2
3
6
1
5
1
4
5
4
4
4
11
4
7
4
3
4
3
8
4
1
5
6
8
5
11
4
6
3
4
2
3
5
6
4
5
7
3
4
0
