1
0
0
0
0
0
0
0
0
0
0
0
0
0
0
0
0
0
0
0
0
0
1
0
0
0
0
0
0
0
0
0
0
0
0
0
0
0
0
0
0
0
0
0
0
0
0
0
0
0
0
0
0
0
0
0
0
0
0
0
0
0
0
0
0
0
0
0
0
0
0
0
0
0
0
0
0
0
0
0
0
0
0
0
0
0
0
0
0
0
0
0
0
0
0
0
2
0
0
0
0
0
0
0
0
0
0
0
0
0
0
0
0
0
0
0
0
1
0
0
0
0
0
0
0
0
0
0
0
1
0
0
0
0
0
0
0
0
0
0
0
0
0
0
0
0
0
0
0
0
0
1
0
2
1
1
0
0
2
1
1
2
1
0
1
0
2
1
6
3
0
3
2
1
3
8
3
1
5
2
0
5
5
4
4
8
9
8
10
11
7
6
21
11
18
23
26
28
38
34
49
59
61
73
100
110
148
165
225
279
334
434
498
564
634
671
729
804
890
939
1079
1066
1164
1165
1293
1257
1349
1373
1453
1474
1519
1627
1592
1732
1715
1719
1747
1769
1752
1780
1826
1839
1779
1833
1840
1871
1830
1850
1854
1824
1890
1850
1839
1843
1848
1854
1802
1832
1909
1884
1860
1869
1948
1925
1897
1932
1971
2015
1974
2038
2042
2016
1935
2082
2038
2139
2150
2179
2092
2113
2142
2101
2202
2217
2129
2217
2225
2198
2169
2253
2254
2301
2260
2223
2300
2258
2328
2303
2386
2359
2240
2350
2305
2323
2316
2358
2306
2435
2337
2388
2350
2288
2331
2349
2350
2347
2384
2221
2307
2327
2316
2372
2368
2276
2282
2310
2291
2286
2251
2170
2233
2153
2106
2139
2224
2162
2126
2145
2053
2101
2070
2062
1952
2022
1945
2009
2060
1991
2024
1988
1958
2000
1919
1873
1854
1872
1858
1823
1804
1794
1790
1793
1831
1777
1760
1756
1801
1773
1742
1745
1763
1710
1710
1745
1689
1720
1729
1683
1680
1677
1715
1706
1676
1744
1643
1691
1695
1699
1680
1637
1656
1642
1565
1584
1640
1612
1617
1594
1658
1610
1656
1721
1635
1666
1600
1689
1615
1661
1528
1637
1642
1627
1563
1614
1636
1532
1587
1589
1611
1631
1544
1575
1599
1641
1553
1599
1511
1460
1532
1572
1532
1466
1572
1594
1502
1587
1527
1494
1570
1538
1571
1537
1580
1541
1499
1512
1509
1577
1446
1506
1526
1463
1514
1441
1506
1489
1478
1448
1449
1443
1446
1394
1461
1418
1346
1432
1386
1452
1362
1428
1451
1386
1299
1446
1351
1349
1297
1328
1358
1322
1359
1253
1363
1292
1318
1284
1306
1247
1357
1313
1263
1285
1258
1190
1259
1202
1229
1243
1273
1297
1184
1202
1198
1258
1220
1193
1212
1210
1247
1197
1129
1218
1091
1171
1139
1224
1165
1152
1133
1103
1114
1148
1091
1100
1171
1094
1154
1060
1057
1104
1075
1146
1115
1115
1104
1156
1076
1092
1065
1089
1103
1068
1041
1108
1046
1077
1100
1114
1063
1059
1033
1068
1011
993
1031
1056
1056
1046
1078
1026
998
1053
1058
975
1001
1043
974
971
983
996
1000
942
968
999
932
998
943
975
921
941
952
924
957
951
927
979
930
1024
906
1001
952
911
883
883
921
899
922
901
930
938
906
982
955
872
884
853
853
944
883
889
909
909
865
906
880
853
845
876
844
850
899
875
855
845
862
819
801
831
801
836
823
854
740
809
833
755
766
789
790
781
753
771
809
863
767
787
749
780
829
780
760
773
751
783
725
751
738
721
728
775
796
738
768
749
774
743
688
675
749
699
689
742
707
729
735
733
685
738
686
706
702
682
666
687
661
638
666
702
644
690
718
702
640
653
653
657
615
624
660
591
665
678
643
643
603
665
605
612
564
595
626
595
650
570
601
608
582
617
567
627
596
551
591
600
561
597
525
570
598
569
578
557
568
526
559
526
565
536
584
536
526
482
527
525
530
511
556
517
493
515
518
537
516
553
534
494
442
529
486
505
473
464
496
492
491
466
436
449
491
500
460
434
467
474
478
505
475
476
449
433
450
396
456
507
437
431
443
436
373
443
432
466
421
433
407
436
423
421
421
434
439
443
411
393
444
402
450
416
431
415
424
435
417
452
410
394
407
402
364
397
429
434
388
377
393
408
381
432
404
390
387
385
363
386
369
391
376
391
393
387
346
371
388
392
393
369
367
329
338
377
377
416
357
395
389
332
367
352
325
360
357
355
339
352
313
327
351
349
354
326
357
310
341
308
350
330
332
345
367
332
336
310
330
350
326
298
301
338
340
308
317
347
341
302
330
310
321
350
306
349
282
322
352
326
309
304
296
338
304
317
317
264
315
273
297
292
318
307
296
295
321
291
266
321
311
300
299
326
321
265
335
308
320
290
286
339
274
316
297
316
281
304
320
293
284
290
310
285
258
274
307
283
300
288
289
268
305
271
261
263
306
279
291
307
257
300
278
257
246
259
290
266
254
292
267
272
298
240
276
291
283
286
275
250
269
262
289
280
250
275
283
279
247
261
289
282
262
271
247
260
278
260
253
277
230
257
234
274
276
258
222
266
242
239
267
253
251
246
211
256
227
257
235
220
226
236
239
246
233
251
217
233
231
263
220
238
246
225
217
235
224
229
216
207
218
261
228
212
209
219
216
213
214
231
232
213
232
214
233
207
210
215
218
216
212
207
243
198
205
206
232
222
214
202
213
209
206
225
202
212
190
214
204
214
206
214
203
207
216
193
239
198
182
200
202
186
204
205
187
209
195
165
216
241
190
191
221
200
191
203
220
204
205
173
205
198
207
178
201
159
210
230
197
209
193
173
199
199
168
181
184
182
200
170
184
175
153
199
179
178
193
192
199
172
193
177
215
163
176
186
200
183
178
175
168
191
192
180
184
189
159
175
186
179
205
159
173
176
180
185
181
184
184
181
158
175
164
160
173
153
168
159
170
173
166
181
177
176
164
166
149
177
164
186
162
185
168
166
167
173
168
174
183
169
169
168
155
175
165
154
149
158
182
161
155
159
149
152
168
160
157
166
158
175
175
187
179
172
171
157
156
173
147
164
172
160
162
157
149
155
171
170
154
136
136
146
157
170
177
177
149
138
173
136
154
137
173
143
157
170
128
155
168
150
143
165
165
165
149
117
160
147
144
145
131
141
156
133
158
129
133
132
135
147
152
139
139
117
152
139
126
138
119
151
145
156
123
143
131
147
148
148
141
116
152
131
121
155
124
138
129
131
121
135
136
153
128
137
143
143
132
128
128
122
114
123
131
116
145
110
124
142
112
117
119
133
99
121
119
141
103
142
114
131
104
125
135
121
122
131
122
101
126
123
136
106
123
100
110
108
113
116
134
122
147
106
109
121
113
94
119
123
96
114
106
96
109
116
107
111
103
122
108
114
114
117
112
105
115
105
98
121
100
111
108
101
112
105
112
94
87
123
108
98
102
106
112
98
118
111
116
90
103
106
104
106
114
95
102
111
102
98
116
110
92
113
105
109
99
106
106
113
110
100
110
104
121
115
97
107
99
99
105
98
101
88
87
100
96
89
85
102
103
96
102
96
96
80
74
115
89
101
86
98
105
99
95
67
102
89
82
90
94
93
91
71
79
71
95
97
81
79
92
99
87
102
78
81
103
98
79
92
101
86
89
76
76
96
85
94
83
71
106
89
88
82
81
84
103
93
97
86
89
88
70
100
84
81
88
96
84
86
76
92
85
96
88
81
96
94
96
79
76
97
83
102
80
89
92
83
88
74
108
87
90
78
87
88
81
89
90
96
80
95
102
67
72
83
95
92
93
95
85
67
92
82
97
78
87
93
86
95
83
78
79
92
83
85
105
77
87
78
85
80
94
87
101
66
95
109
86
90
81
72
94
90
81
77
74
102
105
95
97
87
96
85
98
88
80
87
112
96
85
76
100
88
94
89
87
72
89
105
99
108
92
97
95
85
101
103
111
102
85
93
85
96
96
121
94
101
103
96
94
91
100
91
108
95
88
78
106
99
96
97
92
82
92
87
96
112
92
110
99
106
79
111
113
117
108
106
115
114
95
129
99
105
109
124
95
110
125
97
120
107
125
108
114
111
138
115
123
119
129
114
117
138
133
115
123
128
140
126
142
117
129
143
140
136
136
173
156
148
140
162
157
143
150
172
160
163
164
162
189
170
184
191
163
160
181
200
185
178
191
185
189
212
182
189
209
228
211
205
198
215
214
203
213
240
253
223
234
258
258
226
249
273
256
277
256
250
295
301
286
275
248
279
304
308
294
266
300
298
314
290
303
295
316
289
310
341
306
363
294
319
325
299
306
341
336
316
358
346
334
370
326
319
317
320
331
365
335
369
332
336
345
350
312
352
307
336
345
355
360
364
342
323
344
355
313
323
319
327
325
334
348
352
334
385
322
322
295
322
294
322
301
318
305
322
326
325
291
306
326
305
266
292
315
302
274
281
281
260
269
276
302
269
262
264
246
274
233
230
218
233
194
249
238
272
213
216
209
211
190
200
189
201
205
171
215
189
176
183
179
173
181
164
167
151
160
161
168
124
159
146
161
165
137
130
136
115
132
134
132
106
126
128
105
95
109
116
105
95
109
109
94
120
102
103
87
93
78
102
77
90
85
79
75
71
72
80
80
61
83
84
75
71
67
83
81
85
68
62
63
69
68
75
65
83
71
66
58
40
50
56
41
68
48
47
68
46
53
57
51
39
50
62
53
46
56
47
31
50
34
53
56
32
45
47
44
51
45
51
37
30
41
33
35
43
41
35
31
36
39
38
43
43
39
42
40
35
39
41
32
34
30
39
45
31
31
45
37
36
26
43
33
28
28
38
35
31
45
43
49
36
46
37
38
30
37
41
37
31
40
29
31
32
48
33
38
33
43
45
34
41
25
28
37
28
36
29
42
46
45
31
35
38
24
39
34
40
47
36
34
40
35
40
34
47
46
25
43
38
43
32
33
29
27
34
46
47
42
48
28
30
32
35
32
29
37
33
31
30
24
31
36
22
33
35
41
32
35
29
43
27
41
33
32
24
29
33
38
39
30
40
34
46
43
32
28
36
29
30
37
29
34
31
29
38
32
31
34
28
29
39
35
30
34
30
30
34
24
39
25
38
23
32
27
32
36
32
35
29
30
42
35
37
28
24
22
30
35
31
27
32
26
35
33
32
22
27
39
35
25
24
37
30
33
38
29
30
20
44
28
50
43
41
44
31
28
24
34
31
24
37
28
36
34
35
33
24
44
23
25
18
36
29
34
37
35
26
30
30
34
35
27
35
36
24
22
26
39
33
42
28
34
33
26
36
32
23
20
31
24
24
23
26
35
24
24
28
34
27
32
30
24
29
30
26
27
33
29
41
26
24
23
32
27
23
29
24
35
35
22
36
35
34
35
44
33
25
21
27
33
32
36
40
28
30
30
36
26
31
20
31
23
25
35
27
32
31
21
22
31
24
23
16
26
31
39
29
33
33
28
37
27
30
29
29
28
24
23
35
32
27
33
20
26
28
29
30
39
22
28
34
37
33
23
22
38
33
35
25
31
32
22
33
23
24
35
29
26
34
26
32
25
24
29
28
23
24
26
44
36
23
23
29
20
26
24
30
25
25
32
27
22
27
29
32
39
28
20
24
34
32
27
39
24
30
38
22
27
28
32
22
30
23
26
31
37
36
22
25
15
40
26
33
25
23
21
27
30
24
22
24
34
32
41
24
23
27
30
35
14
27
36
33
28
30
29
29
35
25
39
27
26
24
28
27
31
35
35
28
24
30
26
29
31
26
24
37
31
29
30
25
34
26
33
25
28
23
26
32
28
21
26
24
28
29
31
32
26
32
38
26
23
27
29
19
30
41
29
31
26
32
19
22
32
31
23
28
30
30
34
26
32
29
26
33
32
29
23
25
23
31
30
25
26
27
37
28
28
20
28
30
35
48
22
37
29
32
29
30
22
19
34
27
25
30
30
19
22
24
28
16
22
24
41
24
26
31
25
31
38
32
22
31
23
27
27
19
30
25
34
21
27
25
27
23
18
27
28
34
23
20
29
32
26
30
25
15
17
29
31
26
23
30
38
26
26
21
23
30
25
24
22
36
21
28
22
26
31
19
29
27
24
28
23
28
15
28
25
17
26
25
29
14
26
27
26
16
27
26
24
17
23
20
24
26
25
18
33
23
28
23
15
26
32
16
18
27
20
25
33
24
25
18
26
30
33
22
21
29
14
21
21
23
12
20
21
20
22
24
31
26
16
23
15
20
18
30
21
27
20
20
20
21
22
17
26
36
32
21
28
25
21
14
27
24
21
24
27
21
18
20
20
19
19
21
27
22
9
24
22
21
20
24
21
21
14
9
16
20
20
24
16
21
33
27
19
13
19
17
22
21
14
22
13
23
19
24
20
15
15
27
21
18
16
27
14
16
18
23
20
19
27
19
23
18
17
19
24
23
33
21
14
25
19
17
12
21
15
13
16
20
18
16
15
19
20
23
18
10
21
27
13
22
16
25
25
19
12
14
12
16
18
22
23
32
18
19
18
22
16
20
16
21
19
24
24
23
10
22
24
24
15
19
16
22
17
11
19
17
19
14
18
19
13
25
8
20
20
18
13
13
9
9
19
14
18
16
21
22
23
20
21
24
18
12
18
19
20
16
25
23
18
17
20
16
21
25
23
24
17
13
20
26
13
15
17
11
14
15
24
13
20
15
18
18
18
21
20
17
23
12
17
20
24
20
22
24
15
20
14
11
12
10
20
20
22
23
25
23
10
18
21
23
22
24
25
13
8
16
20
16
17
17
14
20
22
15
18
20
15
15
15
20
18
22
18
20
20
19
20
25
18
25
9
16
22
16
26
19
21
15
10
19
29
15
15
24
19
17
17
18
22
18
21
15
32
25
21
26
16
14
33
22
25
16
16
32
27
19
23
23
20
14
19
17
27
14
23
17
16
27
20
17
17
21
17
26
21
18
17
16
15
18
27
29
16
17
15
18
14
17
25
31
18
21
18
17
22
20
25
13
18
15
22
15
17
18
20
33
19
18
21
16
21
25
16
19
17
21
22
31
16
26
17
22
17
13
16
18
21
19
27
23
29
10
22
20
15
15
17
26
20
18
21
23
21
29
27
23
20
17
21
13
24
16
21
26
17
21
15
17
19
16
22
15
14
21
17
14
7
16
26
17
20
11
21
23
21
18
13
14
17
18
20
20
15
15
21
15
16
24
22
15
14
18
19
10
16
27
21
15
14
15
16
13
15
16
26
13
16
18
24
13
12
15
16
20
12
17
23
20
21
16
26
8
18
17
18
23
24
10
15
13
24
14
7
16
20
13
19
22
12
21
11
18
17
20
11
13
13
11
10
21
24
19
21
19
19
15
17
16
15
13
15
13
9
16
11
22
22
15
19
19
9
25
17
16
26
22
13
13
15
13
15
20
16
23
11
10
21
14
20
17
15
20
18
14
15
15
14
14
11
21
10
19
16
16
14
13
11
12
22
19
7
19
11
13
15
18
17
10
15
18
18
20
13
13
14
8
14
16
8
15
19
18
17
9
16
20
15
10
19
22
16
12
9
20
19
17
14
12
21
10
14
11
15
16
9
16
11
9
14
14
13
13
12
7
19
15
10
12
17
18
11
16
16
11
10
10
14
14
12
15
13
16
16
17
12
23
9
6
13
20
12
9
17
15
11
12
18
19
15
21
13
10
15
18
12
9
14
11
13
14
8
17
10
9
15
12
11
12
10
14
14
12
10
9
14
12
13
14
14
14
20
14
8
12
20
17
13
9
13
15
11
14
17
18
8
8
16
7
15
11
13
21
12
14
12
14
11
14
14
13
13
12
8
12
18
9
14
13
6
11
14
15
12
19
14
10
9
19
11
16
18
15
18
14
22
8
11
12
7
15
8
11
11
17
6
11
16
14
12
7
9
14
7
12
11
13
4
13
14
7
5
8
12
10
16
14
11
14
14
14
12
11
5
14
7
12
12
14
11
5
13
14
19
11
12
11
12
16
11
19
13
9
5
16
8
9
14
2
12
7
14
10
7
7
13
13
7
9
11
8
14
13
8
10
10
8
13
12
8
11
8
8
14
16
9
10
14
9
15
16
13
13
9
7
14
7
13
12
10
6
5
16
4
11
17
10
12
7
10
9
13
12
7
9
13
12
11
7
12
12
10
9
5
9
12
16
17
10
17
12
13
12
8
12
13
4
8
9
7
11
8
10
9
14
9
14
14
11
11
7
14
12
15
11
13
12
7
12
8
7
9
11
11
11
14
8
11
14
13
8
13
14
10
10
14
15
12
13
9
11
7
11
20
11
10
13
12
12
13
12
12
11
14
10
14
11
5
12
12
13
8
12
13
12
12
7
13
5
11
14
12
11
8
13
12
15
12
7
16
17
12
4
12
11
11
7
14
13
9
10
10
13
12
11
11
13
9
12
9
27
12
10
15
14
17
10
10
17
9
14
9
13
12
12
8
11
14
10
15
9
14
7
14
15
16
11
8
11
10
9
17
16
14
10
13
11
12
16
14
13
11
15
14
18
16
11
13
13
7
17
10
15
14
15
6
12
13
12
16
12
14
22
23
15
12
11
11
11
19
18
19
24
14
13
12
12
11
15
15
14
17
17
8
22
17
12
15
23
14
15
16
16
12
16
19
22
21
16
15
21
8
22
19
20
13
6
16
16
18
20
21
18
14
14
20
14
21
9
16
21
19
16
17
16
14
13
16
14
12
22
23
23
15
16
11
10
13
16
15
23
8
15
19
16
13
15
29
16
19
15
29
14
24
21
27
24
22
24
19
23
16
26
21
17
15
22
21
22
15
15
19
21
18
19
28
16
23
21
18
16
26
14
22
24
12
18
18
14
15
16
13
20
29
23
14
19
19
19
11
24
27
17
15
14
25
18
11
16
19
15
19
17
17
21
17
21
9
18
29
18
18
22
13
13
10
24
15
19
13
11
23
20
12
19
26
20
12
15
23
10
14
26
20
18
14
14
16
14
16
16
19
18
11
24
13
15
13
13
19
16
15
9
14
17
17
14
12
12
15
12
13
10
14
11
20
14
8
13
21
9
12
15
15
13
16
17
15
12
7
12
10
14
13
17
13
12
15
14
12
19
12
8
9
13
9
11
12
12
9
9
10
14
6
21
16
12
12
11
12
8
5
12
9
12
8
5
4
8
8
6
12
6
17
12
11
6
7
16
6
9
9
13
12
10
7
11
6
10
9
8
6
7
13
8
7
7
10
7
10
8
8
8
9
6
4
9
9
9
6
6
11
8
4
16
6
7
6
11
10
3
10
11
11
13
4
14
11
6
9
15
11
7
6
7
6
7
11
11
15
4
8
9
8
11
5
7
11
10
8
9
8
8
2
10
7
12
13
12
6
7
10
11
8
10
3
6
9
7
10
12
11
8
10
9
5
9
11
3
9
8
10
6
11
10
7
11
10
8
6
11
7
8
7
7
7
7
11
6
6
8
10
13
9
10
10
15
9
9
10
9
9
8
8
8
10
10
2
2
7
0
