0
0
0
0
0
0
0
0
0
0
0
0
0
1
0
0
0
0
0
1
0
0
0
0
0
0
0
0
0
0
0
0
0
0
0
0
0
0
0
0
0
0
0
0
0
0
0
0
0
0
0
0
0
0
0
0
0
0
0
0
0
0
0
0
0
0
0
0
0
0
0
0
0
0
0
1
0
0
0
0
0
0
0
0
0
0
0
0
0
0
0
0
1
0
0
0
0
1
0
0
0
0
1
1
0
0
0
0
1
0
0
1
1
0
0
2
0
2
0
1
6
1
0
2
1
4
4
4
1
4
3
4
4
4
6
11
6
7
4
8
6
4
10
6
12
13
9
12
14
20
19
20
14
24
23
23
23
16
33
36
39
34
40
40
42
58
40
52
65
64
80
78
78
77
84
123
94
127
102
132
118
133
159
169
142
162
166
184
177
176
215
210
206
234
203
218
261
263
231
233
257
258
269
268
251
268
289
267
284
257
287
259
257
280
264
248
273
268
281
236
260
273
260
259
261
262
262
221
260
251
262
252
273
275
276
249
299
287
297
284
256
292
258
301
283
293
320
263
282
281
311
288
277
279
266
294
284
286
292
293
312
307
323
318
319
285
310
329
346
310
301
353
302
292
293
338
290
314
334
323
321
336
295
334
301
343
322
330
295
349
345
356
333
344
356
350
320
307
347
322
354
316
318
338
318
301
355
332
348
347
325
354
364
358
361
335
363
309
313
348
311
356
359
311
341
365
355
316
305
321
353
345
294
296
325
313
307
337
309
321
331
338
332
296
317
333
308
334
357
326
328
317
298
323
332
357
319
288
331
320
302
312
325
316
294
294
310
281
312
322
342
329
311
301
303
310
317
308
325
303
301
294
307
312
319
290
335
352
332
338
346
297
338
310
316
349
312
310
329
310
327
314
312
352
306
315
309
300
327
310
337
337
318
319
318
342
340
345
349
323
324
300
318
314
290
326
312
333
319
325
331
335
293
302
327
319
303
325
316
281
321
331
338
314
325
323
314
337
327
315
310
315
333
315
328
333
283
322
297
302
346
330
343
344
317
359
292
341
306
309
326
337
314
321
317
345
322
290
324
284
300
297
295
358
296
294
325
321
370
339
304
303
337
330
346
326
361
303
315
361
314
327
340
341
348
346
297
321
348
349
315
356
352
329
308
328
351
330
323
365
327
330
329
372
376
318
366
324
335
304
370
362
365
307
369
334
317
331
314
368
338
349
363
349
325
369
327
341
325
367
339
337
298
346
331
373
328
316
324
359
312
342
337
342
333
356
326
345
305
334
344
330
311
345
330
324
321
346
333
330
332
306
325
327
293
310
318
337
303
285
326
286
311
308
295
295
298
325
282
306
319
307
308
321
326
323
339
295
292
330
296
312
312
345
304
315
293
280
308
293
292
266
288
295
328
315
292
279
293
325
307
287
266
275
311
294
288
273
280
295
293
284
231
264
265
256
281
271
251
255
267
290
274
271
259
271
277
236
260
268
282
265
284
285
286
274
285
244
295
268
256
239
269
262
272
236
249
257
269
258
268
246
275
228
225
249
226
268
273
224
256
291
238
254
225
229
234
247
230
246
246
247
265
233
233
265
242
279
246
233
230
252
246
238
229
225
224
231
208
241
217
232
246
241
222
227
242
229
232
221
224
235
227
231
224
215
218
237
193
211
222
200
230
213
237
224
227
218
214
239
216
216
240
221
230
209
194
231
222
205
209
217
200
211
227
244
209
216
214
228
222
217
226
203
199
199
213
209
209
247
201
232
215
184
210
200
237
186
207
236
227
214
183
204
202
193
185
194
186
219
221
212
193
219
206
210
202
219
204
226
184
188
210
209
193
222
173
204
212
201
203
229
203
185
200
231
197
226
189
194
208
194
210
212
193
198
180
221
177
197
215
176
218
194
194
201
189
184
190
194
184
202
174
192
204
185
163
178
192
194
185
164
179
192
168
174
195
175
188
198
191
194
179
183
184
197
173
189
177
179
202
202
187
195
161
207
189
184
195
202
194
200
185
217
170
166
164
182
161
196
187
189
181
178
177
147
151
157
166
186
152
178
180
181
181
169
172
190
192
180
161
175
171
197
167
204
188
184
165
201
157
200
192
151
170
195
191
183
184
210
191
173
170
172
157
172
169
189
163
163
185
156
177
192
181
172
199
186
170
163
145
178
168
187
171
184
172
176
128
170
170
158
179
177
174
156
183
190
144
156
177
173
170
160
184
149
160
200
149
169
181
161
163
179
155
162
167
173
179
177
175
156
166
172
163
170
184
134
154
182
168
178
150
171
150
155
181
157
158
165
155
165
163
151
181
168
166
164
153
184
138
167
167
170
158
161
174
137
171
165
158
175
160
159
162
145
179
144
162
178
169
174
159
158
173
174
184
162
162
178
169
150
186
145
151
155
137
180
159
147
148
164
175
163
167
176
142
162
136
165
168
156
175
152
152
186
166
136
170
175
156
148
156
151
146
160
161
162
153
146
189
163
168
167
142
166
176
162
147
168
154
178
169
171
182
164
165
137
140
155
139
149
172
171
157
155
155
154
157
150
155
161
152
153
151
154
134
151
158
153
161
141
155
156
152
161
175
163
173
148
154
138
161
154
175
153
157
172
156
169
144
154
161
173
168
157
147
187
159
139
156
132
135
165
122
123
149
127
133
169
157
162
159
162
145
137
142
145
154
147
134
127
148
147
145
148
146
151
156
157
147
145
137
133
173
132
162
152
122
136
137
153
141
150
152
132
136
138
140
141
155
146
132
130
144
153
118
136
143
121
129
144
131
118
145
126
126
151
143
137
111
117
127
144
143
149
98
127
113
130
128
132
117
130
115
116
118
131
115
116
138
124
117
119
125
124
109
134
115
121
120
104
110
146
100
130
115
114
106
104
115
107
98
116
123
92
121
115
81
96
98
118
108
82
89
99
96
117
87
108
95
101
84
96
112
105
98
109
89
89
88
96
102
71
83
82
71
95
89
76
97
86
64
74
105
89
86
84
91
86
73
85
79
77
81
83
81
82
77
86
85
62
71
75
96
104
80
72
82
83
89
81
85
74
66
80
70
82
67
63
62
80
75
70
60
58
68
78
66
78
77
64
64
65
69
64
75
63
61
63
66
78
68
58
71
61
71
68
65
65
60
65
70
71
77
52
58
63
67
46
76
67
53
73
63
64
53
56
60
49
58
63
58
53
58
45
62
59
53
63
60
64
50
60
50
62
48
69
50
49
68
50
56
61
54
49
59
65
56
65
59
60
61
57
52
62
63
68
56
61
42
38
52
55
56
63
67
69
40
66
45
51
57
59
44
73
55
63
52
54
66
47
48
53
42
53
56
43
58
49
54
58
44
58
70
48
46
59
48
59
29
37
49
45
39
41
47
51
45
39
54
58
47
45
56
52
40
53
40
55
51
49
56
53
50
50
57
53
62
49
54
62
52
45
48
45
36
42
57
39
59
50
44
65
47
37
58
44
49
41
41
46
42
50
46
52
49
46
53
55
51
51
48
40
58
53
32
42
52
46
59
65
43
48
47
51
61
44
49
63
32
46
46
41
39
55
47
42
56
41
45
46
32
43
51
46
48
52
37
52
43
45
40
51
41
44
46
47
38
49
54
57
40
58
63
45
48
54
74
63
56
47
66
46
77
56
51
65
60
58
59
65
44
66
66
76
66
66
91
84
61
76
72
71
63
77
73
85
84
82
72
87
85
92
81
87
76
80
96
84
78
98
90
99
101
88
102
109
112
92
102
111
129
103
100
122
135
118
137
128
135
130
137
153
127
141
136
161
162
172
150
176
175
181
198
179
172
179
178
202
199
230
177
198
205
213
244
216
236
262
233
263
228
251
257
255
270
306
296
291
313
277
306
299
309
314
319
320
327
325
296
316
391
364
354
363
361
390
339
360
396
380
425
396
385
398
398
396
461
423
397
421
453
466
439
433
444
458
470
476
475
450
473
510
476
493
530
537
519
497
537
533
470
529
527
517
555
488
572
544
508
581
548
548
533
523
600
569
573
561
546
548
566
548
543
614
574
602
598
579
554
601
548
606
566
595
550
536
564
546
574
544
515
527
579
533
559
526
559
556
545
535
502
548
544
521
524
537
505
497
549
559
513
526
500
503
489
469
475
476
427
454
470
419
405
442
443
449
432
402
426
407
427
372
397
394
376
395
364
378
352
395
329
328
337
341
329
327
325
309
336
316
314
287
280
298
268
259
263
273
268
252
230
295
236
224
189
242
219
195
230
206
192
186
196
206
201
180
176
164
155
150
173
135
152
120
151
144
148
142
130
134
116
111
112
123
119
97
97
96
107
106
93
78
75
85
68
103
89
84
70
86
93
73
71
63
60
66
61
55
60
56
56
53
43
67
46
52
47
38
38
43
57
48
36
36
33
31
28
37
36
37
38
26
29
11
23
36
27
16
22
26
33
10
26
18
18
19
20
20
15
18
19
16
11
18
18
18
18
14
16
10
10
25
12
16
20
12
12
13
13
14
6
18
8
8
13
10
10
10
7
9
12
14
10
7
6
9
8
8
11
8
5
6
9
4
7
8
4
6
7
5
8
12
8
4
9
9
8
4
11
10
8
5
6
8
7
8
10
11
4
12
8
11
12
6
8
8
9
4
13
3
5
7
4
9
11
6
6
3
7
10
7
2
3
2
5
7
6
6
4
6
3
6
4
5
2
5
4
7
6
10
6
1
4
6
4
1
3
3
6
11
5
2
11
1
4
4
2
6
4
2
2
1
6
4
7
6
2
3
1
5
2
7
5
4
2
4
3
6
4
4
3
5
5
6
3
5
6
3
3
4
4
7
9
4
3
3
3
3
5
4
3
2
0
1
6
3
3
7
6
4
1
9
8
2
4
2
1
6
8
4
4
2
6
3
6
6
3
2
3
3
0
7
5
5
7
2
4
5
6
5
3
5
3
5
3
4
4
4
3
5
5
3
4
7
7
1
2
5
3
5
2
5
3
1
4
4
5
2
10
2
4
3
3
3
5
3
4
4
2
3
3
3
3
3
6
2
2
7
6
4
6
3
2
2
3
5
6
2
6
5
3
2
7
3
4
8
3
4
4
3
3
6
2
2
5
4
4
6
4
2
3
5
3
10
5
5
2
2
6
2
0
3
5
4
5
3
0
6
2
1
3
3
7
4
2
3
4
5
3
4
5
6
1
4
2
2
2
4
2
8
2
3
1
5
5
5
1
0
4
4
4
3
3
6
1
5
1
2
3
2
1
6
1
3
3
0
2
1
5
0
2
3
3
2
4
2
2
2
4
3
4
3
6
3
1
4
3
4
4
2
1
4
3
3
1
4
0
2
6
6
2
3
2
2
5
1
4
3
1
4
5
2
4
5
2
4
4
2
3
4
7
5
4
3
4
5
3
1
4
2
2
1
4
1
5
2
1
5
3
2
5
2
5
2
7
0
5
1
3
2
1
8
3
2
4
2
2
3
5
5
7
2
2
6
2
3
1
1
1
4
6
1
3
2
3
5
3
5
4
3
4
2
4
2
3
4
5
2
3
1
3
4
3
3
2
3
3
4
4
2
2
3
5
4
4
2
3
5
2
2
1
1
0
1
4
1
0
3
2
1
2
2
1
2
1
1
4
2
5
0
1
2
4
5
2
3
7
2
2
1
4
5
1
2
0
2
2
2
3
2
6
2
0
0
1
2
3
2
2
1
1
1
2
2
6
2
4
4
5
4
5
0
3
5
2
1
2
3
0
1
3
2
2
2
5
1
2
0
2
1
4
2
1
2
3
4
2
1
3
2
1
3
3
2
3
0
3
2
4
2
3
1
6
2
2
1
3
2
2
5
2
3
3
1
2
3
1
3
1
4
1
3
3
4
2
1
5
0
5
0
4
0
2
4
1
2
2
2
2
3
4
2
1
1
1
1
2
1
3
2
2
2
4
2
4
5
1
0
0
4
0
1
2
3
0
2
2
3
2
0
3
2
0
2
2
5
1
2
2
3
2
2
5
1
2
2
2
1
2
2
4
7
3
4
3
1
4
3
2
1
2
2
0
1
1
3
3
6
2
1
1
1
0
5
1
1
6
2
3
1
2
0
3
3
5
2
3
0
1
1
1
0
1
3
4
3
5
0
3
0
2
0
1
3
3
2
1
1
1
3
2
4
2
1
1
3
2
1
1
3
1
3
2
1
3
1
2
0
1
1
0
2
3
2
2
2
4
1
2
1
2
1
1
1
2
1
1
2
3
1
1
3
0
2
3
2
2
2
2
3
3
4
4
0
1
4
4
0
3
5
0
0
3
2
3
2
0
1
4
2
2
3
3
1
1
3
2
0
2
2
3
1
0
0
0
2
1
2
2
1
2
0
0
2
2
1
1
3
4
1
1
2
2
1
0
3
2
1
0
4
1
5
0
2
1
3
2
4
1
1
1
0
0
3
3
5
0
2
1
0
6
0
1
1
3
1
0
2
0
0
1
3
1
1
1
3
0
2
2
2
0
3
2
0
1
1
0
0
3
1
0
1
1
0
2
4
2
1
0
1
3
0
2
1
1
1
2
2
1
0
3
0
1
0
1
0
0
1
0
1
3
2
1
1
1
2
5
0
0
1
0
1
0
0
0
2
0
1
0
2
1
0
3
1
0
1
0
0
0
0
0
2
0
1
1
2
0
2
4
0
4
4
0
2
0
1
3
0
2
1
2
1
3
0
1
1
2
1
0
0
1
2
0
1
3
0
2
3
0
3
1
4
1
1
2
0
0
2
0
3
2
0
1
1
4
1
1
3
1
2
1
1
2
2
2
1
1
1
4
1
2
2
3
1
2
0
1
2
0
0
1
1
1
1
3
0
0
1
0
2
0
4
1
2
3
1
6
1
0
2
1
0
0
1
1
1
0
2
2
5
2
2
0
1
0
2
0
0
0
2
2
1
0
0
0
1
2
1
1
1
2
0
0
0
1
1
3
3
0
2
1
0
1
0
0
2
2
2
0
1
2
2
2
1
1
3
1
2
1
1
4
0
2
3
2
1
4
2
0
2
0
1
3
0
2
1
3
0
1
4
0
1
2
2
0
4
1
0
2
1
0
2
0
1
0
1
1
1
1
1
2
1
0
1
1
2
1
1
1
1
1
1
1
1
1
2
1
1
3
0
0
2
0
0
1
1
0
1
0
3
2
1
1
5
0
1
3
0
0
1
3
2
1
1
0
0
0
2
1
1
2
1
1
1
0
1
1
1
1
2
0
2
1
1
3
1
0
0
1
2
2
2
0
4
0
2
0
1
0
0
0
2
0
2
1
1
0
0
0
1
1
0
2
1
0
1
3
2
2
3
2
0
0
2
3
2
3
0
0
2
3
0
0
0
0
0
1
0
0
0
0
0
0
0
1
0
1
0
0
0
0
0
0
0
0
3
3
3
2
0
0
1
0
4
1
0
2
0
0
2
0
0
2
0
0
0
0
0
1
0
3
0
0
2
0
1
2
3
3
0
0
0
0
2
1
1
1
0
0
1
0
1
0
0
1
2
2
1
1
0
2
0
0
1
0
3
2
0
1
2
1
0
1
0
0
1
0
0
1
0
1
0
1
2
1
2
1
1
0
1
0
0
0
2
0
0
0
1
1
0
2
1
0
2
1
1
0
0
0
0
1
1
0
0
2
1
0
1
2
2
2
1
0
1
1
1
1
2
2
0
2
0
1
1
2
0
1
1
0
1
1
1
1
2
0
0
1
0
1
0
0
1
1
2
2
1
1
0
1
2
1
0
0
1
0
0
2
1
1
0
2
2
0
1
0
0
0
1
0
0
0
0
0
1
0
0
1
2
1
1
0
2
2
1
0
0
2
0
0
1
0
2
0
2
0
1
0
4
2
0
1
1
0
3
1
1
0
1
1
1
0
1
2
1
1
0
2
1
0
1
3
1
2
0
1
1
2
2
5
0
0
2
1
1
0
2
1
1
0
0
0
0
2
0
1
1
3
0
2
2
0
0
1
0
1
1
1
0
0
4
2
1
0
1
3
2
0
0
2
1
1
2
1
0
0
0
0
1
0
2
1
0
0
1
1
0
1
1
1
0
0
2
1
0
1
0
0
1
2
1
0
1
1
1
0
0
1
0
1
0
1
2
1
0
0
0
0
0
2
0
1
1
0
1
0
1
0
0
0
2
0
2
1
0
0
0
1
1
1
1
0
0
1
1
0
0
1
1
0
2
0
1
1
0
0
0
1
0
1
0
0
0
0
0
0
0
0
1
3
0
0
0
0
0
1
1
1
0
0
1
1
1
0
1
0
1
1
1
0
1
1
0
0
0
1
0
0
1
0
0
1
0
0
1
1
2
1
1
0
1
1
2
1
0
0
3
1
1
0
2
1
1
3
0
1
4
2
1
2
1
1
1
0
1
2
1
2
1
2
0
0
0
1
1
1
2
1
4
0
0
1
0
1
1
0
0
1
2
1
0
0
0
0
0
2
0
2
1
0
0
2
1
0
1
0
0
0
0
1
0
1
0
0
0
0
0
0
0
0
0
0
1
0
3
1
1
2
1
1
1
0
1
2
1
1
2
3
0
0
0
0
3
1
1
2
0
1
1
1
1
0
1
1
0
2
2
1
0
1
2
0
0
0
1
0
1
2
0
0
1
0
0
0
0
2
1
2
0
0
1
1
2
1
0
0
0
0
1
1
0
1
3
1
0
0
0
1
1
0
1
2
0
2
0
0
0
0
0
0
0
1
1
0
0
1
1
0
0
1
2
1
1
1
0
0
0
0
1
0
0
0
0
0
0
1
0
0
0
0
0
1
0
0
0
0
1
0
0
1
1
0
0
0
0
0
2
0
0
0
0
1
2
0
0
1
1
1
0
1
0
0
1
0
0
1
0
0
0
0
2
0
0
1
0
0
1
0
1
0
1
0
0
1
0
0
0
0
0
0
1
0
0
0
0
1
0
0
1
0
0
0
0
1
0
1
0
0
0
0
2
0
0
0
1
0
0
1
0
0
0
0
0
2
0
2
2
0
0
1
0
0
0
0
0
1
0
1
0
0
1
1
0
0
2
0
1
0
0
0
0
0
0
0
0
1
0
0
0
1
0
0
1
1
1
0
0
0
0
0
0
0
0
1
0
0
1
1
0
0
1
0
0
0
0
2
0
0
1
0
1
0
0
0
0
1
0
0
0
0
0
0
0
0
0
1
1
0
0
1
1
0
0
0
0
0
0
0
0
0
0
2
0
0
1
1
0
0
0
0
1
0
0
0
0
