0
0
0
0
0
0
0
0
0
0
0
0
0
0
0
0
0
0
0
0
0
0
0
0
0
0
0
0
0
0
0
0
0
0
0
0
0
0
0
0
0
0
0
0
0
0
0
0
0
0
0
0
0
0
0
0
0
0
0
0
0
0
0
0
0
0
0
0
0
0
0
0
0
0
0
0
0
0
0
0
0
0
0
0
0
0
0
0
0
0
1
0
0
0
0
0
0
0
0
0
0
0
0
0
0
0
0
0
0
0
1
0
0
1
0
0
0
0
1
2
1
1
0
1
1
0
2
0
0
1
0
3
1
1
1
1
5
4
6
4
4
5
2
1
6
6
8
3
3
6
14
8
6
9
10
11
6
10
16
18
25
24
24
21
28
19
19
43
29
37
42
57
64
51
51
71
64
64
81
83
92
93
93
91
121
101
107
108
139
137
136
150
132
138
137
142
179
170
162
175
162
184
202
195
198
193
156
175
156
180
202
191
176
179
184
208
195
183
193
180
183
173
185
185
192
164
147
199
185
168
176
174
163
189
178
197
185
175
180
185
185
179
199
191
195
177
182
176
150
189
175
177
193
165
203
186
203
210
183
181
167
207
175
214
205
202
211
199
182
197
217
215
197
213
211
185
204
232
214
223
216
190
190
223
198
203
219
236
216
231
229
205
224
230
235
237
221
215
209
210
248
208
235
195
208
244
227
219
224
238
232
232
248
220
205
204
209
253
209
228
210
240
249
229
206
217
209
213
228
221
190
212
213
208
233
201
202
203
225
239
225
218
208
213
212
230
185
222
216
216
202
217
202
186
208
200
194
196
205
177
204
196
206
202
188
199
206
202
181
210
170
202
203
209
205
208
195
221
209
229
198
211
180
217
205
208
201
190
179
209
214
222
163
186
202
207
191
209
227
213
209
218
188
218
203
201
213
210
194
230
207
163
210
194
203
187
210
216
211
203
193
199
189
201
193
173
202
191
200
239
209
201
197
203
198
191
194
201
184
187
202
195
194
202
171
190
208
181
195
199
206
180
217
182
205
174
179
181
214
206
218
191
198
219
209
207
204
208
221
177
218
221
218
201
227
195
188
205
220
195
194
208
228
192
201
167
232
204
192
203
209
206
170
218
185
187
211
193
218
195
214
210
211
212
231
213
208
223
205
204
217
222
188
216
211
233
180
207
217
196
188
193
216
233
216
228
189
193
210
206
219
211
218
233
197
217
191
214
188
229
229
206
211
210
207
196
191
224
165
220
201
244
202
216
188
209
199
199
225
202
225
197
192
188
196
195
225
196
204
212
229
201
187
209
202
228
220
201
206
191
191
201
222
223
186
177
203
194
174
204
185
179
194
180
193
185
174
221
184
189
167
204
207
195
212
195
217
202
178
193
175
185
178
195
178
182
179
180
175
201
178
186
192
191
135
187
161
178
184
182
188
191
182
143
153
173
161
168
196
174
147
165
178
171
168
174
164
159
177
167
170
163
167
151
154
185
162
156
161
152
184
150
168
175
168
152
165
155
168
162
151
157
178
159
156
150
150
152
133
152
135
170
163
145
151
158
147
163
151
148
142
183
134
163
188
127
163
136
142
161
127
146
132
144
146
135
134
137
160
141
142
130
114
151
131
116
147
144
126
139
133
123
135
132
133
151
140
137
135
141
117
153
140
132
135
146
125
128
122
133
145
131
131
141
121
126
117
141
121
136
122
138
134
117
151
123
124
128
130
118
122
120
126
130
116
131
114
136
122
107
110
110
118
115
126
119
107
124
121
119
123
130
111
110
116
115
125
134
111
115
129
122
119
110
129
115
127
108
130
134
138
114
111
131
142
109
125
112
111
112
105
115
98
118
120
102
126
126
108
101
144
108
120
125
105
134
113
132
117
116
106
103
127
105
116
115
102
109
109
122
94
117
117
111
96
112
116
116
125
104
109
106
104
112
116
102
126
129
112
122
109
107
114
115
101
103
107
110
106
95
106
117
112
117
119
107
104
108
104
120
135
99
97
95
109
107
103
92
109
103
94
114
106
130
99
96
97
109
108
101
102
102
95
118
107
106
113
108
101
124
113
123
105
115
100
122
105
124
106
98
87
103
123
88
105
95
102
94
98
110
113
108
85
105
95
82
109
90
106
106
98
99
89
99
95
103
105
106
112
109
101
81
105
103
106
112
128
100
100
97
94
101
89
103
96
87
99
105
96
110
93
97
86
66
93
103
112
100
109
116
99
89
105
103
103
95
91
110
89
102
102
102
103
94
112
101
104
108
96
107
97
101
93
108
89
88
103
94
100
98
91
110
107
90
90
100
85
103
101
100
103
95
83
86
83
97
102
99
106
110
117
101
96
110
88
96
87
84
80
116
96
94
99
87
99
102
117
89
106
107
101
103
86
115
112
97
92
107
92
95
91
99
109
105
104
101
101
90
103
85
83
99
91
90
89
104
109
99
87
98
106
105
101
84
81
107
82
103
76
91
83
123
92
82
97
83
62
88
99
102
92
84
98
84
86
87
88
93
98
113
96
93
92
89
108
89
95
107
90
83
78
95
87
101
94
98
90
95
89
76
101
88
80
103
108
94
94
90
96
101
93
93
83
105
83
83
113
89
91
85
104
83
94
66
98
83
102
87
82
108
96
101
94
102
87
95
93
80
88
97
92
90
96
91
103
70
85
102
100
102
93
71
81
102
104
87
87
87
93
100
98
76
81
90
94
97
78
88
88
94
101
92
83
90
80
88
109
88
81
106
95
77
79
102
95
100
80
73
81
79
88
70
74
63
95
85
73
105
75
95
80
73
68
70
90
88
78
79
79
72
76
63
64
75
69
98
80
76
90
79
78
82
86
85
76
59
60
78
64
60
85
79
68
95
75
71
74
67
78
62
68
83
85
83
92
60
75
72
70
61
67
78
61
59
69
56
61
58
60
75
62
64
80
57
78
56
62
62
62
69
59
80
74
84
68
65
63
65
61
62
52
66
74
72
65
62
55
60
42
57
59
63
58
57
57
56
56
38
70
63
41
74
49
45
52
50
42
54
51
56
50
44
59
47
45
48
51
51
41
58
52
47
43
45
39
57
46
39
46
50
45
48
41
38
52
52
50
45
40
36
36
41
33
36
33
30
37
39
40
36
41
45
45
43
34
37
44
30
32
40
43
49
41
35
33
42
26
45
45
45
41
37
33
43
36
50
30
51
38
41
52
39
35
50
40
26
35
34
32
39
32
38
32
38
34
33
35
46
45
45
35
38
36
40
33
34
46
40
36
31
39
44
33
33
31
41
25
32
38
39
34
30
34
31
20
37
33
34
33
31
31
39
33
30
31
41
30
49
32
27
24
40
35
28
37
35
37
29
37
39
38
35
40
37
26
36
37
40
37
37
33
33
33
33
28
27
35
34
35
32
34
24
29
25
33
16
34
25
36
30
31
30
36
36
36
32
23
31
20
31
32
24
27
26
36
33
30
26
37
26
27
23
32
34
27
38
25
18
32
33
30
39
28
28
36
40
36
19
30
28
32
28
29
33
31
26
28
31
27
28
28
34
28
29
44
34
26
29
28
31
32
32
35
30
21
34
32
41
26
26
33
36
28
37
24
32
26
30
29
36
29
29
38
17
35
30
27
36
31
34
31
34
34
31
44
34
30
34
34
37
25
26
41
34
35
41
29
30
42
48
33
31
54
38
31
30
43
43
44
40
44
40
37
42
50
53
47
48
50
30
44
44
45
48
52
52
51
60
61
44
61
53
56
62
71
87
59
58
47
63
74
59
53
62
65
58
69
75
78
73
78
87
75
69
81
85
82
71
82
91
96
90
100
88
93
105
88
127
108
112
111
139
112
114
110
131
147
128
137
127
135
143
136
148
133
155
165
158
143
144
173
144
186
178
162
207
190
189
190
193
209
183
190
188
208
210
203
184
205
210
225
235
240
219
229
234
222
269
256
246
258
293
257
243
278
261
286
300
271
264
294
259
297
317
313
306
305
298
303
282
307
308
303
318
345
303
328
333
326
335
327
337
321
340
358
360
316
366
340
333
318
363
362
398
326
367
363
326
333
343
325
330
366
367
346
342
363
321
344
380
316
333
340
389
345
360
352
346
353
362
357
335
326
355
333
334
320
357
326
351
319
300
315
314
338
311
298
337
305
290
307
304
294
295
305
298
294
285
274
294
270
271
265
251
256
235
241
264
272
241
246
242
247
267
209
224
212
200
237
221
226
223
201
217
188
185
207
184
194
180
172
168
161
165
160
158
125
159
147
139
156
145
128
129
141
142
126
134
126
148
127
107
127
104
112
121
93
94
106
71
84
78
86
99
82
78
85
76
78
71
75
62
78
64
71
58
58
73
65
50
55
54
52
62
42
32
48
47
44
40
39
43
28
40
31
29
29
22
35
36
32
31
28
36
27
27
19
25
26
23
20
21
25
18
18
15
24
29
13
29
15
16
13
16
17
13
15
17
16
13
17
14
6
9
10
10
13
13
13
7
15
15
8
8
12
10
7
5
5
12
10
7
4
10
9
7
6
4
13
8
5
3
5
4
8
5
4
2
7
5
8
4
11
6
9
2
7
9
3
4
1
5
3
1
3
3
2
1
4
6
5
4
1
3
2
4
6
4
3
4
4
6
4
0
3
1
5
1
3
5
4
2
3
4
4
6
4
6
4
7
5
3
8
4
5
0
3
5
3
2
2
4
4
4
6
0
6
3
5
4
5
4
3
2
4
3
3
5
0
0
2
7
5
5
3
4
3
5
2
1
4
2
2
3
4
2
2
4
4
1
4
3
4
2
4
2
3
5
2
2
3
3
3
1
6
4
6
3
4
3
2
2
1
3
2
1
1
3
2
5
4
1
2
4
3
3
1
4
0
2
1
4
1
0
4
2
5
1
1
3
0
0
1
1
3
1
0
3
4
3
0
1
3
1
5
1
2
2
1
4
3
2
2
2
2
1
1
2
7
2
0
0
3
2
2
2
2
6
3
1
2
3
1
3
2
2
1
4
2
2
2
3
2
2
5
5
5
2
1
0
3
3
1
5
3
2
0
0
3
3
5
3
1
3
2
3
4
4
2
1
1
2
3
3
3
6
2
4
2
2
3
0
1
1
2
2
3
2
2
3
1
2
5
1
2
1
3
1
1
2
1
3
3
0
4
1
2
0
2
0
0
2
2
1
5
0
3
1
3
7
3
2
1
0
2
2
2
2
1
1
3
4
3
2
2
3
1
2
1
2
1
1
4
1
0
4
2
0
4
0
3
0
4
1
2
2
2
0
3
1
0
1
1
1
3
3
0
3
7
1
1
2
2
1
1
1
1
2
0
0
0
4
2
4
2
1
6
1
4
0
2
0
1
1
0
2
2
3
4
2
1
0
1
1
1
3
0
1
1
4
2
0
4
3
5
2
1
5
2
3
0
1
1
1
1
2
0
3
1
1
1
1
2
3
1
2
6
3
1
1
4
1
2
2
4
2
1
0
3
3
1
1
0
0
3
1
2
4
3
3
3
2
1
0
1
0
1
1
0
1
1
1
1
1
1
2
1
3
1
2
2
2
2
1
1
1
3
2
1
2
1
2
0
0
4
0
2
0
1
2
0
1
1
1
2
1
1
3
3
5
5
1
2
2
5
2
4
2
4
0
0
2
2
3
1
2
2
3
2
2
1
2
3
2
1
0
5
1
0
1
1
3
1
3
3
1
4
2
3
1
2
2
1
3
4
1
3
2
0
2
2
2
2
2
2
5
1
1
3
0
2
1
2
4
1
3
2
1
0
4
1
0
3
1
2
1
2
1
1
2
0
3
3
1
1
0
4
2
1
2
0
5
0
1
0
2
3
2
2
2
4
0
1
1
3
3
2
3
0
3
0
4
2
1
1
2
3
1
2
1
1
3
3
1
0
0
0
4
1
2
2
2
0
1
1
3
1
0
1
0
1
2
1
3
2
0
2
1
0
1
0
0
0
1
1
1
1
0
2
5
0
2
1
2
2
1
3
3
2
1
0
0
4
4
1
0
2
2
1
0
1
1
1
0
2
2
2
1
1
1
2
2
1
2
1
2
1
1
1
2
2
1
1
1
0
1
2
1
0
2
0
0
1
1
1
1
1
1
1
1
0
1
0
1
2
1
2
0
0
0
1
0
1
3
0
1
1
1
1
0
0
2
0
1
1
0
2
1
0
7
1
1
2
2
1
2
1
0
0
0
2
2
2
1
2
4
2
2
0
0
1
1
2
1
0
0
1
0
1
0
0
1
0
0
2
0
1
4
2
2
2
0
0
1
0
1
0
1
1
1
2
0
1
0
0
0
1
3
1
0
2
1
1
1
1
2
2
2
1
3
0
0
0
5
2
2
1
1
0
1
1
1
0
1
3
0
0
0
0
0
1
2
0
2
0
1
0
2
1
2
1
1
2
0
0
1
0
1
1
1
2
0
3
3
2
2
1
2
1
1
0
0
3
2
3
3
1
0
1
0
2
2
1
1
1
1
2
1
2
0
1
3
4
1
1
1
2
1
0
2
0
0
1
1
0
0
1
0
1
0
1
2
2
0
1
0
0
0
1
3
2
1
1
1
0
2
0
1
1
0
0
0
1
0
0
0
0
3
1
2
0
1
1
1
0
1
2
0
1
0
2
0
1
0
1
2
2
0
0
0
0
2
1
0
0
0
1
2
1
1
1
0
0
1
1
2
0
1
1
1
1
1
0
2
1
0
1
1
1
1
2
0
2
0
1
1
0
0
2
0
0
0
2
2
0
0
1
1
3
0
1
1
0
1
2
0
0
1
1
0
2
1
4
2
2
2
3
1
1
2
0
2
0
0
2
2
2
0
1
2
0
0
0
1
2
2
1
0
1
2
0
1
2
1
0
2
2
0
1
1
3
0
1
1
2
0
0
2
0
1
0
1
1
1
1
0
0
1
0
3
2
1
2
0
3
1
2
0
1
1
2
1
0
2
0
0
1
0
0
0
0
0
1
0
1
3
0
1
1
1
1
0
1
2
1
1
2
1
1
1
2
2
0
1
1
0
1
1
0
3
1
0
0
0
0
3
1
0
0
1
1
1
1
0
1
0
2
0
0
0
1
0
0
1
1
1
1
2
0
2
1
0
1
0
1
1
0
1
0
0
1
0
0
0
1
0
1
0
2
1
1
1
0
0
1
1
1
0
1
1
0
1
0
0
0
0
1
0
1
0
1
0
1
1
1
0
0
0
1
0
2
0
1
0
1
1
1
0
1
2
1
0
0
0
0
1
0
0
0
0
0
0
0
0
0
1
0
2
1
2
1
1
0
1
0
1
0
1
1
0
2
2
0
3
1
3
0
1
0
0
0
1
1
1
0
1
1
1
2
0
2
0
2
0
1
2
2
2
1
3
1
0
1
0
1
0
0
2
1
1
0
1
0
1
2
1
0
2
0
0
0
0
0
1
0
0
0
0
0
0
0
3
0
0
3
0
0
0
0
1
0
3
1
1
2
2
1
2
2
0
0
0
0
1
0
1
0
1
2
0
1
0
0
1
0
0
0
0
0
0
1
0
0
0
0
1
2
0
0
0
0
0
2
0
2
1
0
1
3
0
0
0
2
0
1
1
0
0
1
0
0
0
0
1
2
1
0
0
1
1
0
0
0
0
0
0
1
2
0
0
0
0
0
1
0
0
1
1
0
0
1
2
0
0
2
0
1
0
1
0
0
0
0
0
1
1
0
2
0
0
0
1
1
0
0
0
1
0
1
0
1
0
0
0
1
0
1
2
0
2
0
0
0
1
0
0
1
1
0
0
0
1
0
0
0
0
0
1
0
2
1
2
1
1
0
0
0
0
1
1
1
1
1
0
0
0
0
1
2
0
0
2
0
0
2
2
0
1
0
3
0
1
2
0
2
0
1
1
2
2
0
0
1
1
1
1
0
0
0
1
1
2
0
0
1
1
0
0
0
0
1
2
0
1
2
1
1
0
0
2
2
1
1
0
0
0
0
1
0
0
1
0
1
0
0
1
0
0
0
0
0
0
1
0
0
0
1
1
1
0
0
0
0
0
0
1
0
2
1
1
0
0
0
1
0
0
1
1
0
1
0
1
1
0
1
2
1
1
2
1
0
0
0
1
1
1
1
1
1
1
0
0
0
0
1
1
0
1
0
0
0
1
0
0
0
1
1
1
1
1
0
0
0
0
1
0
0
0
0
0
0
0
0
1
0
2
1
1
0
0
0
1
0
0
1
0
0
1
0
1
0
0
1
1
2
1
1
1
0
0
0
0
0
0
0
0
2
0
0
0
1
0
1
0
1
0
0
1
2
2
0
0
0
0
0
0
1
1
1
0
0
0
0
0
1
0
0
0
0
0
0
0
1
0
1
2
1
0
0
1
1
1
0
1
0
2
0
0
1
2
0
0
2
0
0
0
2
1
1
0
0
0
0
2
0
1
0
0
2
0
2
0
1
0
0
1
1
0
1
0
3
1
1
3
0
1
1
2
0
0
0
3
0
1
0
0
0
0
1
0
1
1
1
0
0
2
1
1
1
0
0
0
0
0
0
1
0
0
2
1
0
3
2
0
2
0
0
1
1
0
1
1
1
0
0
1
0
2
1
0
0
0
0
0
1
2
1
1
0
1
1
1
3
1
0
0
0
0
0
4
1
1
0
1
1
0
0
0
2
0
2
0
0
1
0
0
1
0
0
0
0
0
0
1
0
0
0
1
0
0
0
0
0
0
0
1
1
1
0
0
0
0
0
0
1
0
0
1
1
0
0
0
0
0
0
2
0
0
0
0
1
0
0
2
0
0
0
0
1
1
0
0
0
0
1
1
0
1
0
0
1
0
2
1
0
0
0
0
0
0
1
0
0
0
3
1
0
2
2
1
0
0
0
1
0
1
1
0
0
0
0
0
1
0
0
0
1
0
1
0
0
0
0
0
1
0
0
0
0
0
0
0
2
0
0
0
0
0
2
0
0
1
1
2
0
0
0
0
0
0
1
2
1
0
1
1
0
0
0
0
1
0
0
0
0
0
0
0
1
0
1
0
0
0
0
0
0
1
0
0
1
0
0
0
0
0
0
0
2
0
0
1
1
0
1
1
0
0
0
0
0
0
0
0
0
1
0
0
0
0
0
1
0
0
1
1
2
1
1
0
0
0
0
0
2
1
2
0
0
0
1
0
0
0
0
1
0
1
2
0
2
0
0
0
0
1
1
0
0
0
0
0
0
0
0
1
0
0
0
0
0
0
0
0
0
0
1
2
1
0
0
0
0
0
0
0
