0
0
0
0
0
0
0
0
0
0
0
0
0
0
0
0
0
0
0
0
0
0
0
0
0
0
0
0
0
0
0
0
0
0
0
0
0
0
0
0
0
0
0
0
0
0
0
0
0
0
0
0
0
0
0
0
0
0
0
0
0
0
0
0
1
0
0
0
0
0
0
0
2
0
0
0
0
0
0
0
0
0
1
0
0
0
1
0
1
0
2
0
0
0
0
2
0
1
0
0
0
0
1
1
1
0
0
1
2
4
0
3
2
4
1
2
2
2
3
4
5
5
7
5
5
6
9
7
10
6
7
11
12
11
11
12
13
7
12
16
12
11
17
11
20
14
20
20
28
30
38
37
41
38
49
36
39
40
61
50
43
65
68
71
58
83
79
97
87
82
90
92
135
137
138
149
122
162
132
151
160
182
177
192
199
215
220
215
225
220
266
240
246
303
301
275
306
324
317
282
306
319
319
296
329
325
359
323
346
355
374
309
352
313
345
373
365
360
383
341
350
366
372
345
337
385
368
374
372
344
344
385
339
383
330
413
357
343
383
342
375
341
353
360
387
373
348
396
399
373
420
390
380
407
391
385
387
407
431
400
361
431
396
386
403
424
426
443
397
396
427
407
402
467
420
451
441
448
414
440
427
451
422
491
424
392
479
457
460
436
454
425
427
401
430
434
471
458
441
455
455
466
436
455
433
480
457
419
481
482
426
490
466
467
432
448
446
413
452
470
453
453
461
454
423
475
485
432
405
450
467
471
463
440
464
409
429
457
413
444
494
464
443
403
465
477
466
475
424
469
441
421
428
419
420
431
427
425
427
413
445
460
448
447
421
420
453
408
446
440
439
430
427
439
444
414
432
448
461
478
467
434
449
419
461
447
454
409
455
480
469
481
418
426
427
451
454
447
443
474
461
451
427
445
443
438
453
436
464
441
444
446
452
432
457
414
492
394
442
453
440
450
450
425
391
452
468
414
423
458
459
462
466
461
516
445
462
428
478
463
459
430
428
483
492
497
472
440
452
449
469
435
453
445
452
469
439
415
432
434
467
460
453
483
465
449
460
485
451
438
474
455
476
448
489
494
467
481
471
477
475
498
478
490
472
442
483
472
453
472
486
490
459
499
463
508
490
510
460
514
512
504
455
460
512
498
496
497
528
539
516
505
480
498
529
529
499
494
520
467
498
506
516
510
507
533
518
504
498
523
484
461
473
475
521
480
503
509
511
505
521
476
502
502
503
496
527
528
521
492
507
504
493
519
507
485
497
473
498
509
495
469
525
464
557
532
508
494
497
516
495
492
479
501
508
485
505
505
483
481
442
484
463
474
474
480
488
468
459
458
434
516
456
511
484
457
510
449
436
484
436
481
470
480
425
439
468
424
444
499
417
439
424
471
461
425
442
443
431
483
433
490
440
463
440
413
433
435
423
409
447
466
397
401
425
399
380
406
413
435
405
406
400
383
408
417
413
418
413
388
367
424
393
435
380
414
412
400
373
387
388
374
381
378
406
381
376
374
385
378
389
410
356
392
351
364
373
383
364
383
356
357
345
351
354
383
345
383
410
342
347
341
370
350
380
357
317
366
365
342
374
329
353
367
362
356
349
338
354
343
306
321
334
373
353
339
347
335
358
355
363
327
378
374
327
361
355
341
340
363
363
341
343
329
340
323
311
347
294
336
351
337
341
344
350
307
323
322
346
325
312
319
331
335
361
302
341
317
341
309
347
319
304
318
297
328
328
323
308
327
335
279
319
316
322
321
319
323
330
301
291
335
298
320
323
315
309
284
278
337
316
297
317
310
305
318
286
323
308
294
291
320
302
292
263
289
282
295
290
299
298
292
291
279
278
312
292
282
305
292
303
277
284
335
287
315
323
318
260
316
302
283
277
271
272
301
261
276
301
282
293
299
291
288
297
300
292
283
286
297
270
259
264
314
313
283
298
319
303
301
292
292
286
293
266
299
306
267
240
268
301
273
282
264
278
277
279
280
265
264
287
279
266
274
282
305
262
266
264
286
269
300
269
271
273
290
247
268
275
274
292
282
288
294
268
271
261
266
304
268
298
287
292
282
294
264
266
288
295
275
250
306
277
272
276
244
263
245
263
261
263
270
248
266
256
250
278
248
258
245
295
265
249
257
277
257
269
278
267
285
249
244
256
279
218
272
243
254
266
251
251
255
281
261
260
277
268
276
212
281
258
253
212
247
262
230
278
271
257
234
227
266
248
259
284
236
257
265
245
253
253
218
241
267
230
257
246
266
270
246
244
258
271
273
261
244
249
263
272
251
273
279
262
247
242
274
256
270
250
289
245
247
226
241
267
250
232
253
239
251
253
239
250
259
248
245
254
249
211
266
216
240
255
271
221
261
249
255
253
232
248
235
289
228
250
257
243
259
234
250
242
199
250
271
244
262
237
238
235
259
242
246
255
233
254
247
235
259
228
261
224
238
263
247
252
239
247
256
211
241
236
229
238
275
233
226
234
248
245
241
204
226
253
239
219
249
262
255
225
241
265
269
248
251
235
248
210
228
243
210
259
221
244
243
226
255
214
241
241
212
241
238
235
242
247
238
244
243
251
235
223
228
219
244
209
218
249
234
221
255
243
225
230
215
225
248
225
219
240
239
240
227
210
228
222
243
260
224
217
246
239
226
243
229
213
230
231
246
235
235
227
225
226
215
245
226
219
247
214
221
191
239
211
236
231
209
206
216
212
230
211
227
208
210
218
202
203
221
211
227
207
220
209
215
206
205
220
224
213
213
216
203
236
191
218
192
198
205
176
202
182
203
219
164
174
190
195
185
186
169
184
198
210
187
184
169
193
169
164
187
180
179
182
180
184
220
191
188
154
196
175
181
176
184
170
171
162
167
168
137
189
187
185
172
173
147
163
150
163
151
170
150
126
157
150
125
161
111
143
138
166
145
150
147
140
142
123
131
130
125
133
143
135
137
135
129
159
125
134
114
117
124
125
129
129
127
137
133
123
106
141
127
123
123
121
114
128
127
108
116
105
112
103
112
111
111
104
108
114
121
113
89
122
111
121
122
102
115
99
116
111
125
86
119
107
113
89
119
100
100
108
103
120
108
111
92
94
101
94
98
89
82
94
103
83
92
93
91
102
98
95
94
89
85
113
87
82
94
99
89
76
89
97
89
83
87
80
100
85
94
85
106
88
89
80
76
86
72
97
86
88
89
81
77
77
77
68
80
85
85
86
92
65
95
76
82
81
86
72
69
82
84
67
74
88
94
64
72
80
93
73
86
83
83
74
103
82
65
71
84
86
74
69
81
70
72
81
84
74
78
69
70
69
60
73
81
63
79
58
92
77
78
96
75
83
73
76
70
76
78
81
68
71
75
69
69
71
81
71
76
62
71
86
75
66
81
84
87
91
70
65
62
68
54
70
65
53
57
57
64
63
62
63
73
73
68
61
53
71
81
55
64
65
76
62
68
83
84
75
81
62
59
65
59
72
75
67
70
67
56
69
63
64
57
52
67
69
73
69
62
88
69
57
73
63
49
67
51
68
64
61
54
58
64
87
69
50
79
80
59
49
75
62
63
69
77
67
81
73
74
58
60
72
76
60
74
81
72
68
80
69
69
55
73
76
64
73
73
66
88
89
81
57
87
85
66
87
73
91
81
93
81
73
89
97
91
84
108
109
100
88
115
103
104
81
93
105
125
121
101
114
118
112
112
113
128
101
113
133
134
133
130
137
134
107
143
142
167
153
130
172
196
152
146
198
178
158
183
206
171
198
191
201
196
217
224
233
238
199
211
231
259
268
240
252
276
283
286
274
301
296
281
316
295
299
340
314
356
295
324
338
332
348
342
399
408
372
430
435
420
439
394
423
426
460
460
471
457
472
478
462
506
504
518
494
505
565
533
531
551
552
556
583
600
612
627
583
641
593
615
585
655
629
659
629
679
698
685
676
734
724
709
746
731
672
752
710
738
768
792
743
810
776
732
793
748
822
846
873
861
766
792
819
889
806
864
917
858
848
832
854
914
833
861
853
905
842
907
913
813
891
903
860
843
820
818
810
881
831
875
835
906
833
928
831
892
822
844
846
848
756
844
816
851
821
843
803
803
806
750
798
722
734
791
743
701
709
768
752
712
712
704
680
693
685
659
712
641
660
624
630
634
594
575
609
588
623
606
570
571
579
511
525
518
523
504
512
527
491
515
439
482
444
473
465
441
431
418
435
416
404
402
406
396
362
359
347
385
331
324
330
318
313
314
339
250
286
284
268
274
259
270
264
262
231
222
217
217
198
155
204
178
192
174
197
190
158
165
187
153
160
126
143
149
126
149
122
116
116
121
108
119
110
116
110
104
102
107
89
92
84
73
77
90
64
80
79
90
73
77
65
56
67
61
50
50
71
50
65
58
52
52
47
44
47
36
42
49
32
54
34
42
30
30
22
51
38
28
30
29
31
20
23
38
30
24
25
18
25
20
23
22
22
22
28
21
18
16
25
24
18
20
18
22
16
17
8
16
14
19
19
20
18
8
12
21
17
19
23
10
8
14
13
12
14
19
17
13
16
10
9
15
15
15
19
13
7
10
14
14
18
9
8
9
11
8
11
10
10
16
6
10
12
8
9
8
13
10
9
10
12
13
6
11
10
12
8
10
9
13
12
10
10
9
13
9
4
5
9
8
12
11
6
13
13
8
14
8
10
11
7
7
14
12
10
8
11
9
10
8
11
12
13
9
8
7
9
7
10
9
12
11
7
7
8
7
6
8
8
15
9
11
9
6
15
5
10
11
7
6
9
9
5
12
5
6
13
8
12
7
14
7
11
8
8
4
9
8
3
8
9
14
5
13
13
5
2
6
7
12
9
10
7
5
12
7
10
8
11
5
7
9
13
9
4
5
7
5
11
5
8
6
10
8
8
10
7
4
5
10
8
6
16
6
8
10
7
12
9
8
6
5
12
2
7
8
7
6
6
9
3
3
10
5
10
3
9
6
6
7
3
10
12
6
6
10
5
6
5
7
9
4
8
3
5
7
5
9
9
6
3
10
8
5
9
5
12
7
4
6
10
1
7
5
10
6
7
7
9
9
9
12
2
6
11
13
11
4
10
6
7
5
5
3
11
5
7
12
9
7
9
7
6
4
9
10
4
4
6
9
15
3
7
5
7
9
2
4
4
5
10
7
1
5
5
7
4
5
13
5
4
9
5
11
5
2
7
7
3
7
6
6
8
8
9
5
10
14
4
8
5
13
9
8
6
9
6
5
7
9
8
5
19
7
7
7
11
4
11
6
3
6
12
10
6
7
10
2
4
7
5
8
8
2
2
7
8
3
5
5
4
4
8
2
9
6
13
2
7
6
6
9
7
4
6
3
6
4
3
5
4
8
9
11
3
7
6
7
4
3
6
4
6
6
6
4
7
10
8
5
4
4
8
7
4
8
5
4
5
4
9
6
6
7
6
11
6
5
11
3
5
3
4
4
6
9
6
4
9
9
6
1
3
3
7
8
6
5
5
6
7
6
6
5
4
5
7
7
3
5
3
4
7
5
5
9
7
1
9
5
3
4
6
6
2
5
3
3
6
6
4
6
4
4
6
4
9
4
3
4
2
7
5
6
7
3
2
5
8
8
5
3
4
4
3
7
4
4
4
1
4
1
6
0
5
3
3
4
5
6
2
6
2
5
7
4
5
7
5
7
5
9
9
5
2
7
5
3
2
3
3
5
5
4
3
4
5
4
7
6
7
3
4
4
4
4
8
6
11
5
4
6
8
3
2
8
2
4
2
7
11
2
5
2
4
7
0
1
9
5
4
2
8
0
3
4
13
2
0
4
6
5
2
0
8
3
4
1
6
4
7
8
5
5
5
4
3
0
6
4
3
3
7
4
2
5
3
4
8
4
4
3
7
2
2
5
5
5
4
4
4
7
4
8
4
7
1
4
3
5
8
4
1
2
1
1
3
2
5
6
3
5
6
5
2
7
2
2
4
4
4
3
5
4
1
1
2
1
4
5
2
7
4
3
3
2
2
6
1
0
2
2
2
9
5
4
1
1
1
2
4
6
6
1
5
4
4
5
2
2
4
3
4
1
5
7
4
3
5
2
3
5
3
4
3
3
2
3
2
4
2
4
2
2
5
5
5
5
2
7
2
2
5
5
4
2
4
3
1
4
1
3
3
4
4
2
4
3
0
2
0
2
3
4
1
2
3
3
3
6
4
2
4
1
4
3
5
4
3
2
6
2
2
5
2
3
2
2
3
5
0
2
2
3
7
4
6
1
7
2
4
2
3
1
3
1
3
1
4
2
1
3
3
3
6
1
1
4
0
4
2
2
2
3
3
0
2
1
4
3
4
4
1
2
2
0
0
3
1
3
4
2
3
2
2
3
4
0
4
2
4
1
4
4
1
1
1
4
5
1
0
2
3
2
2
5
2
3
5
5
5
0
2
5
5
0
4
3
5
3
7
1
1
4
5
2
2
4
3
1
3
2
3
5
3
3
4
2
3
2
4
1
1
2
3
3
5
1
6
1
1
2
0
4
5
4
1
6
2
0
3
3
2
2
3
4
6
2
2
3
2
1
2
3
2
3
1
3
2
2
4
3
2
2
2
1
6
4
3
3
4
3
2
3
4
1
3
1
6
2
4
2
6
3
3
1
2
0
2
3
2
2
2
1
1
1
2
4
4
2
1
3
3
2
1
0
2
3
2
7
1
2
3
2
4
1
3
0
1
4
4
1
1
6
4
2
5
5
6
0
2
1
1
4
2
3
3
0
1
1
2
0
3
0
0
4
1
1
3
2
3
1
1
1
3
4
4
2
1
2
1
1
1
3
2
1
2
0
2
2
1
4
0
4
1
1
1
2
2
2
0
1
1
0
0
2
0
1
1
2
0
2
1
4
3
1
0
4
4
1
2
1
2
1
2
2
1
5
4
1
1
0
1
4
0
0
3
3
1
4
5
3
2
2
2
0
2
3
0
5
1
1
2
0
2
2
0
3
2
1
1
3
1
1
1
0
2
2
3
1
0
1
0
0
2
1
4
5
1
0
4
1
0
2
3
2
2
2
1
0
0
2
1
3
4
0
3
1
1
0
0
2
1
1
0
0
0
2
2
0
1
3
0
1
1
3
0
3
3
1
1
1
1
1
1
2
4
2
4
1
1
1
0
2
0
1
3
3
2
2
1
2
1
0
1
1
3
3
1
1
1
4
3
2
0
1
2
1
3
1
1
0
1
3
0
1
1
0
0
1
0
2
1
1
2
2
1
3
1
2
3
0
2
2
3
1
3
1
1
2
1
1
4
5
2
2
3
1
2
2
4
1
5
1
2
4
2
0
3
3
1
3
3
2
1
2
1
4
1
2
0
2
1
2
1
0
1
0
2
1
3
0
0
0
0
0
0
3
1
4
2
2
2
1
1
2
1
3
1
3
2
0
2
1
3
2
2
3
1
1
3
0
0
0
1
0
1
0
1
0
1
1
1
1
1
1
1
1
2
2
2
2
2
1
1
2
3
1
1
0
0
0
3
0
2
1
0
2
2
4
3
0
5
1
1
1
0
0
1
2
0
0
2
1
4
1
2
2
1
2
0
1
2
4
0
2
0
2
1
2
1
2
2
3
1
1
1
1
3
2
2
1
0
1
1
0
1
2
5
1
0
3
1
1
3
2
2
3
2
1
0
2
0
2
0
3
1
2
0
1
2
2
1
2
2
0
1
4
2
1
0
1
2
1
1
2
0
4
3
1
0
1
2
0
0
0
1
0
2
4
2
1
2
1
0
2
1
1
3
0
1
5
2
2
0
1
1
1
1
2
3
0
1
0
1
1
3
1
0
1
1
0
3
0
3
1
1
3
0
2
4
0
3
3
0
0
1
4
0
2
0
2
0
5
1
1
1
1
2
0
0
0
2
1
2
0
3
0
0
2
1
2
1
1
1
0
1
3
0
5
1
0
1
0
2
2
0
1
0
1
1
1
2
2
2
0
2
2
2
2
1
2
2
2
1
0
1
0
1
1
0
1
2
0
1
1
1
1
0
0
0
2
1
1
1
1
0
0
2
1
3
1
0
0
1
2
1
0
1
1
0
1
0
1
0
2
1
1
1
0
0
1
1
2
0
1
1
0
2
0
1
2
2
0
2
1
1
0
0
0
1
0
0
2
1
0
0
4
2
0
0
3
0
0
0
0
1
1
0
1
2
0
0
1
1
1
1
0
1
0
0
0
0
2
2
0
1
0
3
1
2
0
1
0
1
2
1
0
0
0
1
1
0
0
0
0
0
2
1
2
0
1
1
1
0
1
1
1
0
0
0
1
0
0
1
0
0
0
0
2
2
2
1
0
1
1
2
0
0
0
1
1
2
0
0
0
0
1
1
0
1
0
2
0
1
0
0
0
1
1
1
3
0
0
1
0
1
0
0
1
2
1
0
1
2
1
0
1
4
0
0
1
1
0
3
3
0
0
0
0
2
0
1
0
0
0
1
0
4
2
1
0
0
2
3
1
1
2
1
0
0
1
1
1
1
1
4
0
0
2
0
1
1
1
2
0
0
0
1
1
0
0
1
1
0
0
0
0
1
1
0
1
1
0
0
1
0
0
0
0
0
2
2
1
1
1
1
0
1
0
0
1
1
0
0
3
0
1
2
0
1
0
0
1
1
1
1
0
0
0
1
0
1
0
1
0
1
0
0
1
1
0
3
0
0
1
2
0
0
1
1
1
0
1
0
0
0
3
2
0
0
0
0
1
0
0
0
1
0
2
0
2
0
0
0
0
1
1
0
0
0
2
1
0
1
0
1
0
2
2
0
0
0
0
0
0
0
0
1
2
0
0
1
0
0
0
1
0
0
0
0
0
0
0
0
1
0
1
0
0
2
0
0
0
2
1
0
0
0
0
0
0
1
0
0
0
2
1
1
0
0
0
0
0
0
0
0
0
0
0
0
1
0
0
0
1
1
0
0
1
0
0
0
2
2
0
1
0
1
0
0
0
0
0
0
0
0
0
0
0
2
0
0
1
1
0
1
0
1
0
0
1
2
0
0
1
2
1
0
0
0
0
1
0
0
0
0
0
0
0
0
1
0
0
0
0
1
0
1
0
1
0
0
0
1
0
0
0
0
0
0
1
0
1
0
0
1
1
0
0
0
0
0
0
0
0
0
0
0
0
0
1
1
0
0
0
1
0
1
0
2
0
2
0
0
0
0
1
0
0
1
0
1
1
0
0
1
0
1
0
0
0
0
0
1
0
0
1
0
0
0
1
2
0
0
0
