0
0
0
0
0
0
0
0
0
0
0
0
0
0
0
0
0
0
0
0
0
0
0
0
0
0
0
0
0
0
0
0
0
0
0
0
0
0
0
0
0
0
0
0
0
0
0
0
0
0
0
0
0
0
0
0
0
0
0
0
0
0
0
0
0
0
0
0
0
0
0
0
0
0
0
0
0
0
0
0
0
0
0
0
0
0
0
0
0
0
0
0
1
0
0
0
0
0
1
0
0
0
1
0
0
0
0
0
0
0
0
0
0
0
1
2
0
2
0
0
0
0
0
1
2
1
1
1
0
2
1
1
5
1
1
2
1
3
2
2
2
4
5
6
2
6
2
9
11
11
5
8
10
12
13
13
14
14
19
12
14
17
19
22
22
34
22
30
30
31
33
39
32
67
49
43
57
77
73
74
85
71
106
109
108
117
107
92
140
142
143
139
160
158
143
165
180
144
165
174
192
160
183
151
180
182
199
181
175
189
172
167
171
189
150
177
155
186
146
175
180
175
195
155
175
168
144
179
156
166
160
187
198
178
177
195
185
179
170
176
179
171
176
171
158
167
169
183
182
197
175
162
187
197
175
185
201
172
220
179
178
192
197
206
188
183
204
190
202
190
196
217
230
182
208
193
216
201
218
223
196
241
211
216
203
200
217
220
232
204
213
238
202
222
222
219
216
206
206
242
217
206
243
242
211
219
244
198
218
238
230
229
212
222
208
216
197
227
220
231
223
206
216
203
209
240
219
219
228
210
213
227
188
213
219
195
196
232
223
229
240
203
251
237
179
215
224
217
193
212
204
249
193
228
235
229
240
196
211
199
225
190
213
208
221
238
221
178
176
222
183
188
200
189
176
213
207
241
200
198
204
174
212
198
198
197
211
200
189
206
219
198
183
175
175
198
217
192
190
188
209
211
183
197
186
215
199
190
195
185
204
203
212
216
196
182
220
182
218
198
193
217
205
205
201
217
201
193
204
203
209
209
210
223
205
184
182
213
210
188
214
184
207
212
203
186
203
224
187
203
197
196
217
168
220
173
197
204
187
199
203
207
197
185
197
197
200
191
236
192
210
214
219
207
219
214
216
202
187
188
200
204
191
204
207
187
193
198
193
195
182
212
194
197
225
189
212
198
217
206
191
223
186
191
201
225
166
202
208
220
211
225
214
188
232
206
189
211
211
189
202
211
182
227
219
236
196
213
203
210
207
235
225
226
232
196
220
210
223
217
212
192
204
207
211
216
213
198
202
213
209
201
229
222
197
215
234
218
214
213
211
181
206
194
217
194
209
220
203
182
198
192
218
199
187
195
203
217
210
215
180
201
205
177
190
205
226
189
199
193
185
199
166
188
182
202
205
175
182
192
205
187
201
188
165
202
212
174
190
178
172
204
210
193
184
194
177
185
181
166
150
173
191
182
180
172
178
190
166
174
183
183
169
176
183
159
196
152
178
168
183
172
186
176
169
181
159
191
180
178
152
170
168
192
169
152
182
143
159
160
148
179
181
157
147
142
164
123
154
162
157
143
162
149
165
173
159
151
127
160
146
169
156
156
138
172
130
147
142
158
140
145
162
144
134
157
145
135
168
162
137
147
169
130
150
135
158
156
128
118
152
158
120
149
171
137
144
138
146
172
116
138
148
141
118
142
135
155
132
151
141
127
122
133
141
148
135
149
153
152
138
148
125
142
146
137
126
111
141
136
112
157
146
136
143
143
147
133
130
135
126
109
120
137
131
137
132
138
132
153
129
148
129
125
121
110
112
133
125
143
133
140
133
117
153
131
114
127
136
140
123
147
133
105
134
110
119
105
143
136
119
115
129
127
131
123
118
132
119
109
138
112
104
138
128
126
119
124
126
123
136
132
111
119
113
136
128
106
117
113
135
111
124
128
109
123
107
135
119
126
112
118
138
124
121
103
116
116
112
123
109
112
98
110
120
118
113
105
103
107
118
113
122
121
100
114
106
97
129
106
123
135
128
96
106
108
135
112
126
106
113
115
107
115
114
114
107
121
120
106
117
110
118
104
110
104
121
109
104
114
116
89
116
107
94
107
112
107
96
120
132
117
105
112
111
114
121
113
115
119
108
99
119
119
123
116
100
103
98
103
116
105
107
105
105
117
94
107
127
122
111
98
109
120
110
107
95
107
113
113
90
92
113
117
105
107
117
124
94
101
110
117
115
114
125
93
115
97
92
113
96
108
117
109
100
97
100
102
118
97
117
119
97
118
94
117
117
113
101
106
88
105
119
104
93
107
100
72
109
95
81
102
93
118
110
105
114
108
108
91
112
86
96
107
90
104
110
105
106
104
93
95
118
97
112
103
102
103
107
103
103
119
100
112
108
122
111
110
115
110
94
99
102
104
94
107
101
104
100
109
106
103
104
101
98
90
95
87
97
99
112
95
94
109
93
103
95
99
108
95
82
101
74
98
96
112
91
113
94
89
91
88
101
98
112
95
121
112
100
99
99
104
92
96
81
98
87
84
100
106
76
84
100
105
108
101
97
91
100
98
98
95
107
101
97
100
92
92
99
108
124
93
82
87
88
78
114
111
105
102
111
68
93
84
93
102
83
97
81
108
95
94
88
85
108
78
91
85
90
92
90
84
94
106
91
103
115
118
104
85
84
92
108
84
86
110
108
100
96
93
95
105
84
107
90
79
87
81
101
102
87
102
93
93
86
96
90
106
95
85
70
113
90
98
99
92
97
104
89
86
105
87
94
88
84
88
100
106
83
87
94
76
92
90
100
76
83
91
87
82
85
100
84
85
86
88
96
97
82
98
81
98
84
93
86
102
77
90
81
87
91
88
63
79
83
83
85
76
90
72
80
88
82
87
87
87
66
69
85
80
80
58
70
87
69
83
72
71
86
75
84
67
69
82
54
85
82
73
56
70
62
89
61
60
61
53
49
66
83
67
64
61
70
64
60
65
75
71
70
55
58
64
49
57
66
51
55
52
40
48
77
55
57
49
63
74
61
72
45
61
54
54
54
49
36
53
56
52
43
64
42
53
51
61
58
39
49
55
49
46
55
52
62
66
54
53
49
60
46
51
56
53
48
43
52
34
50
42
39
41
45
41
41
46
51
60
41
49
47
44
40
43
46
49
45
39
48
44
36
48
40
44
32
45
38
54
44
36
34
52
39
44
42
41
33
49
44
36
42
42
46
42
39
30
46
35
39
33
51
32
45
54
39
36
41
41
40
31
30
37
31
41
41
37
46
42
33
43
30
34
45
38
25
36
36
36
40
34
38
38
34
46
30
37
31
41
36
47
28
39
51
31
38
35
32
37
33
29
27
33
29
35
46
37
32
35
40
43
42
36
27
37
51
26
34
35
30
35
30
24
26
31
46
37
28
33
27
35
32
33
38
28
39
31
38
29
38
34
25
30
21
29
29
34
32
35
26
40
29
28
38
33
27
28
34
34
28
23
29
39
37
39
26
30
37
28
36
30
38
29
25
37
30
29
26
31
27
29
30
31
24
35
32
38
32
38
26
26
33
22
24
33
25
30
31
28
20
39
39
20
32
31
23
26
31
24
38
39
25
44
31
37
31
42
27
40
24
30
30
26
34
26
22
39
29
33
34
33
27
29
28
35
29
31
32
40
36
32
26
37
31
36
31
26
37
40
26
30
31
28
32
29
36
38
30
33
39
37
37
48
30
32
40
36
42
38
46
38
37
33
41
40
27
41
34
36
40
46
44
48
42
32
36
34
45
55
37
45
49
52
51
40
47
37
52
57
50
52
46
53
58
55
56
59
71
42
70
67
53
55
69
69
67
71
70
79
82
64
70
77
105
99
100
78
83
85
76
81
97
92
92
101
106
89
102
109
105
107
120
126
102
121
127
118
131
130
145
134
129
138
121
130
174
136
135
162
150
174
174
164
185
177
189
201
190
196
192
190
197
203
236
195
206
213
217
221
246
237
240
246
232
239
238
238
249
292
257
255
297
292
274
260
292
282
289
248
299
296
311
289
292
316
310
321
316
303
318
301
299
288
350
338
319
327
317
339
320
327
347
335
310
359
367
377
350
371
365
366
361
381
363
365
360
390
374
349
341
369
348
349
349
390
354
365
363
369
364
382
359
332
380
359
336
373
370
361
337
330
376
336
307
323
351
336
339
292
351
327
301
323
345
290
306
317
332
343
287
301
272
289
305
292
274
285
247
292
280
275
246
267
250
259
272
240
254
249
239
183
222
239
219
250
232
223
216
213
189
196
168
183
178
171
158
183
149
149
165
153
156
152
147
135
160
133
139
149
130
106
110
139
113
112
105
93
104
88
110
86
93
88
86
87
100
84
77
84
72
83
73
80
69
63
69
51
64
61
54
52
61
58
58
60
48
38
40
42
47
48
49
38
40
33
38
36
47
39
35
36
29
28
22
28
27
19
24
30
21
24
31
23
20
17
25
28
20
18
22
18
7
15
20
20
11
16
14
16
15
11
11
13
14
13
7
8
11
9
10
9
11
9
6
8
9
9
10
9
9
6
7
7
10
10
5
4
9
8
3
10
3
7
3
6
11
2
10
5
5
7
3
7
2
4
6
3
5
4
2
12
5
5
5
4
7
7
3
3
10
4
2
4
5
2
4
2
4
6
4
1
5
3
3
5
4
1
4
4
2
3
4
5
4
3
3
4
5
3
1
5
5
4
1
2
3
5
2
2
5
4
1
7
0
6
5
1
4
3
3
3
3
4
2
4
4
6
4
3
4
3
4
1
3
6
2
0
0
4
2
2
3
2
0
1
2
4
2
2
6
2
2
1
4
6
2
3
3
3
0
3
3
5
0
1
4
4
1
2
2
0
3
3
3
3
2
2
1
3
2
2
4
0
1
2
1
2
1
5
0
0
1
3
3
5
3
4
3
2
1
7
2
2
2
5
4
2
1
1
0
1
2
2
3
1
2
5
2
6
2
4
2
1
1
1
0
1
1
3
1
2
1
2
1
1
1
2
3
3
3
4
5
5
7
0
0
2
7
5
3
1
2
2
3
4
3
2
3
3
1
5
2
3
3
2
1
4
3
1
1
3
4
1
3
3
3
4
4
4
0
3
3
2
1
0
1
0
2
3
4
2
2
1
4
5
1
0
0
1
2
5
4
2
3
1
6
3
1
3
2
1
2
1
5
1
2
1
0
3
6
3
1
4
4
2
3
1
2
0
1
4
2
0
1
1
3
2
4
3
2
2
3
1
1
3
2
2
0
5
1
3
2
3
0
1
3
3
1
4
3
1
1
2
1
0
0
1
1
3
4
1
3
0
0
1
4
2
0
3
1
1
3
0
1
3
1
1
1
2
0
3
2
0
0
2
1
2
3
1
2
2
2
0
1
3
3
1
2
2
1
3
2
1
1
3
1
1
0
2
2
2
2
4
2
2
3
1
3
4
4
4
2
1
2
4
1
0
3
2
4
1
2
2
4
2
1
2
3
3
1
3
3
2
1
5
2
5
2
2
2
2
5
1
1
2
1
2
4
1
1
3
1
2
0
1
6
0
0
1
3
2
2
1
2
1
4
0
3
3
2
1
3
0
3
3
2
0
3
0
3
0
3
2
3
5
6
6
1
3
0
7
3
3
3
2
1
2
1
1
3
2
1
3
4
0
1
1
2
0
3
2
3
2
0
4
1
1
0
1
0
2
1
1
1
2
0
3
2
1
3
2
0
2
1
1
1
2
1
2
2
1
1
0
3
0
2
0
1
2
3
1
2
0
1
2
0
2
1
1
3
3
2
1
0
0
0
2
2
0
3
1
2
2
4
2
1
2
1
0
0
2
1
1
0
3
0
1
1
2
2
3
3
2
3
1
2
2
2
1
0
2
3
0
0
2
1
0
0
2
2
0
0
0
3
2
1
0
2
3
0
5
2
1
2
2
1
0
1
0
3
1
0
1
0
1
6
2
4
1
3
3
1
0
3
0
2
1
1
0
3
2
0
2
1
2
1
3
3
0
2
0
2
1
2
0
1
1
2
1
1
0
2
1
0
0
2
1
2
1
1
3
2
0
2
1
0
0
0
2
3
1
1
0
2
0
0
2
0
0
2
1
0
1
0
0
2
2
3
2
1
0
1
1
2
1
0
0
2
2
1
1
1
0
0
1
0
1
1
1
2
1
1
0
3
0
4
0
0
0
1
1
1
0
2
0
1
1
0
1
1
0
1
4
1
1
1
2
0
2
2
3
1
1
2
0
1
0
1
1
1
1
1
4
1
3
1
2
0
1
1
0
1
1
2
0
2
1
1
1
0
3
1
1
1
0
1
1
1
2
2
2
0
2
4
1
0
0
2
1
0
3
1
1
0
0
1
1
2
4
1
1
0
3
0
0
1
1
0
2
1
0
2
1
1
1
2
1
0
2
2
0
0
0
2
4
1
1
0
1
0
4
1
1
0
1
0
2
0
3
1
2
1
1
3
0
1
1
1
2
1
1
2
0
1
0
0
0
3
1
1
0
3
0
2
0
3
2
2
3
0
2
0
1
0
2
2
1
1
0
2
3
2
0
2
0
1
1
1
0
1
1
2
2
4
1
0
1
1
1
0
2
0
0
1
1
2
0
1
2
1
0
1
0
3
1
1
0
0
0
1
3
0
0
1
3
0
2
1
1
1
1
2
0
0
2
4
0
0
0
0
1
0
2
1
0
0
0
1
2
0
1
0
0
0
0
2
1
0
0
2
1
0
2
2
0
0
3
2
1
5
0
0
0
1
2
1
1
0
1
2
1
5
0
1
1
2
4
2
2
0
1
1
0
1
0
2
0
1
1
0
2
1
1
1
1
2
1
0
1
2
0
0
0
1
1
1
1
1
1
1
4
1
2
2
2
2
0
1
0
1
1
2
0
0
1
2
0
1
0
2
0
0
1
0
0
1
3
1
0
1
0
1
1
1
1
0
0
0
0
0
1
0
3
1
0
2
3
2
1
1
2
2
1
1
0
1
0
1
1
0
3
0
0
0
1
0
0
0
0
0
2
1
1
2
0
3
0
2
1
0
2
3
1
0
1
1
0
1
0
3
0
1
0
1
0
1
0
0
0
0
1
1
1
1
0
2
0
0
0
1
4
1
1
1
0
1
1
1
0
1
1
0
1
0
1
2
0
0
1
1
0
0
0
0
1
1
0
1
0
3
1
1
1
1
1
1
0
1
0
1
1
1
0
0
1
0
1
1
2
2
0
1
1
2
0
1
0
2
1
0
2
1
1
1
0
0
0
1
1
0
0
0
1
1
1
0
0
0
2
0
1
1
2
3
0
1
0
0
0
1
1
0
1
1
1
0
0
0
0
1
0
1
2
5
0
0
0
0
1
1
1
5
0
2
1
1
0
0
0
2
0
1
1
0
2
1
0
0
0
0
1
0
0
0
0
0
0
0
0
2
1
3
1
1
0
2
0
0
0
1
0
1
0
0
0
1
0
0
1
2
0
0
1
1
0
1
1
2
0
2
0
0
0
1
0
0
1
0
0
0
0
0
3
0
0
1
0
0
0
1
0
0
1
0
1
5
2
1
2
1
1
0
0
1
2
2
0
0
1
0
3
1
0
0
0
1
0
0
0
0
1
0
0
0
0
0
1
2
0
2
1
1
2
1
0
1
1
0
1
2
0
0
0
0
0
1
0
0
0
0
0
2
0
0
1
0
1
1
0
0
3
1
0
3
1
0
0
0
0
0
1
2
1
0
0
0
0
1
0
0
0
0
2
1
0
0
0
2
0
0
1
1
4
0
1
0
2
0
0
0
2
0
0
0
0
0
0
0
0
1
1
0
0
0
0
0
1
0
0
0
0
0
0
1
0
1
2
0
0
1
0
1
0
1
0
0
0
0
0
2
0
0
0
0
0
1
0
1
0
0
0
1
2
0
0
1
0
1
0
1
1
0
2
0
1
1
2
1
0
0
1
0
0
0
0
0
0
1
0
0
1
0
0
0
0
0
1
2
0
2
0
1
0
0
2
0
0
1
1
2
1
1
0
1
0
0
3
1
1
1
1
0
0
0
0
0
0
0
2
2
0
0
0
0
0
0
1
1
0
0
2
0
1
0
0
0
0
1
0
0
0
0
0
0
1
0
0
0
0
0
2
1
1
0
0
0
0
1
1
1
0
0
0
1
0
1
0
0
0
1
0
0
0
0
1
1
0
0
0
1
1
0
1
1
0
1
1
0
0
0
0
2
2
0
1
1
1
0
0
0
1
1
1
0
0
0
1
1
0
0
1
1
0
0
0
1
1
2
0
0
0
0
2
0
1
1
1
0
0
0
0
0
1
0
0
0
0
1
1
0
1
0
0
2
0
0
0
1
0
2
0
1
0
0
0
1
1
0
2
1
0
0
1
2
2
0
0
0
1
0
0
2
0
0
0
0
1
1
0
1
1
0
0
2
0
0
1
1
4
0
0
1
0
1
2
1
1
0
2
0
3
0
0
1
2
0
0
2
0
1
0
0
1
0
0
2
1
0
0
0
0
0
1
1
1
1
2
2
4
0
0
1
0
1
1
0
0
2
1
1
4
0
0
0
1
1
1
0
1
1
1
0
0
2
0
1
2
0
4
0
0
1
1
1
0
0
1
0
0
0
1
0
1
0
1
2
0
1
0
0
0
0
1
0
0
2
1
1
0
1
1
0
1
1
0
0
0
1
1
0
1
3
0
0
0
1
0
0
1
1
2
0
1
1
1
3
1
1
0
1
2
0
1
2
0
1
0
2
0
1
1
1
1
0
0
1
0
0
0
0
0
0
0
0
2
2
1
1
2
1
1
0
0
0
1
1
1
0
1
1
1
0
1
1
0
0
0
0
0
0
0
0
0
0
0
2
1
0
1
0
0
1
0
0
0
1
0
0
2
0
0
0
0
1
0
0
0
0
0
2
1
0
0
1
1
1
1
0
1
1
1
0
1
0
0
0
1
2
0
2
0
1
0
0
1
0
1
0
0
0
0
0
0
0
0
0
0
0
0
0
0
0
1
0
0
0
0
1
0
0
0
1
0
0
0
1
0
1
0
0
2
0
0
0
0
0
1
0
0
0
1
0
1
0
0
1
0
0
0
0
0
0
1
1
0
0
0
2
1
0
0
0
0
0
0
1
0
2
0
0
0
0
0
0
0
0
0
2
0
0
0
0
0
0
0
0
0
0
0
0
0
0
0
0
0
1
0
1
1
0
0
0
0
0
1
0
0
0
0
0
0
0
0
0
0
0
0
0
0
1
0
1
0
0
0
0
0
0
0
0
0
0
0
0
1
0
0
1
0
