0
0
0
0
0
0
0
0
0
0
0
0
0
0
1
0
0
0
0
0
0
0
0
0
0
0
0
0
0
0
0
0
0
0
0
0
0
0
0
0
0
0
0
0
0
0
0
0
0
0
0
0
0
0
0
0
0
0
0
0
0
0
0
0
0
0
0
0
0
0
0
0
0
0
0
0
0
1
0
1
0
0
0
0
0
0
0
0
0
0
0
0
0
0
0
0
0
0
1
0
0
0
0
0
0
0
0
1
1
0
0
0
0
0
1
0
1
0
0
1
0
0
1
0
3
0
0
1
3
2
1
1
3
3
0
3
2
3
2
5
4
2
1
4
3
3
2
3
8
4
9
2
9
3
9
13
10
11
6
15
12
10
17
23
20
20
21
26
38
32
25
35
51
39
48
32
51
68
69
71
80
93
80
98
89
112
119
98
114
101
118
115
125
148
127
158
154
140
159
178
175
178
138
145
151
176
167
147
158
156
179
149
183
190
177
161
134
164
160
161
170
169
155
167
156
168
157
144
145
162
181
167
141
163
159
166
160
144
160
140
155
166
160
157
183
168
178
164
174
152
171
158
156
139
173
182
152
170
173
167
167
178
177
168
169
192
190
178
173
171
189
175
164
170
206
191
189
209
190
174
184
182
199
202
218
171
175
162
192
188
214
185
183
188
200
200
204
185
172
187
197
232
238
180
195
204
199
225
208
193
217
196
206
197
209
196
223
196
184
209
210
188
209
189
195
191
224
195
206
183
184
207
205
208
164
166
188
188
209
194
187
184
188
172
186
199
209
186
196
206
189
187
162
196
176
186
189
185
175
190
214
189
198
154
175
194
199
191
153
190
197
167
177
172
181
187
201
196
205
178
191
183
188
177
175
169
174
173
166
173
191
157
204
174
178
165
182
152
185
205
180
183
193
186
180
167
179
178
144
197
172
145
186
177
165
183
189
157
181
192
155
165
178
175
181
164
188
187
185
168
149
172
185
170
148
201
168
187
160
171
164
169
161
199
171
175
189
157
184
181
187
170
171
187
158
168
179
181
151
161
190
172
187
176
161
195
167
182
153
180
178
183
185
184
178
168
154
182
181
170
182
180
174
183
200
175
209
174
151
169
151
183
205
169
167
194
189
183
177
189
183
218
169
184
197
174
167
178
158
190
212
174
191
185
180
195
175
179
190
191
166
179
174
197
179
199
178
166
159
186
163
172
195
173
165
195
173
149
180
160
188
183
174
168
163
162
195
192
153
186
169
171
183
189
167
194
201
200
160
198
185
187
164
180
180
186
206
169
185
171
184
166
193
174
169
203
180
175
169
186
171
168
192
147
168
173
164
164
164
182
154
168
164
165
172
142
182
168
165
147
165
161
141
185
161
127
171
156
165
165
169
144
179
147
162
142
155
172
135
141
162
138
153
164
145
155
177
132
164
145
150
135
139
142
127
144
157
138
157
158
154
152
135
130
147
164
146
127
131
159
156
147
140
148
147
152
150
146
152
121
162
126
125
141
139
122
137
174
158
138
134
128
143
153
130
126
128
124
143
152
123
133
126
140
133
144
145
147
132
136
140
149
126
149
122
133
133
126
134
140
129
135
135
129
114
102
121
134
137
107
119
107
129
124
130
117
114
131
111
131
117
109
105
139
110
129
119
111
103
132
124
106
130
117
140
121
100
115
114
140
133
123
115
124
107
124
100
121
115
89
117
89
106
116
119
119
96
110
111
111
127
105
110
99
129
96
118
123
119
100
107
122
114
124
118
125
111
113
122
111
114
113
114
133
126
101
116
109
100
108
92
107
106
108
107
110
91
109
102
116
93
104
93
99
109
98
107
101
121
119
105
106
111
101
98
100
124
100
136
99
103
105
111
113
103
118
126
107
92
92
97
94
106
96
86
94
114
104
112
88
98
88
104
97
89
97
93
108
91
121
97
103
91
113
94
109
100
106
100
92
91
88
92
97
96
95
100
95
116
92
104
111
90
83
116
98
96
91
97
94
96
100
101
104
92
89
95
95
101
97
103
85
91
85
81
86
91
77
105
77
94
99
111
111
93
99
102
96
103
85
111
122
103
104
86
107
85
92
66
94
93
93
92
95
87
87
88
90
89
101
100
103
99
102
96
82
81
93
96
97
89
98
101
105
88
81
84
99
90
90
83
88
99
84
92
93
90
77
89
92
99
98
68
79
72
94
81
90
80
84
73
86
102
88
101
83
87
93
80
93
89
90
105
87
98
93
93
79
76
91
91
89
84
98
59
91
82
80
95
76
69
92
91
99
88
94
104
82
93
90
66
93
106
101
89
94
89
81
78
69
70
85
88
101
86
82
98
92
70
101
92
86
94
78
68
97
82
101
59
90
97
85
84
85
91
85
94
68
77
77
88
94
90
97
72
90
70
64
97
78
72
85
70
89
80
88
88
77
93
95
77
86
99
87
71
78
99
82
68
77
87
82
85
88
86
83
97
83
76
90
81
84
81
71
76
79
77
79
90
94
86
91
83
80
78
81
94
81
94
89
76
72
81
80
84
80
72
62
63
71
77
82
87
83
87
76
87
61
74
74
88
81
61
92
66
83
88
71
77
79
79
60
85
81
78
79
87
67
73
84
71
73
78
69
77
75
71
85
73
74
82
79
88
60
59
72
77
82
66
96
67
72
98
73
71
85
80
49
75
80
85
86
83
71
78
69
70
80
61
83
76
81
72
97
83
72
80
76
71
73
77
72
88
63
72
71
82
65
69
75
71
83
67
66
68
73
76
76
86
76
84
90
77
51
78
74
75
74
79
92
68
71
71
74
78
65
91
70
65
84
69
76
78
65
54
68
68
61
68
76
68
70
61
61
72
71
74
75
55
65
61
66
69
61
70
65
52
65
69
73
65
65
75
52
76
63
67
58
61
50
63
69
72
73
56
61
58
60
57
63
63
50
40
58
65
56
56
50
51
52
57
60
62
42
43
53
46
62
46
42
48
53
50
47
51
53
54
48
48
42
42
56
50
49
60
51
50
54
51
50
44
51
42
37
34
43
39
42
42
45
41
41
48
42
52
30
41
45
39
53
33
38
39
39
36
38
40
35
27
42
45
44
46
40
37
30
41
38
37
59
34
34
33
40
30
37
31
35
40
31
32
40
25
31
39
25
26
35
33
37
44
39
41
31
27
36
26
31
33
33
38
36
38
36
34
30
37
31
26
48
35
33
23
44
31
27
36
36
26
31
33
36
29
30
33
26
30
30
41
32
30
25
32
24
38
32
31
29
31
35
21
29
34
27
30
34
27
30
28
33
20
23
37
35
32
30
29
38
29
33
27
26
37
30
26
27
24
26
27
29
31
22
22
31
33
27
22
24
30
25
31
20
26
23
21
17
34
28
22
26
34
22
33
24
37
33
27
27
37
24
28
21
26
28
34
35
15
23
31
31
32
29
19
23
36
32
30
33
31
29
32
34
30
23
27
28
28
22
29
19
23
22
26
31
18
15
34
27
18
23
37
25
25
19
34
22
35
28
25
19
17
30
30
25
31
29
31
26
23
27
28
29
28
21
30
24
26
28
19
32
32
26
32
23
14
25
38
33
27
20
20
32
36
28
30
24
33
19
22
33
26
25
30
35
33
19
30
26
24
35
25
21
30
29
32
22
18
26
27
26
33
24
37
26
45
37
28
35
34
40
22
31
32
37
28
35
27
30
23
25
32
33
30
23
29
35
31
32
35
42
34
41
29
38
34
42
29
40
48
48
41
54
30
53
48
50
46
44
38
33
52
42
44
49
54
62
61
59
51
59
56
48
66
59
60
81
72
60
60
74
80
71
73
81
61
83
62
89
80
90
68
93
85
114
84
86
98
102
110
110
84
120
107
95
116
122
120
111
124
114
114
129
120
147
118
147
162
113
171
152
153
154
152
146
162
156
169
191
152
180
178
177
188
186
178
200
192
189
226
196
198
234
184
213
221
225
214
210
227
226
227
253
260
214
251
270
241
253
236
256
250
247
281
256
276
262
274
250
287
265
289
264
264
268
264
280
268
295
287
282
263
296
264
291
281
278
289
286
334
272
296
300
296
316
318
318
320
300
304
315
297
301
315
328
288
260
295
293
315
336
303
288
329
281
283
284
294
304
252
283
275
299
310
277
268
258
294
319
275
266
260
255
258
257
255
233
242
274
252
230
247
247
219
239
240
229
228
223
206
249
208
217
210
194
211
181
189
181
193
198
186
166
147
191
183
179
187
176
144
158
155
148
163
152
158
139
142
140
136
135
118
131
130
112
103
96
98
109
119
113
107
106
84
97
80
106
90
92
90
83
83
89
86
77
82
86
73
77
64
54
70
62
67
62
56
59
47
53
64
43
51
49
46
47
43
34
41
38
41
36
43
38
31
34
26
29
22
33
37
21
24
34
31
18
27
26
18
19
20
18
21
18
28
10
29
13
14
14
18
23
20
11
19
19
10
17
11
16
10
10
4
16
4
6
13
11
5
13
6
9
10
5
17
12
8
8
7
11
9
8
6
3
6
6
2
9
6
8
5
4
3
7
5
9
4
3
3
12
6
2
4
6
3
5
4
1
8
7
3
7
2
3
4
5
5
3
2
7
3
2
6
2
1
4
3
4
3
5
2
5
1
6
4
3
3
3
3
2
6
3
3
0
4
4
2
5
5
1
2
6
2
3
3
6
5
2
4
3
4
3
2
3
2
3
2
4
1
3
3
3
2
4
2
3
2
1
2
1
0
2
3
4
6
0
1
2
2
6
2
1
1
4
4
2
3
2
4
0
4
2
3
2
2
2
2
0
4
2
4
2
2
6
4
2
3
4
2
1
0
1
1
1
1
4
3
6
1
1
3
0
2
0
3
5
2
2
2
2
0
0
2
2
2
1
2
1
2
2
2
2
2
2
4
1
0
1
4
0
2
1
1
4
3
0
1
5
3
2
3
3
3
1
2
3
4
4
2
3
1
1
2
5
1
0
0
0
2
3
5
4
5
2
3
6
3
3
3
2
2
1
0
2
0
4
1
2
1
3
5
5
1
2
4
2
2
1
3
0
3
3
0
4
3
2
2
0
2
2
3
6
6
5
3
4
2
1
3
1
0
1
1
2
3
0
5
1
0
1
3
1
3
2
4
4
5
3
1
0
2
0
3
1
2
2
1
1
3
2
0
0
3
0
2
2
2
1
5
1
2
1
0
1
1
1
1
1
3
2
2
2
2
1
0
2
1
1
1
0
1
1
3
2
1
3
0
1
2
1
0
2
2
2
2
0
2
1
5
3
1
3
3
0
2
2
3
4
4
0
0
2
3
6
2
3
2
3
1
1
3
1
3
0
3
2
0
5
0
0
0
2
2
0
0
2
0
2
0
0
2
1
2
3
1
5
2
0
0
0
2
2
1
0
0
2
1
2
1
3
5
1
1
4
2
1
3
1
1
0
2
1
1
0
2
0
3
3
1
5
0
0
1
1
1
1
4
2
1
2
2
1
0
1
4
3
1
2
1
3
0
3
0
3
0
5
3
1
2
2
6
2
1
1
1
0
0
2
1
1
0
0
4
1
1
0
3
2
1
1
0
3
2
4
1
2
1
1
1
3
1
0
5
1
1
3
6
3
3
1
1
4
1
2
1
1
3
0
1
1
3
2
2
1
0
3
2
2
1
0
1
1
2
2
4
6
3
2
2
1
0
1
2
0
2
1
4
3
3
1
2
1
1
0
1
1
1
0
2
2
1
1
1
1
1
1
1
2
1
1
0
3
2
2
1
3
1
1
2
0
1
0
2
1
0
0
3
0
0
0
1
3
2
2
3
1
2
4
3
3
0
1
1
0
2
0
1
4
4
2
2
4
3
1
3
3
3
1
1
0
1
0
0
1
0
2
1
2
1
1
3
2
1
1
2
4
1
4
4
1
2
2
1
0
0
0
0
0
3
1
2
3
2
1
0
3
0
1
1
0
1
1
0
0
1
0
0
0
3
1
1
3
0
1
2
0
2
2
2
2
4
1
1
2
2
0
1
2
3
0
2
0
2
4
1
1
1
1
0
1
0
1
2
0
0
1
0
1
2
0
1
3
1
2
0
0
2
2
2
1
1
1
0
2
2
3
0
1
2
4
0
4
3
1
1
0
0
1
0
0
4
0
4
0
2
3
1
3
0
1
1
0
0
0
0
0
2
3
0
2
3
2
0
1
2
1
2
1
0
1
2
1
0
1
0
0
0
1
1
2
0
1
0
0
0
0
2
2
0
4
1
1
2
2
0
1
0
0
1
1
2
2
0
0
0
0
2
1
1
2
3
0
0
0
1
1
0
2
1
0
0
1
1
3
1
1
0
1
1
0
1
0
0
2
2
0
1
1
1
0
0
3
1
0
2
3
0
0
0
1
0
0
2
1
1
0
0
0
0
0
1
1
0
0
0
1
1
1
1
0
1
1
2
2
1
1
2
0
1
0
0
1
2
1
0
1
0
0
1
4
2
3
0
1
3
0
1
0
0
2
3
0
0
3
2
2
1
3
3
0
2
0
1
2
1
0
1
1
0
0
1
0
0
2
0
1
1
0
0
2
2
0
0
0
0
1
1
0
0
0
0
1
2
1
1
1
0
2
2
1
3
0
1
1
4
0
0
0
0
2
1
1
0
2
0
1
0
0
0
4
3
0
1
1
1
1
3
2
2
0
1
2
1
3
1
3
3
0
1
1
1
1
1
2
1
0
0
0
0
1
0
2
0
0
0
1
0
3
0
1
0
0
0
1
0
0
1
1
2
0
0
1
0
1
2
1
0
1
0
0
1
0
1
2
3
1
0
1
0
1
1
0
2
0
0
0
0
0
0
2
1
1
2
2
2
1
1
0
0
3
0
2
0
1
2
0
0
1
0
0
2
2
0
1
2
3
2
0
0
0
0
0
0
3
0
1
1
0
1
0
2
0
3
0
1
0
0
0
1
3
0
0
0
2
0
0
0
0
1
0
3
0
0
0
0
1
1
0
1
0
1
0
0
0
1
0
1
0
0
1
0
0
1
0
0
1
0
1
0
1
1
1
2
0
2
1
1
1
1
1
3
2
2
1
0
2
1
0
1
0
1
0
2
0
3
0
0
0
1
0
1
0
0
0
0
1
0
5
1
1
1
1
1
0
0
1
1
0
1
2
0
0
0
1
1
0
0
0
1
1
0
1
3
0
2
1
0
1
0
2
3
1
0
0
0
1
0
1
0
0
1
2
2
0
1
0
0
0
1
1
0
1
0
0
0
1
0
0
0
0
1
0
0
0
0
1
1
0
1
1
0
1
0
2
3
0
1
0
1
0
0
2
0
2
0
0
1
1
0
1
2
1
0
1
0
2
0
1
0
2
1
2
0
1
0
0
0
0
0
2
1
1
0
0
0
0
1
2
0
0
1
0
2
0
1
1
2
1
1
0
2
1
0
0
1
0
1
0
1
1
1
3
1
1
0
0
0
0
0
0
0
0
1
0
1
0
1
2
0
1
0
0
0
0
0
0
2
1
0
0
1
0
1
0
1
0
1
0
1
0
0
2
1
0
2
2
0
0
1
1
1
0
0
1
0
0
1
0
0
0
2
1
0
0
0
1
0
2
0
0
0
0
0
1
1
1
0
0
0
1
1
2
0
0
1
0
0
1
0
0
0
0
3
0
0
0
0
2
0
1
1
1
2
0
1
2
1
1
0
2
0
1
0
0
0
0
0
1
0
0
0
0
2
1
1
0
0
0
0
1
1
2
1
0
2
2
2
1
0
0
1
1
0
0
0
1
0
0
0
0
1
0
1
1
0
1
0
1
0
0
2
1
0
0
0
0
0
2
0
0
0
0
1
1
0
0
1
1
1
0
0
0
0
0
0
0
0
0
1
1
1
2
1
0
1
1
1
0
0
0
0
0
0
1
0
0
1
0
1
1
0
1
0
0
0
0
0
0
0
1
0
0
0
0
0
1
0
3
1
0
1
0
1
1
2
1
0
2
0
1
1
0
1
1
0
0
0
0
0
0
0
0
0
0
1
0
1
1
2
1
1
0
2
0
0
1
1
0
0
0
0
1
1
2
0
2
1
0
0
1
1
2
1
1
0
0
0
1
0
0
1
0
1
1
1
0
0
1
0
0
2
2
0
1
2
0
1
0
0
0
0
1
0
0
0
1
0
0
1
1
0
0
1
0
0
1
0
1
0
0
1
1
2
0
1
0
0
0
1
1
0
1
1
1
0
0
1
1
0
0
0
0
0
2
0
0
1
1
0
0
0
0
0
1
0
1
1
2
0
0
0
1
1
2
0
1
0
1
0
1
0
0
1
1
0
0
0
0
1
0
0
0
0
1
0
1
0
1
0
1
1
0
3
0
0
1
0
0
0
0
0
0
2
1
1
0
0
0
0
1
2
0
0
0
0
1
1
1
1
0
0
0
0
0
0
0
1
1
1
0
0
1
1
1
1
1
0
0
0
0
1
0
1
0
2
1
1
0
0
2
1
0
1
1
0
0
0
1
0
1
0
0
2
1
0
1
1
1
0
1
1
2
1
0
0
2
2
1
0
1
1
0
2
0
0
0
1
0
1
2
1
0
0
2
1
2
0
0
0
0
0
1
0
1
1
1
0
1
2
0
1
2
0
0
0
0
1
1
0
0
2
1
2
0
0
0
1
0
0
1
2
2
3
1
0
0
1
1
0
0
0
0
2
2
0
0
0
3
0
0
2
0
2
0
0
1
0
1
2
0
2
0
0
2
0
1
1
0
0
3
0
0
1
0
0
0
0
0
1
1
2
0
2
0
0
1
1
2
0
0
0
0
0
1
0
0
0
0
1
0
1
1
0
0
1
1
0
2
0
0
0
1
0
2
0
0
1
0
0
0
0
0
0
0
0
0
2
0
1
0
1
0
0
0
0
0
1
0
0
0
0
0
0
0
0
0
1
0
0
0
0
0
0
0
0
1
0
0
1
0
0
0
0
0
0
0
0
0
2
0
0
0
0
0
0
0
0
1
0
0
0
1
0
1
0
0
0
0
1
0
0
0
1
0
0
0
0
1
1
1
0
0
0
0
0
0
0
0
1
1
0
0
1
0
0
0
0
2
1
0
1
0
0
0
0
0
0
0
1
0
0
0
0
0
0
0
1
1
0
0
2
0
0
0
0
0
0
0
0
0
0
0
0
0
0
0
0
0
0
0
1
0
0
0
0
0
0
1
0
1
0
0
0
0
0
0
0
0
3
0
0
0
0
0
1
0
0
0
0
1
0
1
0
0
0
0
0
0
