0
0
0
0
0
0
0
0
0
0
0
0
0
0
0
0
0
0
0
0
0
0
0
0
0
0
0
0
0
0
0
0
0
0
0
0
0
0
0
0
0
0
0
0
0
0
0
0
0
0
0
0
0
0
0
0
0
0
0
0
0
0
0
0
0
0
0
0
0
0
0
0
0
0
0
0
0
0
0
0
0
0
0
0
0
0
0
0
0
0
0
0
1
0
0
0
0
0
0
0
0
0
0
0
0
0
0
0
0
0
0
0
0
0
0
0
0
0
0
0
1
0
1
1
0
0
2
2
1
1
0
0
1
1
0
2
0
1
1
1
3
3
1
3
0
1
4
1
3
5
4
4
4
7
6
9
7
6
11
11
10
24
14
8
8
19
15
20
14
28
28
28
30
30
26
34
44
49
41
63
51
61
61
78
71
63
75
97
93
91
92
86
93
118
103
132
125
126
141
135
122
139
144
124
143
133
129
142
123
124
133
150
142
136
145
150
134
127
138
137
126
145
150
114
128
133
136
134
127
118
142
142
133
134
149
134
122
151
123
119
154
128
114
139
123
122
125
128
140
129
129
137
116
123
124
152
116
116
129
150
140
119
138
140
135
121
140
129
124
151
144
157
136
139
151
146
153
149
166
184
137
159
150
137
129
152
171
183
158
127
152
156
156
142
150
165
162
146
156
151
166
160
173
157
182
171
153
174
135
166
170
176
142
177
162
151
161
176
177
164
158
166
170
153
130
169
176
167
156
168
142
163
152
142
166
157
147
177
164
152
153
153
137
135
154
147
144
158
154
130
147
118
163
134
136
157
156
161
139
159
146
164
158
146
145
161
122
158
136
99
143
140
125
133
168
147
146
152
125
136
131
136
128
127
143
131
150
134
155
126
130
154
140
133
145
134
155
142
149
155
149
133
144
133
143
129
136
122
128
128
144
137
133
128
148
128
134
128
146
143
140
157
155
133
116
130
130
115
154
141
128
125
153
151
135
136
131
133
138
146
128
132
147
131
131
117
145
163
137
115
140
134
131
134
146
111
123
136
134
132
134
136
135
139
146
151
156
150
129
150
113
141
128
156
133
124
141
133
128
124
128
130
146
145
135
123
141
162
127
112
116
119
132
148
119
133
133
138
140
144
141
140
131
129
127
123
132
124
137
120
143
132
117
128
132
143
134
150
141
139
112
135
135
119
132
147
150
115
139
124
137
126
113
132
135
124
165
170
124
113
119
123
141
161
142
139
145
128
144
156
152
137
152
143
121
136
117
154
125
125
104
126
152
146
138
132
127
138
139
150
137
128
124
135
111
122
121
120
115
115
127
140
131
117
126
126
135
104
135
102
115
107
142
125
136
114
121
126
102
117
124
130
146
114
130
121
105
136
116
133
122
111
122
128
102
124
107
130
114
119
121
119
108
122
118
100
126
135
117
94
122
115
131
104
106
114
114
105
97
104
119
109
112
121
116
116
100
108
89
103
110
102
122
98
103
94
105
105
127
98
99
107
105
97
97
112
105
121
104
100
94
105
94
101
105
114
102
90
94
111
107
85
94
96
104
100
115
101
109
85
87
104
95
92
88
100
99
98
86
117
96
92
86
104
85
92
98
102
81
89
80
99
92
86
87
82
83
101
80
89
105
90
94
93
87
88
88
97
105
97
89
80
92
87
79
96
78
88
85
89
91
87
84
81
101
92
76
77
103
95
83
99
98
80
85
80
73
89
78
87
74
80
77
89
80
96
69
108
85
69
100
76
92
81
71
77
74
91
65
76
73
78
81
72
76
87
62
79
73
67
71
78
96
78
74
66
89
69
74
77
70
82
76
82
67
75
77
87
80
76
68
85
88
67
68
84
96
80
68
66
82
69
78
83
91
83
84
67
90
82
79
73
75
70
62
77
64
78
74
78
66
61
80
73
75
80
72
62
91
75
90
72
89
65
59
68
90
73
79
79
77
72
71
67
68
69
61
64
82
62
72
84
64
73
72
68
54
85
62
73
69
62
74
82
61
56
88
66
71
70
59
66
75
83
80
69
68
74
60
72
66
61
69
82
70
47
69
66
65
55
69
70
57
78
68
71
66
65
67
72
79
70
74
89
76
74
62
67
58
58
60
53
69
54
65
53
66
61
72
71
74
59
63
58
79
69
60
88
74
64
74
60
50
83
65
59
71
74
70
72
73
82
68
70
66
65
68
69
69
67
74
66
75
66
70
69
56
72
64
66
76
66
54
55
60
57
55
47
59
70
73
69
63
59
83
57
65
62
55
63
62
55
46
71
53
67
65
69
61
63
65
62
63
51
58
65
61
77
61
61
61
67
68
68
65
61
79
59
66
54
56
55
73
65
56
66
64
50
55
81
73
50
67
60
65
77
52
63
53
58
69
54
69
71
60
65
73
75
73
48
79
56
76
61
74
72
61
62
51
69
54
44
60
68
67
78
64
57
75
60
73
57
63
67
61
57
61
62
60
60
62
75
57
52
53
57
69
69
56
52
59
60
54
52
60
60
61
66
52
57
81
58
60
73
51
47
72
49
57
42
53
62
67
64
58
54
61
53
61
68
60
52
48
78
50
63
62
67
58
50
60
56
60
48
59
60
37
70
45
72
60
67
67
60
57
65
70
70
47
68
61
64
58
54
73
57
46
56
53
61
54
54
54
61
55
67
66
62
65
65
53
56
60
56
42
50
68
58
62
64
46
54
60
55
60
46
40
60
68
51
51
52
53
51
50
57
66
64
48
65
57
55
56
59
51
57
64
58
64
60
58
58
54
48
53
59
52
51
55
41
59
59
44
56
55
57
57
54
50
47
54
58
44
45
46
54
49
43
47
43
40
65
50
48
53
55
43
49
51
42
50
47
43
52
53
44
44
36
27
41
49
48
47
40
34
51
51
34
43
51
48
48
38
60
42
51
55
31
40
48
37
35
33
43
55
48
55
47
45
33
39
49
44
43
42
38
50
39
33
41
39
32
29
27
25
40
34
35
36
34
27
38
37
36
34
33
34
31
35
37
27
38
28
31
40
47
36
37
30
31
32
20
28
31
26
30
30
39
19
41
38
25
28
31
24
32
36
30
28
36
32
26
29
36
28
36
36
27
30
23
20
30
29
31
31
18
29
19
28
22
23
19
24
19
28
25
27
24
24
28
18
26
20
25
21
27
32
27
23
25
20
28
19
23
19
34
18
21
32
23
31
22
28
29
28
23
19
26
24
30
22
20
23
23
33
29
32
20
21
29
22
24
26
21
24
26
20
15
23
15
23
25
26
24
15
29
17
18
22
28
20
19
21
34
25
22
27
26
25
22
15
21
18
21
14
19
22
20
19
15
24
20
20
23
33
20
18
25
21
19
32
23
24
30
20
22
24
19
27
15
15
20
18
17
19
18
26
28
12
16
24
22
20
11
21
16
20
19
17
14
16
26
16
13
20
28
17
19
27
21
24
22
21
21
26
24
17
22
10
16
23
27
22
15
28
25
24
21
20
10
15
18
17
14
21
22
23
22
16
27
31
29
15
21
19
21
19
20
15
25
15
20
13
27
19
23
23
21
17
22
22
23
17
7
23
21
24
24
20
22
26
17
11
23
21
31
25
24
17
24
23
19
28
17
12
20
14
27
19
22
19
19
23
23
28
18
32
15
25
16
23
20
21
17
32
30
20
20
20
19
16
16
18
29
27
18
24
18
22
22
20
34
25
18
36
28
30
23
38
31
30
31
23
33
34
23
29
35
28
45
39
22
31
38
31
37
30
28
32
44
42
38
42
50
23
45
39
37
37
35
37
52
45
55
38
53
41
42
42
51
45
64
50
57
53
59
53
55
58
51
65
51
60
73
67
77
65
74
71
62
92
82
91
73
89
80
75
80
95
79
81
77
82
90
81
104
97
105
121
103
108
114
109
108
97
115
111
110
127
111
132
119
139
140
125
130
133
161
134
142
145
169
147
167
147
169
143
175
148
188
171
161
160
166
167
162
203
183
169
189
193
207
216
184
179
202
173
168
221
213
217
199
192
175
216
215
192
187
239
209
218
217
231
221
213
231
219
219
236
245
227
234
228
236
236
223
201
271
197
235
216
237
225
255
237
225
233
227
228
187
214
222
234
221
243
217
204
241
206
205
208
203
225
202
239
234
201
230
203
182
183
208
197
209
216
191
190
218
186
175
153
184
176
175
174
179
170
184
170
165
161
146
171
147
147
156
141
158
144
137
133
144
135
131
143
132
113
145
116
144
107
111
110
104
129
105
105
108
106
106
93
86
101
87
89
113
120
100
98
94
93
90
80
79
89
75
84
64
71
76
56
74
50
66
52
58
52
43
48
66
46
36
55
50
44
47
40
39
31
53
43
41
40
44
39
29
31
27
29
36
31
25
24
32
28
28
27
21
25
16
29
19
23
26
19
22
16
16
21
15
19
22
27
17
14
11
10
18
12
12
12
11
11
4
16
11
12
18
10
6
13
12
7
7
12
9
6
13
8
10
8
8
4
6
5
5
6
11
5
12
12
6
7
6
8
2
5
5
5
5
5
5
5
1
3
2
6
3
5
1
3
3
4
2
3
6
5
2
4
1
2
3
4
4
0
8
1
8
3
3
5
5
1
4
2
4
0
2
5
5
3
5
0
2
2
1
8
1
3
2
0
2
3
1
3
1
3
3
1
0
1
1
2
1
1
3
1
0
3
3
3
0
3
2
3
2
4
2
3
2
1
2
3
0
1
3
1
0
2
2
1
1
1
1
4
0
6
1
2
1
1
2
1
2
0
3
4
1
2
1
1
0
0
3
4
6
0
2
2
2
1
1
3
2
3
2
1
2
1
4
1
1
2
1
1
2
0
1
2
1
2
5
2
4
1
6
3
3
2
1
1
1
1
2
3
3
1
1
3
0
2
3
1
1
0
1
4
2
2
4
1
0
0
1
4
4
2
2
6
3
1
2
2
2
1
1
1
0
2
1
0
2
1
2
1
3
2
3
2
0
1
2
1
1
2
5
6
0
0
0
1
1
1
3
1
1
1
2
1
2
1
1
1
1
1
2
1
2
1
1
2
3
2
2
3
4
2
0
1
1
0
1
1
2
2
2
4
1
4
0
0
2
3
4
0
1
2
3
2
2
1
2
3
2
1
0
3
1
1
1
1
1
4
1
1
1
1
0
1
0
1
0
1
0
0
0
2
2
3
2
1
2
1
0
1
1
3
0
2
0
2
1
2
1
0
3
1
0
1
1
1
0
1
2
1
1
3
0
1
2
1
1
2
1
2
1
3
4
1
0
2
2
0
0
2
1
4
2
3
1
0
0
1
1
1
3
2
2
1
0
1
2
2
2
0
2
1
0
3
0
1
2
2
0
0
5
1
2
2
1
4
1
4
3
1
1
2
2
1
1
2
0
0
1
1
2
2
2
0
1
3
3
2
2
2
2
2
1
1
4
1
2
0
1
0
0
1
0
1
1
3
3
1
2
7
1
1
4
0
2
3
1
0
0
3
4
0
1
3
1
2
0
1
0
0
4
2
1
1
1
0
1
1
0
1
1
2
0
1
1
1
2
0
4
2
2
0
1
4
1
1
2
2
1
2
0
0
2
3
1
2
1
1
3
1
4
1
3
2
2
0
3
1
1
2
2
1
1
3
0
1
0
0
3
0
2
2
1
2
2
2
1
1
1
1
1
1
1
2
2
0
3
1
1
0
2
2
1
1
0
1
1
1
1
2
0
2
2
2
3
1
1
0
3
0
0
0
1
4
0
1
1
3
0
1
1
1
1
2
0
2
3
3
1
0
3
0
0
1
1
1
0
0
1
1
1
2
2
1
3
2
1
1
2
2
2
0
0
0
1
2
2
3
2
1
2
1
0
2
1
1
1
0
2
2
4
1
1
2
2
2
2
0
0
2
2
1
1
3
1
2
0
0
1
3
0
1
2
1
1
0
1
1
2
1
1
2
3
0
1
0
0
1
1
0
0
0
1
0
0
1
1
0
1
0
2
2
2
0
0
2
1
1
0
0
2
3
3
3
1
1
0
0
2
0
3
0
2
0
0
0
0
1
1
1
1
1
0
1
1
0
0
1
0
1
2
1
0
1
2
2
0
0
0
3
1
2
1
2
1
2
0
0
1
0
3
1
2
1
0
1
1
0
0
0
0
1
1
0
1
0
1
3
1
1
0
2
0
1
1
3
0
1
0
1
0
2
0
2
1
1
1
1
0
0
1
3
3
1
1
0
0
0
0
0
2
0
0
3
0
0
0
1
0
0
0
0
0
1
1
1
0
1
1
0
2
1
1
0
1
1
0
1
0
1
1
1
0
1
2
0
1
1
0
0
0
2
1
1
1
1
2
0
1
0
3
1
1
0
0
0
0
0
0
1
0
0
0
1
0
1
0
1
1
2
2
0
0
0
2
0
0
1
0
0
0
0
1
2
1
3
0
0
0
2
1
0
2
1
1
1
3
0
1
0
1
0
1
1
0
1
1
0
2
0
2
2
1
1
0
0
0
1
0
0
0
0
1
0
0
2
0
0
1
1
0
0
3
0
2
0
0
0
1
2
3
0
1
1
0
1
0
2
0
0
1
1
1
0
1
1
1
1
1
1
1
1
0
2
0
0
1
0
1
1
1
2
1
0
1
0
0
1
0
2
0
0
0
0
2
0
0
0
1
1
1
0
0
0
1
0
1
0
1
1
3
1
0
2
0
1
1
1
1
1
1
1
3
0
3
0
1
0
1
6
0
1
0
1
0
0
0
2
2
1
2
1
0
2
1
0
1
1
0
0
0
0
0
0
1
1
1
1
1
0
0
0
1
0
1
0
0
0
0
3
1
0
1
1
1
0
0
0
1
2
1
1
2
0
0
1
0
0
1
2
3
0
0
2
0
2
0
0
1
0
0
1
1
0
1
1
0
1
1
0
0
1
1
0
1
1
1
1
0
3
1
0
0
0
0
1
0
2
0
2
0
0
1
2
1
0
0
1
3
1
1
1
1
0
1
1
0
1
0
2
0
0
0
0
1
0
0
0
1
2
1
0
0
2
0
0
1
0
1
0
0
0
1
2
0
2
2
0
1
1
1
1
0
1
0
0
0
2
0
0
1
0
1
2
1
0
0
1
0
1
1
2
1
0
2
1
3
1
0
0
1
1
2
0
0
1
1
1
1
0
1
0
1
0
0
0
2
1
0
0
1
2
0
0
1
1
0
1
0
0
0
0
0
0
0
0
1
1
0
1
1
1
0
1
0
0
0
0
1
0
0
0
0
0
0
0
2
0
1
1
0
1
1
0
0
2
0
1
0
1
1
2
1
2
0
1
1
1
0
1
0
1
0
0
1
1
0
1
1
0
0
0
1
0
0
1
0
0
0
1
2
1
1
1
0
0
0
0
0
0
0
2
0
0
0
0
0
0
3
2
0
0
0
0
0
0
1
1
0
0
0
1
0
0
1
1
0
1
0
0
0
0
0
1
0
0
3
0
1
2
2
1
0
1
0
0
0
0
0
2
0
1
0
2
0
0
0
0
0
1
0
2
0
0
0
0
0
0
1
0
0
0
1
0
1
1
0
1
0
0
2
0
1
1
0
1
0
0
1
0
0
0
2
0
0
0
1
1
1
0
0
1
1
0
0
0
0
1
0
0
0
2
1
0
2
0
0
0
0
0
0
0
1
0
0
2
1
1
1
1
0
0
0
0
0
2
0
1
0
0
1
0
0
0
0
3
0
1
0
0
2
0
0
1
0
0
0
0
0
0
0
0
0
0
0
1
1
1
0
0
0
0
1
0
1
0
0
1
0
1
2
0
0
1
0
0
2
1
0
1
1
0
0
0
2
2
1
0
1
1
0
0
0
0
0
0
0
0
1
1
0
0
0
1
1
0
1
1
3
1
1
0
0
0
0
0
0
0
2
0
0
1
0
0
2
0
0
0
0
3
2
0
0
2
0
0
1
0
0
1
0
0
1
0
1
1
0
0
0
0
0
0
0
1
1
0
1
1
0
0
0
0
0
2
0
0
1
0
0
0
0
0
1
0
1
0
1
0
0
1
2
1
0
1
1
1
1
0
0
0
0
1
2
0
0
0
0
1
0
1
0
0
1
0
0
1
0
0
0
2
0
0
0
0
0
1
0
0
0
0
1
1
0
0
0
1
1
0
0
1
1
1
0
0
1
0
1
0
0
0
2
1
0
0
0
0
0
0
1
0
0
0
0
0
0
0
0
0
0
0
0
0
1
0
1
1
0
0
0
0
1
1
0
0
0
0
2
0
0
1
1
1
0
1
1
0
0
1
0
1
0
0
0
2
0
0
0
1
1
1
1
0
2
0
0
0
0
0
0
1
2
2
1
0
1
0
2
0
0
0
1
1
1
0
0
1
1
0
1
0
0
1
0
0
1
0
0
1
0
0
1
1
0
1
2
1
1
0
0
1
1
1
0
2
1
0
0
0
0
1
0
1
4
0
0
2
1
2
1
1
0
2
0
2
0
1
0
0
1
4
2
1
0
0
0
0
0
1
1
1
3
0
0
1
0
1
1
1
1
0
2
0
0
1
1
0
0
1
1
1
0
1
1
0
0
0
2
1
1
1
0
0
0
2
1
0
1
1
2
1
1
0
1
1
1
3
2
0
0
1
1
1
2
1
1
0
1
2
0
0
3
0
0
0
0
1
0
0
0
0
2
1
1
0
1
1
1
3
0
0
1
1
1
0
0
1
0
0
2
0
2
0
0
1
1
0
0
1
1
0
1
0
0
0
1
0
0
1
0
0
0
0
0
0
1
0
1
1
2
2
0
0
1
1
1
0
0
0
2
1
0
0
0
1
1
2
0
0
0
0
0
2
0
0
0
0
0
2
1
0
0
0
0
0
0
0
0
1
0
1
0
0
1
0
0
0
0
0
0
0
0
0
0
1
0
1
0
0
0
0
1
1
0
0
1
0
1
0
0
1
1
1
1
2
0
0
0
1
0
0
0
1
0
1
0
0
1
2
0
0
0
1
0
0
1
0
0
0
0
1
0
1
0
1
0
0
0
0
0
1
0
0
0
1
1
1
0
1
1
0
0
0
0
0
0
0
1
0
0
1
0
0
0
0
0
0
1
0
0
1
1
1
0
0
1
0
1
0
0
0
0
0
0
1
0
0
0
0
0
1
0
0
0
0
0
0
0
0
0
0
0
1
0
1
1
0
0
1
0
0
0
0
0
0
0
0
0
0
0
1
0
0
1
0
1
0
0
0
0
0
0
1
1
1
0
0
0
0
1
2
0
