0
0
0
0
0
0
0
0
0
0
0
0
0
0
0
0
0
0
0
0
0
0
0
0
0
0
0
0
0
0
0
0
0
0
0
0
0
0
0
0
0
0
0
0
0
0
0
0
0
0
0
0
0
0
0
0
0
0
0
0
0
0
0
0
0
0
0
0
0
0
0
0
0
0
0
0
0
0
0
0
0
0
0
0
0
0
0
0
0
0
0
0
0
0
0
0
0
0
0
0
1
0
0
0
0
0
0
0
0
0
0
0
0
0
0
0
0
0
0
0
0
0
0
0
0
0
0
0
0
0
1
0
0
0
0
1
1
0
0
0
0
0
0
0
0
0
0
1
0
1
0
1
1
0
2
2
0
0
2
0
0
0
2
2
3
4
4
1
6
3
5
8
2
5
12
10
14
10
13
11
8
13
25
20
19
24
24
23
21
36
51
33
39
51
59
48
47
49
58
57
44
48
63
65
60
44
55
74
54
61
74
63
62
71
72
54
63
57
70
68
75
68
56
69
68
60
45
57
56
55
59
76
62
57
65
75
69
54
50
61
55
60
52
61
56
60
58
62
53
48
64
66
54
55
52
67
61
53
59
54
57
58
57
43
44
53
55
59
49
52
45
57
66
67
56
56
66
60
53
58
62
63
63
66
64
64
68
63
58
65
58
69
61
66
69
87
66
71
75
74
63
73
63
63
70
59
77
64
87
87
80
68
79
78
81
65
71
63
80
77
75
81
79
58
65
66
57
83
69
65
93
73
64
71
60
62
72
66
62
69
63
63
77
71
55
55
62
62
69
56
68
58
52
65
59
56
57
53
44
52
72
60
50
55
59
51
76
64
54
49
44
48
53
49
66
32
41
51
64
49
52
62
47
50
35
46
45
55
51
46
53
51
53
51
60
42
42
42
58
43
52
49
58
55
42
51
64
45
45
50
46
48
50
56
42
40
48
61
48
48
64
53
54
52
59
49
45
51
60
56
38
47
46
48
43
51
51
48
50
46
46
54
53
43
45
46
58
66
51
44
50
53
34
51
46
32
40
53
40
35
40
39
49
37
34
47
44
42
48
45
40
35
40
44
41
33
38
33
35
41
45
42
49
39
35
32
37
38
36
39
23
36
54
35
38
30
42
39
30
28
41
32
42
37
43
31
27
37
44
38
30
34
32
46
41
31
29
28
40
19
22
28
34
32
38
38
36
36
25
34
39
36
32
42
30
26
29
37
26
28
31
33
34
42
38
37
24
29
37
36
26
31
37
26
40
32
29
26
25
29
34
25
30
31
29
26
33
18
39
26
32
30
22
33
28
31
27
24
26
33
38
24
33
26
25
30
28
29
38
29
14
28
31
26
23
31
24
21
26
19
22
25
35
29
26
18
33
31
25
35
31
30
40
23
27
27
28
32
16
24
14
28
26
29
20
19
24
25
26
30
20
24
23
32
24
27
23
18
31
25
20
29
24
23
17
30
24
21
20
22
21
26
12
26
30
21
30
21
20
20
22
19
20
23
22
21
23
22
17
19
27
18
17
22
20
17
24
19
21
19
20
27
23
12
26
21
20
26
17
20
18
23
17
22
22
32
21
18
22
19
18
24
22
21
18
18
28
20
26
15
8
16
17
24
11
20
15
18
20
22
25
20
19
13
15
18
15
17
22
8
27
11
15
15
15
20
16
14
16
20
17
14
13
17
13
18
15
19
11
18
14
14
13
16
16
15
7
19
19
15
17
12
18
16
11
16
17
19
18
23
15
10
13
8
15
14
12
14
14
16
16
19
16
15
14
17
13
6
15
12
10
17
13
16
15
15
16
11
11
9
15
13
12
11
13
16
12
9
17
18
7
21
16
15
15
19
12
9
15
12
12
16
13
11
18
8
19
10
16
16
13
9
10
14
7
5
10
11
12
12
7
16
11
10
15
10
11
16
10
9
6
12
11
19
9
17
13
12
9
17
7
11
12
14
10
13
9
16
6
13
13
12
9
16
11
10
14
11
10
11
13
13
10
14
10
10
6
14
10
17
9
7
8
12
11
14
14
8
12
10
5
8
3
7
13
15
12
6
5
12
12
8
5
7
7
7
4
7
5
6
8
8
11
7
16
9
9
9
10
11
10
7
5
7
9
11
12
8
11
10
7
16
6
10
13
10
6
10
8
6
12
8
10
8
10
12
8
7
5
9
15
8
8
7
9
9
1
6
12
7
10
9
14
9
12
6
7
8
2
9
8
4
7
6
6
7
7
9
12
9
11
7
11
14
7
5
9
9
6
9
7
11
10
9
8
9
12
7
4
11
10
5
5
11
5
11
7
3
9
6
9
5
9
10
3
4
7
4
4
8
5
6
11
7
10
7
3
6
6
3
1
6
4
3
9
7
8
6
8
6
5
6
8
3
8
3
5
6
3
5
6
4
5
2
6
5
6
7
9
5
6
5
4
3
7
4
4
6
4
6
6
6
5
8
7
5
5
4
3
6
3
7
4
9
4
9
7
3
7
7
5
3
7
8
4
3
4
6
3
6
3
2
4
4
12
10
9
4
10
4
6
5
6
5
9
2
6
4
4
6
2
3
2
3
5
2
6
9
12
6
7
5
5
6
9
1
7
6
4
5
6
4
2
5
6
7
3
8
2
3
4
5
9
4
5
2
2
4
4
4
3
4
4
3
4
8
6
3
7
4
2
4
3
10
4
3
3
3
3
1
2
1
2
3
5
3
7
5
3
3
3
8
2
3
4
2
6
0
3
2
3
7
3
6
5
2
2
3
3
3
6
3
4
1
2
2
5
1
4
9
1
3
2
5
6
2
6
8
3
3
2
4
0
3
8
4
2
6
3
5
3
1
4
6
2
2
7
4
5
3
1
6
4
5
5
2
2
7
1
2
5
2
2
2
2
7
5
6
5
4
2
7
3
4
4
4
5
4
3
6
5
5
4
6
6
1
4
5
3
1
0
3
9
1
4
3
5
6
1
4
3
1
4
3
2
9
2
0
0
5
5
5
1
4
4
4
8
4
2
3
3
6
1
4
0
2
0
3
2
3
2
2
5
4
3
5
2
2
5
4
3
2
2
4
2
3
2
7
2
3
3
1
5
5
1
5
4
3
2
3
1
2
3
6
4
3
4
2
8
3
0
2
0
3
1
4
1
2
0
4
2
2
4
5
3
0
2
4
3
2
1
1
5
3
3
4
3
3
3
1
2
2
5
3
4
3
5
1
0
3
2
3
5
1
5
3
4
7
4
4
3
2
5
2
2
1
2
5
4
3
1
5
5
2
3
3
2
3
5
1
3
4
6
8
1
4
5
1
3
1
4
3
3
1
3
2
2
2
4
3
5
5
2
2
5
4
2
0
2
4
8
2
3
5
3
4
4
1
2
2
4
4
5
3
0
4
6
3
5
6
3
4
3
3
4
3
6
1
1
1
4
1
3
3
0
2
5
3
1
2
3
3
2
2
1
3
1
2
4
1
1
5
2
1
5
1
2
1
3
2
3
0
5
4
3
3
5
3
1
3
6
4
2
5
3
4
4
2
3
4
3
0
8
4
5
2
4
4
3
3
1
3
3
1
2
4
2
4
7
2
10
3
3
5
2
5
2
3
1
3
2
2
6
5
0
3
7
2
2
1
5
2
3
0
2
1
4
2
3
3
6
2
4
2
1
6
3
5
3
5
4
3
3
2
3
2
3
1
7
2
6
2
8
0
4
3
2
4
7
2
2
4
2
5
2
5
4
3
2
0
2
1
5
1
4
1
3
2
7
0
6
5
2
4
3
2
4
3
2
2
5
2
4
2
7
2
2
5
3
1
1
2
1
5
4
3
4
3
3
4
2
2
4
2
2
1
4
2
3
1
2
1
1
3
7
5
2
3
2
2
2
4
2
4
1
3
1
3
0
0
5
1
3
3
1
3
2
1
2
2
2
3
5
7
4
2
0
1
2
2
1
2
3
1
1
1
5
0
1
1
2
1
0
1
0
5
0
6
1
0
3
3
4
3
1
0
0
1
1
4
2
3
3
5
3
4
3
0
3
2
3
1
2
4
1
2
0
4
1
3
3
1
2
2
2
3
3
1
5
2
7
3
1
1
3
2
0
1
6
3
2
2
1
2
4
4
6
2
5
1
3
1
2
2
2
3
4
1
1
3
1
1
5
0
1
3
2
1
3
1
4
1
0
3
2
2
1
3
4
3
1
1
2
1
1
1
0
2
3
1
4
1
1
4
1
1
3
1
3
1
1
4
0
0
2
1
1
3
2
1
2
2
1
3
2
3
3
1
2
2
0
1
3
1
0
0
2
1
3
3
2
0
0
0
3
2
0
2
2
1
1
2
1
0
1
1
1
4
1
2
3
2
3
2
1
0
3
1
0
1
3
2
0
0
0
1
4
0
2
1
2
1
2
1
2
1
1
1
3
1
0
3
2
2
1
3
2
1
4
5
1
0
2
3
1
2
1
1
1
0
1
2
1
3
0
2
0
3
1
1
5
1
0
0
2
2
2
0
0
2
2
1
1
2
0
1
2
2
1
0
1
1
0
3
1
1
0
1
0
1
2
2
0
0
1
1
2
2
0
1
3
0
0
2
3
3
2
2
3
2
1
1
1
1
4
4
1
3
0
2
1
1
5
0
2
3
1
1
0
2
1
1
1
2
2
2
0
0
0
1
2
5
0
2
1
1
1
2
1
2
2
0
1
6
0
3
2
2
2
0
2
1
3
1
0
0
1
1
3
0
3
0
2
4
1
0
0
0
3
1
2
1
1
2
3
2
1
2
1
0
2
0
1
1
0
0
1
3
3
1
0
3
2
2
2
3
0
4
0
1
1
2
3
1
1
0
1
1
2
1
1
2
1
3
0
1
0
1
0
2
1
0
3
1
5
1
2
0
2
2
1
3
3
2
3
1
0
0
2
0
0
0
0
0
0
1
2
1
0
0
1
0
1
2
0
1
2
2
1
2
0
1
3
3
1
3
3
0
1
2
0
2
1
1
1
0
1
0
2
1
0
1
1
0
0
1
3
2
1
1
4
1
3
2
1
2
2
1
1
0
1
2
0
0
0
0
2
2
1
0
1
0
1
3
0
2
0
4
1
0
3
3
1
1
0
0
0
1
0
3
1
1
0
0
0
1
0
0
1
3
0
2
0
0
0
1
2
0
1
0
1
1
0
1
5
1
2
0
1
1
0
1
0
2
1
3
0
0
0
2
1
2
2
2
1
3
2
0
1
2
0
2
0
4
0
2
2
2
0
0
1
2
0
1
0
2
2
0
1
0
2
2
1
2
1
1
2
1
0
1
0
0
1
1
1
1
1
2
1
1
2
1
2
1
1
0
0
1
2
1
1
1
2
1
2
0
0
1
0
2
2
1
0
2
2
1
2
1
0
0
0
0
1
1
1
3
0
1
2
2
1
2
2
3
1
0
0
1
1
0
0
1
1
2
1
0
2
1
0
0
0
2
0
0
0
1
0
0
1
2
2
1
2
0
0
1
2
1
0
1
1
3
1
1
0
1
1
1
0
6
2
0
1
0
2
2
1
1
3
3
2
4
0
4
1
0
0
3
1
1
0
3
1
1
1
2
2
0
0
0
0
0
0
0
1
0
1
0
0
0
1
2
0
1
1
0
1
1
1
2
2
0
0
2
1
3
1
0
3
1
0
3
2
1
0
1
0
0
1
1
2
1
3
0
0
1
0
1
2
2
2
0
0
0
0
0
1
0
0
1
0
2
0
3
2
5
0
0
4
2
2
1
0
1
2
1
1
2
1
1
1
0
1
1
2
2
0
1
2
1
1
1
1
1
1
1
0
2
0
1
2
1
3
1
2
0
1
2
0
1
1
0
2
1
0
1
0
0
0
0
0
1
1
1
0
0
1
0
0
1
0
1
2
1
0
1
0
0
2
0
0
1
2
0
1
1
0
2
1
0
0
1
0
1
2
2
1
3
3
0
3
2
1
1
2
0
2
2
1
1
1
1
0
1
0
0
0
3
1
0
0
3
0
2
0
1
2
1
0
0
1
0
1
1
0
4
0
0
2
1
2
1
2
1
1
1
1
0
0
1
1
1
1
0
0
2
1
0
1
0
0
1
0
1
1
0
0
1
0
0
1
1
0
1
4
1
0
0
1
0
0
2
1
1
1
0
2
1
0
1
1
1
2
0
1
0
1
0
0
1
0
1
1
0
0
1
0
0
3
1
0
0
1
0
0
1
0
1
1
1
1
0
1
0
1
1
0
1
2
2
1
1
0
0
0
2
1
2
0
2
0
0
2
0
2
0
0
1
0
1
1
1
2
0
1
1
2
1
0
1
2
0
0
1
1
0
1
0
0
3
1
0
1
1
0
1
0
0
2
1
1
1
1
0
0
0
0
1
0
2
1
2
1
0
2
1
0
1
0
1
0
2
1
0
0
1
0
0
1
1
1
0
1
1
0
0
1
0
3
1
1
1
2
1
2
0
0
0
3
0
2
0
1
3
0
0
0
1
1
1
1
1
0
0
0
0
1
1
0
0
1
0
2
0
3
0
0
1
1
1
0
0
0
1
1
0
1
0
0
0
1
1
0
2
0
0
0
0
0
0
0
0
0
1
0
1
3
4
1
2
1
0
0
1
2
1
0
1
0
3
1
0
1
1
4
0
2
0
0
0
0
0
1
1
1
0
0
0
0
0
3
1
1
1
2
0
1
0
3
0
1
0
1
0
0
1
0
1
0
0
1
1
0
3
0
1
1
1
3
0
1
0
1
0
3
3
1
1
1
1
1
3
1
0
0
2
2
0
1
1
0
0
0
1
1
1
1
0
0
1
1
0
0
1
0
1
1
1
1
3
3
0
1
2
2
1
0
1
1
0
1
0
0
1
1
3
1
0
0
0
1
0
0
1
0
3
1
0
0
1
0
1
1
1
1
1
2
0
0
3
1
0
3
0
0
1
0
1
1
0
1
0
0
1
1
1
0
1
0
0
0
2
0
0
2
1
0
1
0
2
0
0
1
0
1
1
2
1
0
1
2
1
0
2
0
0
0
2
3
0
1
0
0
0
2
1
0
0
0
3
2
0
2
1
0
0
0
2
1
1
0
1
1
0
1
2
2
1
1
0
0
2
2
1
0
1
2
1
1
2
1
0
0
0
2
0
0
0
2
1
1
0
0
0
0
0
0
1
0
1
0
0
1
0
0
0
1
1
1
0
0
0
0
1
1
0
0
1
1
0
1
0
0
0
0
0
0
1
0
0
1
0
1
1
2
0
1
0
0
1
0
0
0
0
1
1
1
1
0
0
0
0
1
1
1
1
1
0
1
1
0
1
2
1
0
0
0
0
0
0
1
1
1
0
0
1
3
0
0
1
0
0
0
2
0
1
1
0
1
0
0
0
1
0
0
0
1
2
1
0
3
0
0
0
0
2
0
0
0
0
1
0
0
2
1
0
0
0
0
0
0
0
0
0
1
1
1
2
1
0
2
0
0
0
2
0
0
0
1
2
1
0
0
1
0
1
0
1
1
2
0
0
0
1
0
0
0
1
1
0
0
0
0
2
1
0
1
0
0
1
0
0
1
0
0
1
0
0
0
0
0
0
1
1
0
1
0
2
0
0
1
0
0
0
1
1
1
1
0
1
1
0
0
0
0
0
1
0
0
1
1
0
1
0
0
0
0
0
0
1
0
0
0
0
2
0
0
1
0
1
0
0
1
0
0
0
0
0
1
0
1
1
0
0
2
0
2
1
0
0
0
0
0
0
0
0
1
1
0
1
0
0
0
0
1
0
1
0
0
2
0
0
0
1
1
0
0
0
0
0
1
0
1
0
0
0
0
0
1
2
0
1
1
1
0
0
0
0
0
1
0
1
0
0
1
0
1
0
0
0
0
0
0
0
0
0
0
1
1
0
0
0
0
0
1
0
0
0
0
0
0
2
0
1
0
0
0
0
1
1
0
0
1
0
0
0
0
0
0
1
0
1
0
0
0
0
0
0
1
0
2
0
0
0
0
0
0
0
3
0
0
0
0
0
2
0
0
0
0
0
1
0
2
0
1
0
2
0
0
0
1
0
0
1
0
0
0
0
0
1
1
0
0
0
0
0
0
1
0
0
0
0
0
1
0
1
0
1
1
2
1
1
1
1
1
1
0
0
1
0
1
0
1
0
0
0
3
0
0
0
0
0
1
0
1
1
0
0
0
1
0
1
0
1
0
0
0
2
0
0
1
0
0
2
1
1
0
0
0
2
1
0
1
1
0
1
0
1
0
0
0
0
1
0
1
0
0
0
0
0
1
1
2
0
0
0
1
1
0
0
2
0
0
0
0
0
3
0
0
1
1
1
0
0
1
1
0
1
0
1
0
0
0
0
0
0
0
0
1
0
1
2
2
1
0
1
1
1
1
0
0
0
0
0
1
0
1
1
0
1
0
2
1
0
1
1
0
0
1
0
0
1
2
0
2
0
1
0
0
0
1
1
1
1
0
2
0
2
0
0
1
0
1
1
0
1
0
0
0
0
2
0
0
0
2
1
0
0
1
0
1
1
1
1
0
0
1
3
1
1
2
0
1
0
0
0
2
1
0
0
1
0
0
0
2
4
0
0
0
0
1
1
1
0
1
1
1
1
0
0
3
0
0
1
0
1
1
0
1
0
1
1
0
1
1
2
2
0
2
2
2
0
0
1
1
1
0
0
1
1
0
0
3
0
1
0
0
1
2
0
1
1
1
1
0
0
2
2
0
1
0
1
0
0
1
0
2
0
1
0
0
0
1
1
1
1
0
0
0
0
1
1
0
2
2
0
0
0
0
1
0
0
1
0
0
0
2
0
0
0
0
0
0
1
0
0
0
2
0
1
0
0
2
1
1
0
0
0
1
2
1
0
0
1
0
0
2
0
0
0
0
0
0
0
0
1
0
0
0
2
0
0
0
1
0
0
0
0
1
0
0
0
0
0
0
1
1
1
1
0
1
0
1
1
1
0
0
0
0
1
0
0
0
0
0
0
0
1
0
1
0
0
0
0
0
0
0
1
0
0
0
0
0
0
0
0
1
0
1
0
0
0
1
0
1
1
2
0
0
0
0
0
1
0
0
1
0
0
0
0
0
0
0
0
0
0
0
1
1
1
0
0
0
0
1
1
0
0
0
1
0
0
0
0
0
0
0
0
0
0
0
0
0
0
0
0
0
0
0
0
0
0
1
0
0
0
0
0
0
0
0
1
0
0
0
0
0
1
0
0
0
0
1
1
0
0
0
0
0
0
0
0
0
0
0
0
