0
0
0
0
0
0
0
0
0
0
0
0
0
0
0
0
0
0
0
0
0
0
0
0
0
0
0
0
0
0
0
0
0
0
0
0
0
0
0
0
0
0
0
0
0
0
0
0
0
0
0
0
0
0
0
0
0
0
0
0
0
0
0
0
0
0
0
0
0
0
0
0
0
0
0
0
0
0
0
0
0
0
0
0
0
0
0
0
0
0
0
0
0
0
0
0
0
0
0
0
0
0
0
0
0
0
0
0
0
0
0
1
0
0
0
0
0
0
0
0
0
0
0
0
0
0
0
0
0
0
0
0
0
0
0
0
1
0
0
0
1
0
0
0
0
0
1
1
0
0
0
1
0
0
0
1
2
1
0
0
2
3
0
0
0
2
2
7
2
3
8
5
6
7
8
11
6
17
13
17
19
32
22
27
30
25
27
32
43
46
38
38
60
38
57
40
49
60
59
49
69
62
61
71
52
71
61
57
61
49
41
55
55
59
48
58
58
58
58
54
60
59
59
50
56
61
79
38
69
54
56
56
71
59
63
54
62
63
43
44
56
53
44
52
64
58
48
55
48
56
48
55
49
51
54
58
63
57
51
63
55
54
54
60
64
65
73
72
60
67
63
68
69
87
75
71
69
80
71
78
65
79
60
92
80
67
63
68
72
54
78
61
68
73
91
79
81
61
65
70
64
72
76
63
52
89
70
86
76
78
72
67
65
68
68
87
91
66
81
66
75
69
65
74
72
80
70
87
89
62
61
58
71
72
53
68
58
73
72
69
54
60
55
54
56
65
74
82
51
40
73
58
57
58
58
43
51
45
64
55
45
59
50
55
50
57
53
51
65
51
53
55
56
57
52
48
49
52
63
43
50
51
56
55
35
57
52
55
63
59
58
52
54
68
55
41
54
48
57
60
43
36
73
50
54
58
58
51
50
59
49
44
55
45
58
59
59
62
44
46
56
51
61
46
51
58
41
51
49
53
61
46
39
48
48
58
47
53
39
59
45
51
49
50
47
50
46
42
43
51
38
42
59
52
47
56
50
63
52
41
55
53
42
48
39
62
44
50
47
35
44
40
54
39
49
27
51
36
49
33
43
48
50
35
43
39
35
36
51
36
38
44
41
42
36
36
34
38
42
50
41
44
34
33
32
28
24
40
41
31
35
29
44
39
33
38
52
37
41
38
37
34
42
30
34
38
33
39
33
43
31
34
44
23
28
36
41
33
30
36
26
40
38
37
35
26
28
30
30
34
30
34
33
33
29
27
19
35
36
34
37
27
32
30
27
39
24
32
26
27
28
36
34
28
37
23
34
21
32
36
27
34
27
25
33
27
27
24
15
30
20
19
25
27
39
36
24
29
22
28
31
34
21
22
25
24
28
31
27
35
29
27
20
29
22
26
28
30
33
26
23
23
25
22
25
29
22
28
26
33
17
27
26
30
28
36
34
21
29
24
34
23
28
34
24
21
29
27
25
28
24
25
27
27
16
28
25
28
24
28
26
24
28
23
26
19
27
23
27
19
27
29
31
15
20
15
14
23
25
24
17
20
19
15
29
23
24
28
33
26
18
24
21
27
21
23
23
18
23
15
17
19
24
31
18
20
20
22
16
24
19
18
22
25
12
26
17
19
13
14
19
21
17
18
11
22
9
21
19
17
11
14
14
21
18
19
13
19
18
22
15
18
17
14
17
9
10
16
27
26
22
11
11
17
17
15
15
10
15
14
20
17
16
16
13
14
20
19
18
17
11
18
15
16
14
12
11
16
10
21
22
19
15
12
15
14
17
8
21
14
17
6
16
15
14
15
18
9
12
9
9
13
17
18
13
8
11
8
12
17
13
10
14
17
14
14
14
15
13
21
17
11
18
23
15
9
13
10
20
9
11
12
13
12
11
15
15
14
16
9
12
16
7
16
15
15
11
10
10
16
15
7
13
16
16
14
11
8
6
14
16
11
24
7
7
11
10
7
14
10
10
8
9
13
12
14
10
7
7
6
7
9
17
7
12
14
13
8
10
12
6
14
9
13
14
13
13
11
17
7
12
13
10
12
11
16
14
10
7
14
16
7
15
9
10
14
7
8
9
12
5
9
9
9
8
4
10
10
13
10
13
9
13
8
7
7
11
11
7
12
10
13
7
13
6
11
5
10
7
5
7
12
4
10
9
14
14
13
5
12
15
10
6
8
6
5
2
6
7
7
11
10
9
5
3
9
6
12
8
4
3
7
8
7
19
10
6
6
3
6
13
8
12
14
11
4
5
10
9
2
6
16
13
5
9
7
3
8
7
7
9
5
5
11
8
9
5
11
6
6
8
6
5
8
9
2
7
7
9
6
8
8
9
6
5
5
6
8
5
10
11
7
7
6
5
4
11
9
2
8
0
9
9
10
5
3
3
5
4
3
8
11
6
4
8
10
5
3
3
5
5
7
6
2
8
4
2
2
2
5
4
6
14
11
7
4
8
5
4
7
3
5
5
5
7
7
5
4
8
6
6
3
5
9
7
8
8
4
4
5
3
3
4
9
6
7
4
4
4
5
5
7
5
6
4
8
4
7
7
6
8
6
5
6
2
4
2
10
5
9
2
11
5
5
5
3
3
2
4
8
4
5
6
6
1
5
6
4
7
5
3
4
3
3
4
7
5
3
6
4
2
5
8
3
3
4
5
5
4
6
8
3
2
3
7
5
10
6
4
5
10
3
6
3
2
4
1
4
2
5
4
5
6
6
4
1
2
5
6
4
5
7
3
6
4
5
4
9
2
5
1
4
4
3
3
2
5
6
9
6
3
1
2
5
2
4
6
6
9
6
2
2
2
7
7
6
3
3
7
2
8
5
3
5
0
3
4
8
3
4
1
6
7
2
4
6
1
4
5
5
4
5
4
3
2
5
2
5
8
3
0
6
3
3
5
4
5
3
5
1
2
3
6
1
6
5
3
2
5
1
6
10
2
1
5
3
7
5
3
3
5
3
4
1
5
4
2
1
4
5
6
5
3
4
4
0
2
7
5
3
3
5
5
4
4
5
1
5
5
3
2
3
4
5
1
4
3
2
4
4
2
0
2
4
3
1
2
3
3
4
2
3
1
5
3
4
4
3
5
3
3
4
2
1
5
8
4
5
4
4
1
4
4
4
2
2
7
0
3
5
1
2
3
2
4
4
7
2
4
3
2
6
2
2
4
4
3
4
3
3
6
4
3
0
3
2
4
5
1
3
2
4
6
1
1
2
3
2
4
4
2
0
1
5
6
6
3
2
3
2
6
3
1
3
6
4
1
3
1
3
2
6
1
5
6
5
3
1
0
2
2
2
1
3
3
1
4
4
2
5
3
0
1
2
6
1
2
3
2
6
6
3
2
2
2
5
1
2
3
2
2
1
2
6
1
1
3
5
1
5
3
3
3
2
5
3
1
2
1
3
6
3
3
1
1
3
1
3
1
2
6
1
1
1
0
4
3
1
4
1
2
1
3
2
3
2
4
3
5
3
7
4
7
2
3
5
2
5
2
5
5
2
2
1
2
5
4
0
2
4
2
1
0
2
3
1
4
2
3
0
4
2
1
3
4
3
1
3
1
4
2
3
1
6
2
3
3
5
2
4
3
2
0
3
2
1
3
3
3
1
2
4
2
3
4
1
3
6
7
5
1
0
4
5
1
2
0
2
1
4
2
2
1
1
0
5
3
3
2
4
4
4
4
2
7
5
6
4
3
4
3
2
1
6
6
4
2
6
4
2
5
2
2
6
3
2
2
7
3
5
3
1
2
3
4
2
1
1
1
6
2
4
0
3
3
4
2
4
3
3
2
2
4
3
3
4
1
5
3
2
3
1
1
1
2
1
1
0
0
4
3
4
2
7
2
2
3
4
0
0
4
2
1
0
4
1
1
1
2
0
2
0
1
1
2
2
5
2
1
2
1
2
4
0
1
2
1
5
1
2
1
2
1
3
0
3
1
3
0
3
0
2
0
0
2
1
1
1
2
3
1
0
1
1
3
1
1
0
3
3
2
2
1
0
1
1
1
2
2
2
1
1
3
3
0
1
1
1
1
1
3
3
2
1
0
1
2
3
2
1
0
3
3
1
3
3
3
1
5
1
1
3
2
4
0
0
2
0
1
2
4
0
4
2
2
1
1
1
0
0
0
2
0
1
3
1
1
4
1
2
0
4
2
1
4
1
1
1
0
1
1
3
2
1
0
3
1
1
2
1
0
1
3
2
1
1
5
3
1
1
0
3
2
1
2
2
0
0
2
5
1
1
1
1
1
2
1
0
0
1
1
2
1
2
1
0
0
2
1
1
1
2
1
1
0
3
3
1
2
0
0
1
1
2
0
1
0
0
2
2
0
2
0
1
1
4
2
2
2
1
1
2
2
0
1
0
4
2
1
2
4
2
0
1
1
1
2
3
2
2
2
0
1
4
2
1
0
0
1
2
2
2
0
1
3
0
1
0
1
3
1
1
1
2
1
1
1
1
1
1
2
1
1
0
1
5
1
5
0
0
1
2
2
1
0
3
0
0
0
1
0
1
2
2
2
2
0
1
1
2
1
3
1
2
3
2
1
1
1
1
2
2
4
4
1
2
1
0
0
1
0
0
1
2
1
0
2
0
0
0
0
4
1
0
4
1
1
3
0
2
1
3
3
0
1
1
0
4
0
1
0
2
3
2
2
0
3
1
3
0
2
0
0
1
1
1
2
3
1
1
4
2
2
1
2
1
0
2
0
3
2
0
3
2
2
3
1
1
1
4
1
3
2
2
1
1
1
0
1
0
2
0
2
2
5
1
2
0
0
0
1
1
0
1
0
0
0
0
1
1
2
1
4
0
0
0
0
0
4
0
2
0
0
5
0
1
0
0
2
1
3
0
2
1
1
3
0
0
3
0
2
1
3
0
2
3
4
0
0
1
0
2
0
3
0
0
0
1
2
2
2
1
0
1
0
1
1
2
0
1
0
1
2
3
3
2
2
0
3
0
3
1
1
0
2
1
1
0
2
0
0
1
2
0
2
0
2
0
1
2
1
2
0
4
2
1
0
1
4
0
1
2
2
0
1
0
2
3
0
2
0
1
0
2
0
0
1
0
4
0
1
0
1
1
0
1
2
2
0
2
4
0
0
2
1
2
2
0
3
2
0
0
1
0
2
0
1
0
1
2
0
2
0
1
1
1
0
2
2
2
3
2
0
1
1
1
1
2
4
0
1
1
1
2
1
2
1
2
0
1
0
2
0
0
0
1
2
0
1
1
2
0
0
1
2
1
2
1
1
0
1
4
4
1
1
2
0
1
0
2
0
1
1
1
1
0
2
1
1
0
1
2
1
0
1
2
3
2
0
2
3
1
1
0
2
1
1
1
3
2
1
2
0
1
2
0
3
0
1
0
3
0
1
2
1
1
1
1
2
2
1
4
1
0
1
2
1
4
0
2
2
1
1
2
0
2
0
3
0
0
2
0
0
0
1
2
0
3
1
1
0
2
2
0
2
2
1
5
2
0
1
1
0
1
0
1
1
1
2
0
2
2
0
0
1
0
1
3
2
2
2
3
2
1
1
3
4
1
0
1
4
4
0
1
0
0
2
0
2
0
2
1
0
2
0
0
5
0
3
1
0
2
2
3
2
2
0
1
0
1
2
0
1
1
1
0
0
0
1
0
1
1
2
1
2
2
0
0
0
2
3
3
1
1
3
0
2
1
0
2
2
0
3
0
0
1
2
1
4
4
1
2
0
0
2
1
1
0
4
1
1
1
0
0
0
1
0
0
3
1
0
0
0
0
1
1
2
1
0
0
0
1
2
2
0
0
0
0
1
0
2
1
1
0
3
2
0
2
0
1
0
0
0
0
2
2
0
3
1
0
0
1
0
0
2
1
0
1
0
2
1
1
1
3
2
1
1
1
0
2
1
1
2
2
3
1
2
2
0
0
0
2
1
2
1
1
1
1
1
0
0
1
0
0
2
1
0
1
1
1
1
1
0
2
3
3
0
0
1
1
0
3
0
0
2
0
0
1
1
2
0
3
3
2
1
2
0
0
0
0
0
2
1
0
0
0
1
0
0
1
1
1
1
1
0
2
1
2
2
0
1
0
1
0
0
0
1
0
0
1
1
0
0
2
2
1
0
1
3
1
0
0
3
0
1
1
1
1
0
0
0
1
1
1
2
0
1
0
0
2
1
0
1
1
2
0
1
1
0
2
1
0
2
2
0
0
0
2
1
0
1
0
2
0
0
0
1
1
2
0
1
0
0
1
1
1
1
0
2
2
0
1
0
3
1
2
0
1
0
2
2
0
0
2
0
0
0
1
1
0
0
1
3
0
1
1
2
0
0
0
0
1
0
0
0
0
0
0
0
0
0
0
1
1
0
2
1
0
0
1
1
0
0
0
0
1
0
1
2
0
0
0
2
0
0
1
0
2
0
0
0
0
0
1
0
2
0
2
2
1
1
1
0
0
2
0
1
0
0
1
1
1
0
1
0
0
0
0
2
0
0
0
0
1
1
4
0
2
1
1
0
1
0
0
0
0
0
0
0
0
0
2
1
0
0
0
0
2
2
0
1
0
1
0
0
1
0
0
0
1
1
1
0
0
1
0
1
0
0
2
2
0
0
2
0
0
1
1
0
0
1
1
1
0
0
1
0
1
0
0
1
0
3
0
1
2
0
0
0
2
2
1
0
0
1
2
0
0
1
2
1
1
1
1
0
1
0
1
1
1
0
0
1
1
2
0
0
1
1
0
3
0
0
0
1
1
0
1
1
0
1
2
1
1
1
3
0
0
0
2
1
0
2
0
0
1
2
0
0
1
0
0
0
1
2
0
0
1
1
0
1
2
2
1
0
0
1
0
0
0
0
0
1
1
0
0
1
0
1
0
1
1
0
0
1
0
1
0
0
1
0
0
0
3
0
0
2
1
2
0
1
0
1
0
0
0
1
1
2
0
1
3
0
1
0
1
0
1
1
0
2
0
0
0
0
1
2
1
0
1
2
1
1
0
1
0
0
0
0
1
0
0
1
0
0
0
2
3
1
1
0
0
1
2
1
3
0
2
0
0
0
0
1
2
1
0
2
0
0
1
0
0
2
0
2
1
0
0
1
0
0
0
0
0
1
0
1
0
0
0
1
1
0
0
0
1
1
1
0
0
1
2
0
0
1
0
0
2
2
0
0
1
1
1
0
0
1
0
0
0
1
0
1
2
1
1
1
1
0
2
2
0
2
2
2
1
0
1
0
1
0
0
1
1
1
0
0
0
2
1
1
0
0
0
0
1
0
1
0
0
1
0
0
1
0
1
0
0
1
0
0
0
1
1
0
1
0
0
0
2
0
0
0
0
1
0
0
3
2
0
0
0
0
0
0
2
0
2
1
1
1
0
0
2
2
0
2
0
0
0
0
2
1
0
0
1
0
2
0
0
0
0
0
0
0
1
0
0
0
1
0
1
0
2
0
0
0
0
0
0
0
0
1
0
0
0
0
0
0
0
1
0
1
1
0
0
3
0
0
0
0
0
0
0
1
0
1
1
0
0
2
0
0
1
0
0
1
1
1
0
0
1
2
1
0
0
0
2
0
0
0
0
0
0
0
0
0
0
0
1
0
0
0
2
1
0
0
0
0
0
0
0
2
0
1
1
1
0
0
0
0
1
0
1
0
0
0
1
0
2
0
0
0
0
0
0
2
0
0
2
0
0
0
1
0
0
1
0
1
0
0
0
3
0
0
0
1
0
0
0
1
0
1
0
0
1
1
0
0
1
0
0
1
0
0
0
1
0
1
1
0
0
0
1
0
0
0
0
2
0
0
0
0
1
0
0
1
0
0
0
1
0
1
0
0
1
0
0
0
0
0
1
0
0
0
1
1
0
1
1
1
0
0
0
0
0
0
1
0
1
1
1
1
0
0
0
0
1
0
0
0
0
0
1
3
2
0
0
0
0
0
0
0
0
0
1
0
1
0
0
0
0
0
0
0
0
1
0
0
1
0
0
1
0
1
2
0
1
1
0
0
0
0
0
0
1
0
1
2
1
1
1
0
1
2
0
0
0
0
1
0
0
1
1
1
0
0
1
1
2
1
0
0
2
1
0
1
0
1
0
0
0
0
0
0
1
0
1
0
0
0
0
0
0
0
0
0
0
1
1
1
0
0
0
0
0
0
1
2
0
0
1
1
0
1
0
1
1
1
0
0
0
1
1
0
0
0
1
0
0
0
0
0
2
2
0
0
0
0
0
2
0
1
2
0
0
0
0
0
0
0
1
1
1
0
0
0
0
1
0
1
0
0
1
0
0
0
1
1
0
0
0
0
0
0
0
0
0
0
2
0
0
1
0
0
0
1
0
1
0
0
0
0
0
0
0
1
0
0
0
0
0
0
1
2
1
0
0
1
2
0
1
0
0
1
0
1
0
0
0
1
0
0
2
2
1
1
1
0
0
1
0
0
0
0
0
0
0
1
1
0
0
2
0
0
1
2
1
0
0
1
0
2
1
1
1
3
1
1
0
0
0
1
0
1
0
1
0
0
1
0
1
1
1
0
0
1
2
1
1
0
1
1
1
0
1
0
4
1
0
1
0
2
0
0
3
1
2
1
0
1
1
1
1
0
0
0
0
1
0
1
1
0
2
1
1
1
1
1
0
1
1
1
1
0
0
1
0
0
1
1
0
0
0
0
1
1
0
0
1
0
0
0
0
0
1
0
0
1
0
0
0
0
0
1
1
2
2
2
1
0
1
0
1
1
0
0
0
0
1
0
2
3
0
1
0
1
1
2
1
2
1
0
1
0
1
2
1
2
0
1
0
2
2
0
0
0
2
1
0
0
1
0
1
0
0
0
0
0
0
0
0
1
0
0
0
1
0
0
0
1
1
0
0
3
0
2
0
0
0
0
1
0
0
0
1
0
0
2
0
0
0
0
0
0
0
0
0
1
0
0
0
0
1
1
0
0
1
0
0
0
0
0
1
0
1
0
0
0
0
0
0
0
0
0
1
0
1
0
0
0
1
0
0
0
1
0
0
1
0
1
0
1
0
0
1
2
0
0
0
1
2
1
0
0
2
1
0
0
0
1
0
0
0
0
0
1
1
1
0
0
0
0
0
1
0
0
0
0
0
0
0
0
0
0
0
0
1
0
0
0
0
0
1
1
0
0
0
0
0
0
0
0
0
0
0
0
1
0
0
0
1
0
0
1
1
0
0
0
0
0
0
0
1
0
0
0
0
1
0
1
0
0
0
0
2
0
0
0
0
1
0
0
0
0
0
