0
0
0
0
0
0
0
0
0
0
0
0
0
0
0
0
0
0
0
0
0
0
0
0
0
0
0
0
0
0
0
0
0
0
0
0
0
0
0
0
0
0
0
0
0
0
0
0
0
0
0
0
0
0
0
0
0
0
0
0
0
0
0
0
0
0
0
0
0
0
0
0
0
0
0
0
0
0
0
0
0
0
0
0
0
0
0
0
0
0
0
0
0
0
0
1
0
0
0
0
0
0
0
0
0
0
0
0
0
0
0
0
0
0
1
0
0
0
0
1
0
1
0
0
0
0
0
0
0
0
0
1
1
0
0
0
1
0
0
0
1
0
0
0
0
0
2
0
1
0
0
0
0
1
0
2
1
1
1
0
4
1
1
2
3
3
2
2
6
2
4
2
7
3
8
11
9
12
13
9
14
12
19
22
21
19
30
22
30
34
37
37
47
36
56
54
44
49
67
48
64
61
55
55
57
65
52
74
60
66
60
45
58
57
55
52
48
49
76
61
54
62
72
66
65
84
62
54
55
40
69
52
58
66
46
48
53
71
56
54
51
61
53
61
62
66
63
46
45
62
51
54
68
40
56
62
53
57
63
53
52
48
51
54
64
45
58
63
62
64
64
74
51
67
67
70
56
60
49
67
63
76
69
56
60
79
78
67
62
63
66
61
58
85
65
61
71
71
75
69
78
61
79
76
71
74
68
90
60
74
78
76
76
74
74
62
79
80
72
73
78
64
78
74
69
67
68
58
71
70
85
62
62
91
70
77
79
61
60
76
77
57
76
69
60
57
70
65
57
61
73
62
59
66
63
73
56
62
69
62
60
61
49
54
61
49
54
60
64
53
52
56
58
34
45
53
44
67
57
54
48
52
50
57
56
43
43
50
51
56
52
45
75
68
43
45
61
42
61
54
40
60
44
63
56
62
55
50
60
55
50
61
38
55
52
45
43
47
45
55
50
46
57
57
41
41
57
55
38
53
52
43
49
49
39
53
47
57
45
47
43
50
61
50
45
52
56
44
58
46
52
54
50
57
46
40
36
39
51
47
50
43
32
38
49
46
51
29
42
42
43
44
44
40
27
47
43
37
39
42
45
48
38
37
49
51
33
48
40
39
47
46
43
43
31
47
44
47
33
45
41
38
34
41
31
40
31
42
38
36
26
32
49
31
45
44
34
41
33
36
24
36
38
36
40
26
46
20
35
39
33
34
39
40
25
31
24
35
40
29
43
28
31
26
25
31
30
33
26
36
43
33
34
37
25
39
33
28
18
36
38
33
31
30
29
38
36
35
32
30
27
34
32
24
30
33
30
35
29
27
28
30
26
19
24
34
25
39
38
26
31
33
36
34
22
15
25
24
35
29
34
24
30
22
28
32
30
27
37
34
34
32
24
21
31
32
34
37
30
31
23
34
25
30
26
32
18
19
29
18
23
34
30
19
16
29
23
18
27
25
28
27
34
18
18
27
24
30
20
27
21
25
19
26
21
33
26
28
21
28
26
40
15
22
21
23
21
19
30
21
26
26
28
29
23
19
36
27
22
14
30
21
26
21
20
30
22
19
23
29
25
23
18
15
26
18
26
11
22
21
29
21
16
20
24
15
27
16
19
21
21
21
28
24
22
19
19
23
25
21
29
26
18
23
18
17
15
18
17
12
19
22
14
11
12
16
20
22
21
14
19
15
11
11
18
14
18
10
11
14
11
12
16
17
8
15
17
16
13
11
14
12
10
18
12
15
19
19
17
11
19
9
19
13
12
26
15
16
11
15
10
15
18
15
14
15
14
11
15
16
18
7
12
11
14
12
18
16
6
19
16
13
12
16
10
18
13
10
19
12
14
15
15
16
8
10
7
9
8
18
11
14
11
12
20
10
17
11
14
9
11
15
13
16
11
13
12
8
12
11
7
12
10
15
15
12
9
11
14
14
11
12
6
11
12
16
12
14
15
9
9
11
14
15
13
12
12
11
15
9
8
10
10
17
10
15
7
17
10
11
18
8
7
14
14
14
6
11
8
8
6
12
9
11
6
11
12
13
11
14
11
5
7
7
8
6
8
6
9
9
12
5
13
7
10
11
10
7
10
3
11
11
15
13
9
8
13
12
11
9
4
12
6
6
8
8
9
9
3
13
10
9
9
9
6
6
6
11
10
11
8
19
6
13
11
11
14
10
15
8
16
7
7
9
9
15
8
11
11
12
8
8
9
8
14
11
6
5
8
4
4
11
5
5
6
10
5
9
9
6
9
13
15
10
4
5
7
8
12
6
10
7
7
10
10
7
8
3
10
6
9
3
3
6
7
9
7
8
4
6
4
10
9
4
6
3
7
8
11
9
8
7
4
5
6
9
5
10
8
6
4
4
6
5
12
8
6
6
5
3
7
1
5
7
9
8
12
8
6
8
3
9
4
4
4
4
5
4
5
4
8
5
4
4
6
10
6
3
5
5
9
4
7
4
6
4
4
4
8
4
7
3
4
4
2
6
4
5
4
6
5
6
5
7
4
6
4
7
7
9
2
6
3
7
6
3
5
7
2
2
9
5
4
4
6
4
4
7
9
3
4
9
2
5
6
6
10
3
4
7
6
5
7
6
5
7
4
2
5
5
4
6
3
4
3
4
4
5
7
5
7
6
5
4
0
2
4
3
5
6
3
10
4
4
2
3
1
5
3
3
4
6
3
4
3
5
6
7
8
2
2
3
5
4
5
0
5
3
1
8
2
2
6
5
9
6
5
3
4
4
3
8
5
4
6
6
4
0
3
4
4
3
2
8
2
5
8
2
2
6
1
7
2
4
5
1
6
4
2
2
5
3
4
3
5
4
2
3
1
4
6
5
4
7
3
1
6
6
6
4
3
3
1
3
4
2
2
3
1
0
3
3
2
2
2
1
3
3
3
3
1
4
3
7
3
1
7
4
4
3
2
7
1
3
3
6
6
5
4
3
4
5
5
4
5
5
2
1
6
4
5
3
1
7
2
4
5
7
4
0
8
3
4
2
3
5
3
3
3
4
3
1
3
3
2
6
5
3
4
1
3
5
3
4
4
7
2
4
3
3
2
2
6
5
4
5
3
3
4
6
5
1
5
5
3
1
2
2
4
3
3
1
3
1
0
3
2
4
6
4
3
1
2
7
0
2
1
3
4
5
2
2
4
3
5
7
2
1
8
2
5
1
3
4
4
0
1
3
3
5
2
6
7
4
4
8
1
1
1
2
5
3
6
1
3
5
1
3
1
5
1
5
2
3
0
9
2
4
3
2
3
6
3
6
4
3
1
1
1
3
3
5
3
5
2
2
4
1
4
5
1
4
3
3
1
2
5
4
2
3
3
3
1
0
3
4
4
3
3
5
4
4
4
5
2
2
2
8
3
2
4
4
4
2
0
5
4
3
4
4
2
1
1
2
4
1
4
0
5
0
2
1
2
4
3
6
3
4
3
1
1
5
4
3
3
2
3
2
5
2
0
4
6
2
4
0
2
5
3
2
3
0
1
0
1
3
0
3
5
1
5
2
1
2
1
5
5
2
1
2
6
3
5
4
0
2
1
6
3
2
1
7
2
3
4
6
4
3
1
0
5
7
4
1
0
6
7
7
0
6
4
4
3
3
6
3
2
4
3
4
2
2
5
2
1
0
5
2
2
2
5
3
2
2
4
2
1
1
3
0
4
2
3
7
2
1
3
0
3
0
5
8
3
1
2
3
2
3
3
1
6
5
1
1
3
4
2
3
4
1
0
5
3
6
2
3
3
4
0
2
1
3
3
3
1
1
3
5
3
0
7
1
2
2
1
3
3
4
2
3
3
4
1
1
4
2
4
4
2
3
2
2
2
1
1
4
0
4
2
6
2
4
1
4
2
3
6
0
2
5
5
1
4
2
3
1
2
2
2
2
3
1
1
2
1
1
1
4
0
0
3
4
1
1
1
2
3
2
1
1
3
4
2
2
2
3
2
1
1
1
2
0
2
0
1
4
1
1
1
1
2
4
1
0
2
1
2
1
0
3
4
1
1
0
1
2
2
4
2
3
3
1
1
1
2
2
5
2
4
2
2
0
1
2
2
0
0
0
0
1
1
1
2
1
1
1
3
1
1
1
2
1
0
3
1
2
0
1
3
1
2
3
0
1
1
2
2
0
2
1
2
3
2
2
3
4
2
3
0
0
0
2
0
5
3
1
2
1
0
1
2
1
1
1
4
1
2
2
0
3
3
0
2
2
2
1
2
1
4
3
2
1
3
0
2
1
1
3
0
2
1
3
3
1
1
0
2
2
2
2
0
0
0
0
2
0
1
0
1
2
1
2
1
1
0
0
3
2
2
0
0
3
1
1
0
1
4
3
1
1
2
1
1
0
1
3
1
1
2
6
1
3
0
0
3
3
1
1
0
3
1
2
3
2
1
0
3
4
4
1
1
3
2
1
0
4
1
1
1
1
2
2
2
6
4
2
1
1
1
0
1
2
1
1
1
1
2
2
0
3
2
2
2
0
4
1
1
0
0
0
0
2
1
1
1
1
1
2
1
2
3
1
3
2
2
0
0
2
2
4
0
2
1
1
5
4
5
3
0
0
2
2
3
2
1
1
3
0
2
1
2
2
0
1
3
2
2
3
1
0
1
1
1
1
0
2
4
0
1
2
0
2
1
3
2
3
0
2
3
2
5
1
1
1
1
0
1
1
2
2
0
1
0
2
4
0
1
1
0
1
1
1
0
1
2
1
2
2
1
0
1
0
0
1
1
1
1
1
1
1
0
1
2
2
1
0
0
0
0
1
1
1
1
0
1
1
0
1
0
1
1
0
1
2
1
1
1
1
1
5
3
1
3
2
0
2
0
0
0
1
3
1
1
3
2
0
0
2
1
4
1
1
1
1
0
3
3
0
1
1
0
4
2
0
3
1
0
2
1
0
1
0
0
1
1
2
1
0
4
3
1
0
1
0
4
1
0
2
0
1
3
4
0
1
1
5
1
1
2
1
2
2
0
0
2
1
0
3
0
0
0
1
2
1
3
0
1
1
3
1
6
3
4
1
1
0
4
0
1
0
2
2
1
0
2
1
1
1
0
2
2
1
0
0
4
3
0
1
1
3
2
0
2
0
0
1
2
3
2
0
2
1
3
1
2
1
0
1
0
2
2
2
0
0
0
1
1
0
1
0
0
1
2
1
2
3
2
0
1
1
2
2
0
2
3
3
1
3
2
2
1
2
0
1
2
2
1
3
2
0
0
0
2
0
1
1
2
0
1
2
0
1
1
1
1
0
2
0
1
1
2
1
0
2
1
1
1
1
0
3
1
1
2
0
0
0
2
1
2
0
3
1
1
4
0
0
2
0
1
1
2
3
0
0
1
3
2
1
0
1
1
2
0
1
2
1
2
1
3
1
0
1
1
0
1
0
3
1
2
0
2
1
1
0
2
3
0
3
0
1
1
1
1
2
3
0
0
1
1
2
0
0
1
1
2
3
1
1
2
0
1
2
2
0
1
1
1
0
1
0
0
2
3
2
2
2
0
1
0
0
0
0
0
2
0
3
0
0
2
0
3
0
1
3
2
1
2
2
1
0
0
2
2
0
1
2
0
1
0
1
2
1
2
1
0
1
0
2
2
1
0
0
1
1
1
1
3
2
0
2
2
0
1
1
2
0
3
0
1
0
2
0
1
1
0
1
1
2
2
0
1
1
0
0
1
1
1
0
0
2
0
0
1
1
0
2
3
2
0
0
1
0
1
2
4
1
0
3
2
0
0
2
0
2
0
1
0
1
1
1
1
0
0
0
2
0
2
1
0
3
1
1
3
0
1
0
0
2
0
1
0
1
1
1
3
3
1
0
3
0
1
2
4
2
0
1
0
0
0
1
0
1
1
1
2
0
0
0
1
4
0
1
1
1
3
0
0
0
1
1
1
0
0
0
1
4
1
2
0
2
2
2
1
1
2
2
1
0
0
0
0
1
0
1
0
1
0
1
0
0
3
1
1
1
0
1
1
1
1
0
1
0
1
0
0
0
1
0
1
1
2
0
1
2
1
0
2
0
0
1
1
0
0
1
1
0
0
0
1
0
1
2
1
1
1
0
0
1
0
0
1
0
0
1
0
1
0
0
3
2
1
0
1
1
1
0
1
0
2
1
0
3
0
0
1
2
1
0
1
0
0
2
2
0
0
0
1
0
0
2
2
1
0
0
2
1
1
0
0
0
0
0
1
2
1
0
0
2
0
0
0
1
1
0
2
0
0
0
2
1
1
1
2
1
1
0
0
0
1
0
1
2
1
2
3
0
0
3
0
1
0
0
1
0
0
0
0
1
0
1
2
1
0
0
1
1
0
0
2
1
0
1
1
0
1
1
1
0
1
2
0
2
0
0
1
1
0
0
0
0
1
1
0
1
2
1
2
1
0
0
2
2
0
1
1
0
2
0
1
1
0
1
2
1
1
0
1
0
0
0
1
2
0
0
0
2
1
1
1
2
2
2
1
1
2
0
0
0
0
2
0
2
2
0
0
1
1
1
0
1
3
0
1
1
1
1
1
1
0
2
0
0
1
1
0
2
3
1
0
1
2
0
2
1
1
2
0
1
1
1
1
0
3
0
0
0
1
0
1
3
0
0
0
1
0
0
1
1
1
2
1
2
1
1
0
0
1
1
0
1
1
0
0
0
1
0
1
0
1
0
2
0
0
0
0
0
0
0
1
2
0
0
1
1
0
0
0
0
0
2
0
0
0
0
0
1
2
1
3
0
0
2
2
1
2
0
0
2
0
0
0
1
1
1
1
1
1
1
1
0
0
1
0
0
0
2
1
0
1
1
0
3
0
1
0
3
0
3
1
2
0
1
0
0
3
1
1
2
0
0
1
1
0
1
0
0
3
1
1
3
0
0
0
1
1
2
0
1
3
0
1
0
0
1
0
1
0
0
0
2
0
0
1
1
2
0
1
1
0
0
0
0
0
0
0
1
2
0
0
1
0
1
0
2
2
0
0
0
0
1
0
0
0
0
2
0
1
1
1
0
0
1
0
0
0
2
0
1
0
0
0
1
0
3
0
1
2
2
0
0
1
0
1
0
0
1
0
0
0
1
0
1
0
1
0
1
0
1
0
0
0
0
0
1
2
2
1
3
1
0
0
0
0
0
0
0
0
1
0
0
0
1
0
0
0
1
1
0
0
1
1
1
0
1
1
1
1
0
0
0
1
1
1
2
0
2
2
0
1
1
0
0
0
0
0
0
1
0
0
1
0
1
0
1
0
1
0
0
2
1
0
1
0
0
0
1
2
2
1
1
2
0
0
1
0
1
0
0
1
0
1
0
1
0
0
0
0
0
2
3
0
0
3
1
1
1
0
0
1
0
0
1
3
0
1
0
1
0
0
0
1
1
1
1
0
0
3
1
0
0
3
0
0
0
0
0
0
0
0
0
1
3
0
1
1
1
2
0
0
0
0
0
0
0
0
1
0
1
1
0
0
0
0
1
0
1
0
0
0
0
0
0
0
1
1
0
0
0
0
0
1
0
1
0
2
1
1
0
1
0
0
0
0
1
0
1
0
0
2
0
1
1
0
0
0
1
0
1
1
0
0
0
0
1
0
1
0
0
1
0
1
0
2
2
0
0
0
1
0
1
2
1
0
0
0
0
0
0
0
1
0
0
0
0
0
0
1
1
1
0
0
0
1
0
0
0
0
0
1
0
0
0
0
0
0
3
0
0
0
0
1
0
0
0
0
0
1
0
1
0
0
0
0
0
0
2
0
1
1
0
0
1
1
0
0
0
0
1
0
0
0
2
0
0
0
0
1
0
1
0
0
1
0
1
0
1
0
0
0
0
0
0
1
0
2
0
0
0
1
0
1
1
1
0
0
0
0
0
0
0
0
2
0
0
1
0
0
0
0
2
0
2
0
0
1
0
0
0
0
0
0
0
0
0
0
0
1
1
1
1
0
0
0
0
0
0
0
1
0
0
0
1
1
1
0
0
1
1
0
1
0
0
0
1
0
0
0
0
0
0
1
0
0
1
1
1
0
0
0
1
0
0
0
0
0
0
0
1
0
1
1
0
0
1
1
0
0
0
0
0
0
0
1
1
0
0
0
0
0
0
0
0
2
0
0
0
0
1
1
0
0
1
1
0
1
0
0
0
0
0
0
1
0
0
0
0
1
0
1
1
0
2
0
0
0
0
0
0
0
1
0
1
3
0
0
1
0
0
1
1
0
0
1
1
0
1
1
0
0
0
0
0
2
1
0
0
1
1
0
0
1
0
0
1
0
0
0
1
0
1
0
2
4
0
0
1
2
0
0
1
0
0
1
0
1
2
2
0
0
1
1
1
0
0
1
1
0
0
0
1
0
0
1
0
1
0
0
1
0
1
0
0
0
1
1
2
0
0
0
0
3
2
1
0
0
0
1
1
1
1
0
0
0
1
0
0
0
1
1
0
1
0
0
1
1
1
0
0
0
0
0
0
0
0
2
1
0
0
0
0
0
0
1
0
0
1
1
2
2
1
4
2
1
1
3
0
1
0
0
1
1
1
0
1
1
2
1
0
1
1
1
0
1
0
4
1
0
1
1
0
0
3
1
2
0
0
4
1
0
1
2
1
1
0
1
1
0
1
2
0
0
0
0
0
1
2
1
2
0
1
0
1
1
0
1
0
0
1
0
0
1
0
0
0
2
1
1
0
2
1
1
0
0
1
0
2
2
1
1
1
0
1
1
0
1
1
1
1
1
3
0
0
0
0
0
1
1
1
0
1
2
0
1
0
0
1
0
1
1
2
0
0
2
1
1
0
1
0
0
0
0
1
0
0
0
0
0
0
0
0
2
1
0
0
0
0
1
1
1
0
0
0
0
0
1
0
0
2
0
0
2
0
0
0
0
0
0
1
0
0
1
1
0
0
1
0
0
0
0
1
1
0
1
0
2
0
0
0
0
0
1
2
1
0
0
0
0
1
1
0
0
0
0
0
0
0
1
1
0
1
0
0
1
0
0
0
0
0
0
0
0
2
0
0
0
0
2
1
1
0
0
0
1
0
0
0
0
2
1
0
0
0
0
0
0
0
0
0
0
1
1
0
1
0
0
0
0
1
1
0
0
1
0
0
0
0
0
0
0
0
0
1
1
0
0
0
0
0
0
0
0
0
1
0
0
0
0
1
0
1
1
0
0
0
0
0
0
1
2
1
0
0
0
1
0
0
0
0
1
0
0
0
0
1
1
1
2
1
0
1
0
0
0
0
1
0
1
0
0
0
0
1
1
0
0
0
