8
0
0
0
0
1
0
1
0
1
1
0
0
1
1
0
3
1
0
2
1
0
3
0
1
0
0
1
0
2
0
0
0
2
1
2
1
2
0
0
1
0
0
0
0
3
0
2
0
4
3
2
0
2
3
1
5
3
3
4
5
2
3
2
5
3
8
4
3
9
5
4
6
5
6
7
10
18
8
12
6
22
14
20
13
14
18
30
17
20
27
18
36
26
21
31
33
39
42
39
40
44
48
41
52
51
57
70
53
66
57
71
57
70
76
75
81
100
115
103
80
101
99
100
106
114
121
134
112
124
137
142
151
143
161
132
142
169
173
166
175
177
175
189
195
208
235
255
223
245
204
230
257
263
294
311
302
285
306
311
341
352
342
388
401
358
385
400
425
481
475
464
489
491
493
494
526
536
524
590
559
617
657
653
614
696
701
662
698
770
782
704
760
802
840
835
807
889
869
896
897
965
914
909
930
976
936
1038
1037
1096
1054
1032
1044
1077
1148
1147
1128
1088
1095
1148
1176
1191
1182
1255
1230
1252
1200
1293
1259
1271
1235
1233
1257
1314
1347
1345
1364
1355
1365
1331
1307
1367
1397
1357
1417
1413
1343
1484
1405
1407
1461
1427
1420
1428
1421
1372
1426
1447
1488
1470
1425
1467
1514
1452
1461
1468
1487
1554
1441
1527
1415
1527
1489
1502
1451
1570
1530
1539
1478
1491
1481
1517
1524
1596
1476
1525
1541
1556
1541
1507
1462
1528
1590
1537
1519
1495
1507
1594
1529
1589
1604
1538
1593
1517
1535
1547
1571
1600
1523
1577
1602
1595
1502
1552
1585
1581
1629
1685
1558
1557
1525
1571
1569
1641
1624
1621
1605
1685
1647
1620
1612
1641
1593
1627
1616
1602
1640
1631
1659
1676
1621
1666
1662
1616
1690
1710
1664
1705
1590
1642
1672
1637
1706
1613
1676
1690
1709
1684
1668
1734
1683
1687
1769
1709
1696
1727
1731
1689
1713
1695
1731
1775
1744
1754
1735
1744
1715
1826
1743
1850
1780
1820
1744
1781
1854
1809
1771
1802
1757
1792
1807
1835
1832
1866
1728
1797
1870
1753
1801
1876
1821
1847
1887
1849
1905
1841
1923
1950
1873
1977
1905
1909
1885
1923
1908
1914
1935
1985
1943
1990
1925
1978
1944
1953
1943
1904
2000
2001
1952
1984
1963
1992
1869
2018
1996
2021
1990
1875
2026
1996
2039
1937
1918
2019
2032
2019
1995
1993
2003
1999
2078
2015
2066
2016
2071
2035
1939
2000
2008
1970
1975
1895
1963
2025
1898
2038
2009
1989
1975
2061
1955
2072
2045
2040
2027
1941
1905
2024
2086
1965
1972
2029
1934
1965
1989
1980
1932
1909
2012
2008
1959
2046
1901
1930
2020
1886
1955
1910
1979
1967
2029
1897
1863
1954
1942
1917
1875
1878
1883
1997
1826
1875
1936
1840
1806
1878
1854
1867
1801
1801
1766
1910
1878
1795
1839
1744
1863
1799
1786
1780
1845
1885
1711
1812
1796
1872
1702
1768
1818
1831
1784
1767
1695
1810
1689
1775
1686
1708
1707
1706
1743
1699
1652
1717
1648
1692
1680
1690
1675
1669
1680
1726
1687
1638
1672
1677
1718
1607
1530
1588
1567
1557
1593
1662
1630
1552
1567
1622
1535
1598
1609
1640
1668
1519
1609
1606
1580
1552
1471
1574
1586
1514
1477
1592
1496
1539
1508
1509
1508
1502
1546
1559
1538
1451
1393
1527
1454
1439
1454
1484
1483
1425
1513
1495
1495
1392
1409
1447
1451
1482
1398
1429
1395
1395
1479
1458
1379
1392
1515
1424
1434
1447
1448
1421
1388
1374
1405
1427
1376
1395
1332
1366
1417
1426
1338
1364
1409
1374
1325
1389
1380
1339
1396
1337
1410
1350
1328
1310
1362
1345
1314
1366
1295
1366
1351
1313
1338
1257
1322
1246
1309
1277
1250
1313
1348
1326
1350
1274
1329
1263
1279
1275
1236
1307
1317
1320
1247
1281
1285
1246
1275
1285
1260
1247
1321
1247
1310
1209
1312
1277
1208
1204
1294
1220
1189
1230
1216
1289
1255
1247
1292
1245
1151
1200
1176
1238
1172
1247
1264
1214
1214
1170
1238
1246
1210
1193
1262
1201
1157
1226
1196
1151
1199
1194
1167
1097
1121
1143
1201
1273
1182
1159
1220
1166
1147
1266
1167
1223
1238
1196
1146
1174
1164
1156
1170
1145
1146
1179
1139
1191
1139
1203
1128
1182
1095
1199
1122
1126
1128
1186
1220
1091
1111
1179
1136
1222
1153
1115
1114
1148
1101
1097
1124
1143
1150
1142
1182
1107
1132
1130
1149
1073
1087
1112
1123
1115
1136
1133
1073
1124
1139
1132
1160
1074
1056
1114
1096
1046
1158
1072
1136
1099
1154
1163
1086
1073
1101
1106
1102
1068
1070
1021
1116
1025
1097
1071
1065
1092
1080
1136
1075
1141
1060
1080
1121
1137
1044
1095
1059
1111
1149
1035
1055
1052
1069
1067
1053
1058
1093
1046
1063
1086
1040
1067
1032
1052
1079
1102
1127
1032
1003
1082
1037
1045
1070
1011
1041
1081
1054
1096
1021
1063
1078
1065
1025
1106
1099
1123
1028
1078
1117
1017
1029
1024
1097
1022
1012
1071
1004
1091
1032
1102
995
1020
1069
1008
1043
1041
1029
1077
1053
1092
1042
1086
1051
1028
1035
1038
1045
977
1034
1088
1019
1077
1010
988
1020
1056
1051
1047
1044
1086
1019
1034
1019
1024
1065
1001
1000
1000
1034
1065
1005
1012
996
1024
992
1020
992
1009
1095
1060
997
988
950
993
1014
1077
1010
1001
1046
999
926
1002
991
1003
1042
1043
1037
1030
1024
948
1004
1036
1019
1093
1064
1042
955
1057
957
1012
997
1024
974
946
1018
966
967
1034
1030
1024
971
982
1044
1016
1027
990
971
1007
1035
969
1006
980
1024
995
1021
1009
976
1022
995
1048
1069
978
1031
1117
971
1029
992
1023
1015
973
935
1043
1028
992
989
1028
1005
1001
1004
985
973
959
961
990
1037
973
971
1026
968
1027
1000
1016
948
973
957
1063
1004
1020
970
969
1021
1045
912
983
984
991
944
966
953
924
913
997
943
974
999
980
1049
979
991
987
965
1015
929
946
992
932
945
1041
949
921
958
929
975
952
902
941
951
948
879
953
940
940
967
974
941
987
944
886
916
943
873
980
903
908
1002
943
968
948
893
886
942
919
884
888
890
880
885
883
898
980
896
894
909
872
866
866
908
875
862
850
827
881
863
838
859
828
855
812
872
831
842
815
822
863
844
852
825
856
849
809
778
808
789
757
772
794
794
790
817
764
807
760
784
773
754
800
748
736
736
730
729
730
753
728
766
711
721
696
744
781
701
727
675
715
658
702
691
643
705
717
716
684
695
655
718
692
679
687
643
676
638
688
667
614
680
640
657
633
669
658
614
611
608
563
638
626
593
594
638
565
622
570
582
611
575
557
586
594
563
569
524
552
532
589
563
580
586
533
519
553
523
487
491
575
545
552
516
522
478
496
531
511
523
491
509
481
507
489
504
475
487
498
453
485
462
475
517
485
440
462
496
478
480
500
458
454
440
450
427
446
447
431
460
460
427
423
439
452
416
449
461
454
414
431
411
431
415
406
395
416
383
425
377
373
401
437
412
407
370
383
380
399
408
412
400
420
411
388
362
359
364
385
381
369
372
373
360
352
378
385
405
399
357
391
373
356
346
320
371
356
351
339
362
351
363
404
355
355
356
345
381
335
322
355
352
340
351
356
364
348
366
345
358
317
311
324
312
318
342
334
315
307
343
358
311
321
329
339
301
352
345
326
319
308
336
328
325
312
302
315
311
320
317
323
320
314
325
303
306
321
362
320
326
343
342
327
336
302
306
295
305
273
303
335
312
330
264
289
301
316
327
328
328
306
287
314
324
298
329
301
304
292
287
302
307
329
302
288
307
314
337
314
332
319
291
291
295
287
292
306
316
332
310
315
338
299
299
308
308
370
334
337
288
322
327
310
352
321
329
314
319
292
345
321
330
369
335
347
359
337
316
379
376
395
360
316
364
382
399
366
390
375
402
374
367
402
376
416
372
377
380
419
421
431
432
463
409
448
449
425
463
434
447
469
455
478
481
485
478
496
483
502
515
509
516
525
571
561
547
568
565
551
564
574
597
572
615
674
662
687
707
661
757
653
717
753
723
733
720
773
798
841
767
831
795
838
862
912
888
889
939
969
925
961
1013
989
944
1027
1034
1063
1048
1107
1081
1075
1114
1186
1195
1220
1175
1187
1289
1289
1261
1291
1321
1320
1409
1455
1381
1420
1395
1528
1435
1471
1530
1504
1634
1520
1635
1654
1663
1696
1704
1663
1788
1804
1845
1854
1807
1884
1910
2023
1988
1900
1928
2034
2030
2067
2073
2059
2080
2157
2271
2250
2121
2255
2384
2358
2306
2309
2375
2334
2363
2449
2435
2514
2505
2567
2588
2716
2741
2703
2697
2616
2633
2725
2852
2791
2812
2747
2874
2878
2800
3005
2935
2926
2940
2930
3036
3015
3147
3091
3260
3031
3037
3116
3188
3061
3223
3334
3171
3127
3156
3311
3190
3314
3312
3390
3273
3280
3372
3400
3407
3383
3321
3341
3326
3365
3283
3466
3430
3438
3410
3359
3402
3495
3356
3321
3510
3387
3354
3408
3387
3463
3376
3377
3335
3388
3348
3308
3379
3349
3279
3340
3272
3369
3148
3238
3232
3394
3309
3197
3254
3221
3221
3193
3218
3088
3133
3091
3119
3125
3099
3162
2996
2941
2926
2955
2942
3011
2875
2768
2878
2834
2877
2843
2726
2791
2656
2745
2525
2750
2583
2538
2567
2481
2580
2504
2463
2490
2387
2421
2371
2343
2380
2289
2198
2217
2182
2159
2183
2120
2088
2141
2154
2049
2019
2045
1930
1982
1854
1913
1848
1827
1708
1787
1748
1753
1752
1693
1678
1652
1532
1566
1528
1575
1553
1526
1457
1437
1316
1381
1364
1400
1317
1248
1296
1250
1180
1301
1147
1257
1207
1152
1126
1143
1021
1085
1034
983
965
949
1016
926
935
918
852
880
853
857
840
802
748
831
778
780
749
756
763
752
676
687
663
615
678
665
621
619
617
595
537
591
581
560
553
535
486
514
469
468
453
481
452
481
449
455
456
429
436
434
410
412
434
361
402
375
352
373
383
370
368
357
336
348
306
312
324
331
306
326
296
295
328
296
303
296
282
308
287
287
289
281
276
292
219
261
246
270
266
252
245
231
188
249
267
261
209
242
218
224
188
242
237
241
199
214
220
217
214
183
221
222
199
197
218
204
209
177
203
198
194
191
201
183
201
203
182
199
195
170
175
167
188
166
169
164
176
189
162
185
188
166
183
172
186
177
180
171
151
163
158
157
153
163
165
150
177
187
188
166
167
150
166
151
158
172
148
171
169
190
141
154
175
148
157
167
154
160
174
144
168
138
171
166
167
154
150
158
153
162
180
134
149
158
173
153
159
171
160
146
137
171
144
161
147
168
152
150
148
139
148
150
153
144
126
175
142
166
163
166
147
136
141
161
140
122
153
141
161
132
133
141
172
133
141
124
155
145
129
161
138
134
145
172
123
125
136
138
165
155
127
133
133
128
154
144
152
137
150
130
142
133
130
137
132
134
129
147
147
140
137
134
136
130
118
147
137
116
129
125
126
135
127
133
133
139
124
125
131
130
143
141
164
123
134
137
133
145
145
152
140
122
116
143
133
118
138
126
135
124
158
123
159
135
128
159
148
122
148
144
121
122
132
129
155
118
127
127
129
128
128
107
139
123
122
122
127
137
101
122
105
139
110
133
129
127
138
113
136
120
134
138
145
136
105
126
118
117
115
126
107
103
95
128
124
126
99
101
108
92
144
118
136
122
118
123
112
118
121
133
99
133
129
108
129
110
143
114
132
106
110
107
104
113
130
124
125
123
106
92
100
110
114
109
100
128
137
111
97
101
114
116
111
110
118
102
103
109
93
112
91
89
98
112
90
119
105
103
126
112
96
118
111
108
111
105
95
113
105
89
111
121
109
85
94
89
86
83
89
99
93
92
110
104
93
84
110
90
96
84
96
101
106
84
111
90
86
94
90
108
101
90
87
102
86
95
91
85
94
87
80
95
80
81
101
81
91
90
97
95
76
84
88
98
93
104
85
71
89
83
91
84
84
79
95
82
90
95
105
83
81
70
89
100
88
87
93
95
91
85
84
81
81
85
78
87
97
75
82
78
80
76
81
85
77
77
87
95
74
78
98
85
73
80
85
78
89
78
70
92
81
86
65
75
81
81
70
76
71
71
75
50
95
72
83
81
65
68
82
75
70
77
65
71
77
74
65
83
82
83
83
67
66
70
80
69
69
62
66
61
76
67
67
84
81
82
66
63
77
67
73
75
68
69
81
58
68
59
59
62
78
59
75
62
77
73
84
81
90
64
75
67
82
64
53
71
61
60
52
71
69
53
76
65
48
76
60
68
60
77
70
58
69
80
68
70
76
63
64
59
73
65
69
64
74
73
61
47
67
63
55
74
53
74
65
54
54
54
60
67
53
56
66
67
59
52
52
78
58
60
79
65
71
67
70
61
67
52
74
61
69
52
55
60
79
70
68
60
54
57
55
51
72
63
52
45
57
61
54
61
51
48
60
49
63
63
76
66
58
46
65
55
58
65
50
56
58
49
59
61
72
49
71
50
45
52
61
50
61
54
49
49
52
55
60
48
42
58
68
49
51
54
52
51
56
52
49
67
54
54
60
43
62
60
56
60
62
38
50
60
57
53
43
55
36
52
50
51
46
48
49
50
59
41
60
64
52
48
45
56
50
54
50
38
53
44
52
64
46
45
49
44
47
57
53
51
58
54
57
49
46
60
46
45
56
46
59
34
44
58
44
43
56
50
50
44
47
41
53
53
47
45
50
49
45
49
47
48
51
50
50
61
50
54
51
41
53
43
49
46
46
37
38
39
44
36
38
60
57
55
47
50
41
62
53
40
55
44
40
39
47
40
47
48
41
54
37
52
40
57
52
49
44
53
39
57
47
46
41
44
38
49
53
37
40
40
41
48
45
48
57
32
42
42
39
54
45
50
41
35
39
40
42
48
49
51
42
30
47
40
47
48
42
38
41
46
51
52
44
34
44
32
43
43
37
35
43
40
35
41
41
32
41
36
36
45
62
36
54
37
35
46
42
37
43
33
45
51
44
41
44
38
39
39
38
40
39
36
45
33
39
37
30
42
45
46
37
44
38
36
34
41
39
43
40
41
37
34
43
41
37
37
49
42
33
48
32
30
47
57
37
39
36
30
35
48
40
42
39
24
48
29
35
32
34
30
35
30
27
41
33
36
40
39
45
36
34
39
24
31
29
42
34
33
36
34
30
36
33
30
30
25
27
31
35
36
42
33
28
45
43
32
31
27
31
31
32
25
27
35
34
37
26
25
30
38
38
28
21
36
33
34
29
40
35
41
30
24
48
39
25
22
25
32
30
35
24
36
40
21
38
31
31
37
26
33
30
41
24
31
33
31
25
43
25
34
30
32
30
30
31
30
25
26
42
25
33
23
42
23
27
21
25
22
29
29
35
26
32
23
29
28
22
29
27
39
36
21
30
39
25
27
28
27
26
25
28
28
16
29
33
27
24
33
22
21
26
23
22
26
27
20
27
26
16
25
25
24
27
24
23
23
26
26
25
15
15
25
26
34
28
19
23
18
22
30
23
24
22
14
16
36
21
25
22
30
23
31
24
33
18
19
32
23
17
18
28
19
25
22
27
30
23
30
20
26
22
35
32
27
28
16
34
33
32
24
22
24
19
24
27
37
16
27
31
15
17
14
29
29
18
32
27
24
15
20
21
24
23
23
22
19
21
19
31
14
22
21
26
16
17
23
20
31
22
18
20
16
31
25
24
31
28
27
21
22
19
26
28
31
17
18
29
20
23
26
13
19
16
27
27
26
21
25
18
18
21
20
29
29
34
43
17
23
13
21
20
22
20
18
20
22
22
18
13
19
25
20
32
24
28
19
25
24
15
22
19
23
36
24
17
22
18
28
30
15
22
28
21
16
19
19
26
23
24
29
34
19
20
24
14
22
25
22
21
22
19
15
25
16
17
30
20
24
17
17
28
23
19
23
21
23
21
19
21
23
30
22
20
29
13
21
23
23
27
18
20
34
35
15
25
24
20
31
29
24
37
24
24
28
23
29
28
21
18
31
31
23
20
21
33
28
30
23
29
24
30
30
18
20
27
23
21
22
26
24
22
30
26
17
18
22
18
24
31
21
24
35
20
31
26
18
23
32
18
31
21
24
25
26
25
41
21
30
24
26
27
38
30
24
33
24
22
33
25
30
20
20
30
27
30
31
20
19
22
38
27
37
27
19
27
24
26
26
33
18
31
36
32
24
39
34
28
14
23
30
24
23
41
31
30
22
24
32
26
23
32
38
37
34
24
22
40
27
29
27
22
30
21
34
24
34
31
29
27
27
32
30
20
31
26
23
26
31
35
30
43
21
22
29
40
36
27
27
32
26
26
22
38
29
31
28
26
34
24
32
35
21
27
29
28
33
36
32
28
31
33
24
33
19
29
23
31
26
25
13
40
25
26
25
20
25
25
29
20
25
26
34
29
27
23
22
32
28
24
31
32
29
22
21
21
20
24
13
19
19
22
17
21
18
18
29
18
27
20
24
21
25
26
20
21
19
25
23
22
24
26
17
19
35
10
22
21
26
19
24
11
16
15
26
15
21
16
12
12
18
18
13
13
17
11
19
23
18
24
12
17
15
13
14
9
17
15
14
16
16
14
12
13
16
12
9
11
13
11
19
21
19
15
19
8
9
11
13
10
12
12
11
6
10
8
8
12
13
7
14
8
14
8
15
8
8
12
8
16
13
7
9
11
9
16
11
10
14
10
10
8
6
10
6
12
12
4
4
6
5
5
9
13
9
12
10
9
7
6
4
5
8
7
3
4
3
7
6
6
3
2
3
11
2
4
5
7
6
7
7
8
6
3
8
5
3
5
4
5
10
5
10
6
4
5
2
2
4
10
6
3
2
7
3
6
4
2
4
6
5
3
5
5
2
5
3
5
6
3
8
4
7
4
12
3
5
6
4
6
5
1
4
6
6
6
5
1
5
2
5
6
3
2
3
5
2
1
1
4
1
5
5
2
4
8
4
4
8
1
0
6
2
5
2
5
4
3
3
5
3
2
2
9
5
0
4
4
8
4
7
5
5
4
4
1
4
6
4
11
5
6
2
3
5
5
2
4
4
2
4
2
2
5
5
5
5
4
4
1
2
4
3
4
4
1
2
3
4
5
1
0
3
3
2
5
6
4
5
4
1
2
5
3
2
3
7
1
6
2
3
3
0
3
3
1
4
5
2
6
4
2
6
3
4
3
3
2
2
3
6
1
0
3
1
3
0
1
4
3
4
1
4
3
3
4
0
3
4
7
2
3
3
3
2
7
3
4
3
4
3
3
1
0
0
3
0
7
2
1
1
2
2
1
3
5
3
3
2
2
3
2
3
2
4
2
1
3
3
0
0
3
2
7
2
6
3
3
4
2
3
1
4
5
2
4
4
2
2
1
4
2
0
1
2
1
5
2
3
1
2
2
0
1
0
3
1
4
4
5
4
2
4
2
0
2
1
1
2
3
0
4
3
1
1
1
2
1
6
2
4
6
0
1
3
4
4
1
4
2
1
2
4
2
1
2
4
1
1
1
2
0
1
1
3
3
0
0
4
0
2
0
3
3
3
4
3
1
1
1
2
1
1
5
3
2
1
3
1
4
3
2
3
4
1
2
0
2
2
1
2
5
0
2
1
4
2
1
3
2
1
3
2
3
1
5
1
4
2
1
4
0
2
3
3
0
2
4
3
3
2
3
1
1
1
0
1
0
4
2
0
3
0
1
3
0
0
4
2
2
2
3
6
2
1
0
2
0
2
0
1
1
2
3
1
3
1
4
4
0
0
3
1
2
2
2
0
2
1
2
1
3
1
2
3
2
1
1
1
1
3
2
1
2
1
5
2
1
2
0
1
0
2
1
3
1
2
0
1
1
2
0
3
1
1
1
1
4
1
0
0
2
3
1
1
1
0
0
0
0
1
0
1
4
1
3
1
2
3
2
5
2
3
1
2
2
2
1
0
3
0
1
1
2
4
2
0
2
1
0
1
0
1
2
0
0
3
0
0
