3
0
1
1
0
0
1
0
0
1
0
1
2
0
1
1
1
2
2
0
1
0
1
1
1
0
1
1
0
0
1
1
1
1
0
3
2
4
2
0
0
0
2
0
2
0
2
4
2
1
5
4
2
2
1
5
3
2
5
5
6
5
5
6
2
6
3
5
9
5
4
6
10
9
12
17
9
13
14
9
18
15
9
18
19
23
26
18
19
21
21
19
30
36
26
33
35
37
44
41
48
49
50
55
54
57
75
62
81
76
93
77
89
91
88
96
92
115
114
109
96
110
109
116
131
103
146
124
156
143
130
133
133
165
163
178
182
197
180
168
174
222
211
202
207
218
223
220
249
248
238
262
260
294
275
277
301
324
287
341
336
323
390
386
429
378
419
442
453
439
467
454
477
515
524
538
566
516
591
577
622
604
643
700
636
681
739
770
747
722
831
795
788
779
773
856
820
884
879
874
900
899
895
923
983
1022
995
1010
1024
1063
1022
1019
1144
1157
1123
1140
1170
1181
1148
1260
1175
1213
1187
1244
1238
1279
1253
1260
1280
1339
1337
1323
1379
1313
1364
1351
1308
1344
1376
1370
1431
1372
1318
1416
1423
1440
1373
1414
1439
1459
1401
1393
1520
1429
1509
1424
1449
1521
1523
1501
1519
1501
1566
1555
1450
1549
1519
1554
1531
1522
1550
1550
1536
1553
1541
1598
1583
1533
1563
1520
1572
1489
1542
1543
1515
1514
1620
1534
1550
1568
1576
1543
1571
1567
1531
1560
1584
1593
1597
1618
1529
1546
1642
1585
1578
1700
1627
1556
1597
1620
1657
1602
1571
1599
1595
1635
1595
1701
1660
1602
1504
1630
1623
1625
1563
1653
1687
1609
1570
1660
1679
1708
1606
1658
1674
1630
1666
1606
1713
1695
1706
1666
1705
1707
1746
1681
1696
1667
1812
1714
1720
1789
1656
1807
1850
1647
1705
1701
1804
1802
1864
1828
1854
1807
1803
1858
1896
1814
1793
1806
1813
1747
1803
1775
1868
1787
1748
1885
1787
1912
1857
1804
1936
1845
1923
1937
1867
1840
1874
1916
1842
1845
1839
1906
1875
1945
1946
1916
2047
1903
1939
2020
1922
2031
2011
2000
1976
1955
2010
2032
2021
2012
1934
1996
2016
2082
1940
2008
2039
2052
1961
2061
2029
1990
2002
2023
1961
2100
1988
2074
2060
2022
2002
2134
2023
2034
2000
2084
2109
2123
2044
2090
2002
2149
1959
2138
2054
2033
2012
2186
2000
2026
2130
2074
2059
2010
2036
2016
2060
2070
2075
2071
2123
1992
2032
2141
2007
2106
2086
2063
2026
2049
2106
2040
2084
2042
2073
2038
2031
2053
2112
2020
2114
2007
2007
2032
2039
2011
1985
1966
2014
2032
1961
1937
2012
1940
2003
2019
2003
1972
2008
1981
1967
1960
1907
1927
1954
2001
1929
1949
1939
1944
1934
1899
1860
1868
2016
1913
1877
1934
1838
1783
1870
1976
1861
1902
1767
1738
1839
1856
1871
1771
1847
1854
1768
1773
1708
1797
1848
1832
1803
1744
1868
1780
1792
1792
1759
1777
1823
1696
1706
1804
1739
1769
1663
1770
1722
1718
1708
1740
1695
1690
1739
1721
1735
1716
1703
1672
1697
1646
1768
1622
1604
1705
1604
1700
1699
1654
1629
1572
1590
1578
1605
1621
1653
1619
1644
1627
1613
1580
1649
1658
1587
1594
1583
1581
1580
1618
1584
1657
1516
1596
1529
1613
1528
1532
1504
1511
1531
1494
1541
1577
1481
1454
1535
1570
1484
1526
1493
1500
1501
1528
1448
1482
1481
1513
1557
1497
1448
1522
1392
1427
1452
1431
1443
1436
1433
1415
1384
1365
1455
1415
1448
1423
1378
1475
1360
1398
1438
1374
1408
1459
1390
1460
1372
1441
1377
1405
1385
1424
1375
1447
1341
1424
1432
1361
1399
1410
1319
1407
1330
1410
1312
1341
1327
1359
1313
1342
1339
1394
1348
1331
1343
1395
1282
1320
1304
1336
1348
1360
1380
1321
1281
1339
1246
1352
1242
1270
1318
1276
1288
1264
1324
1304
1318
1316
1283
1326
1231
1278
1265
1282
1234
1299
1204
1251
1237
1237
1295
1315
1230
1304
1289
1321
1224
1269
1248
1243
1247
1260
1238
1277
1276
1325
1262
1247
1196
1255
1170
1243
1114
1131
1196
1191
1156
1198
1238
1221
1182
1237
1177
1216
1180
1205
1218
1233
1180
1214
1177
1178
1192
1171
1252
1171
1191
1201
1202
1212
1113
1224
1208
1190
1251
1269
1148
1089
1151
1201
1158
1185
1208
1156
1172
1234
1207
1160
1196
1191
1208
1119
1216
1135
1124
1196
1174
1139
1216
1184
1202
1207
1152
1142
1222
1182
1146
1183
1194
1159
1097
1161
1152
1101
1103
1126
1153
1150
1173
1199
1170
1167
1138
1115
1117
1193
1121
1172
1074
1142
1160
1113
1110
1135
1102
1210
1105
1115
1079
1145
1075
1133
1157
1141
1155
1033
1114
1136
1045
1160
1098
1125
1138
1113
1118
1155
1130
1133
1112
1181
1084
1120
1131
1133
1117
1085
1127
1101
1119
1109
1149
1100
1090
1155
1176
1160
1175
1056
1072
1124
1108
1114
1074
994
1084
1057
1073
1107
1102
1118
1104
1102
1049
1086
1021
1073
1093
1135
1128
1085
1138
1129
1131
1059
1086
1063
1083
1059
1078
1066
1084
1062
1043
1124
1057
1044
1132
1121
1000
1055
1117
1110
1081
1099
1063
1094
1065
1061
1070
1091
1044
1060
1086
1080
1055
1114
1105
1073
1060
1077
1059
1057
1053
1132
1118
1097
1084
1010
1086
1081
1041
1106
1102
1068
1108
1106
1069
1053
1117
1047
1073
1065
1094
1054
1058
986
1057
1132
1100
1009
1039
1068
1074
1036
1022
1023
1055
1083
1033
1022
1017
1057
1068
1080
1087
1022
1019
1087
1108
1056
1098
1038
1073
1034
1070
1094
1089
1032
1000
1065
1057
1082
1039
1087
1064
1108
1059
1063
1045
1075
1061
1015
989
1066
988
1047
1062
1058
981
1028
1022
1042
1034
1059
1005
1018
984
1110
1072
1079
1005
1039
1021
1118
1025
1053
1067
986
1021
1081
990
1020
1035
1099
1035
1023
1049
1024
1077
1032
1007
1027
1033
1024
992
1010
958
1034
1044
1020
1012
1016
1111
1014
1009
1007
931
1009
996
990
1001
1008
1013
1018
1002
1075
1013
1035
911
927
979
962
965
1002
981
968
961
943
971
974
915
965
967
950
950
1020
910
995
910
930
908
910
913
971
936
979
912
938
910
968
871
950
943
890
878
894
906
936
906
912
925
891
851
945
813
894
896
852
850
938
834
879
895
869
868
876
833
814
829
856
865
876
838
825
793
799
847
860
823
821
766
820
852
867
772
803
843
779
772
793
740
827
782
801
755
750
744
810
754
748
752
729
728
786
730
698
721
790
726
718
724
749
724
671
726
671
733
730
675
723
716
732
644
688
662
714
688
692
651
640
670
630
627
650
623
577
649
609
632
632
583
607
611
662
592
587
619
583
631
626
647
568
556
597
582
588
574
559
599
599
550
560
581
561
537
540
547
560
540
521
518
541
495
495
539
546
557
527
545
485
467
494
484
492
500
512
520
479
443
494
466
485
496
476
450
450
459
432
482
452
459
434
421
471
464
495
430
447
440
467
438
448
431
451
415
437
475
432
432
462
444
425
415
427
388
416
469
436
402
395
414
426
399
374
383
405
415
392
386
389
448
412
400
398
397
393
402
399
382
373
372
382
394
408
371
361
421
348
368
382
385
397
378
360
361
368
364
339
338
398
371
379
383
332
362
361
363
372
348
348
341
375
379
324
369
365
375
353
341
348
323
362
327
357
369
346
357
368
332
343
353
334
335
358
350
334
373
335
319
359
318
328
347
320
362
322
341
333
331
336
320
317
339
361
331
341
343
351
289
336
344
332
350
315
331
351
339
338
343
327
334
350
331
328
326
348
320
311
340
321
348
373
324
285
325
368
281
356
339
335
325
319
317
331
329
324
315
317
358
321
361
324
354
300
339
354
364
361
348
343
336
353
356
364
369
365
357
361
309
366
355
353
383
365
370
412
385
406
364
375
413
376
390
396
374
422
399
407
404
371
400
443
431
399
422
440
445
416
440
455
431
491
437
477
473
470
464
471
486
529
484
559
531
559
538
543
527
521
535
554
571
537
582
541
560
643
583
667
601
636
628
633
653
682
713
698
712
709
737
766
725
797
763
783
789
899
802
849
912
877
887
847
844
954
883
946
922
963
954
1023
1034
1030
1003
1109
1077
1038
1093
1140
1169
1161
1135
1179
1224
1242
1269
1295
1268
1385
1351
1353
1376
1394
1450
1445
1431
1472
1479
1522
1535
1611
1636
1613
1593
1664
1769
1755
1701
1774
1750
1781
1850
1900
1821
1871
1940
1977
2020
1920
2046
2011
1976
2106
2051
2239
2160
2276
2162
2226
2177
2331
2370
2338
2373
2449
2417
2468
2440
2502
2474
2509
2506
2666
2566
2699
2692
2749
2713
2799
2758
2852
2968
2888
2854
2873
2884
3014
2952
2949
2944
3059
3007
3103
3142
3119
3051
3153
3100
3232
3222
3238
3275
3268
3212
3326
3341
3419
3301
3353
3206
3346
3397
3393
3364
3476
3395
3483
3372
3445
3418
3494
3528
3556
3507
3480
3491
3470
3583
3569
3434
3522
3514
3555
3517
3556
3576
3527
3470
3619
3571
3626
3448
3460
3474
3547
3491
3459
3448
3581
3483
3437
3434
3486
3441
3447
3411
3413
3526
3443
3396
3413
3301
3445
3327
3358
3297
3275
3200
3149
3212
3302
3178
3216
3237
3064
3102
3101
3053
3117
2986
3129
3007
2981
2811
2945
2819
2812
2803
2887
2804
2776
2665
2705
2691
2608
2591
2596
2538
2580
2551
2455
2465
2526
2443
2500
2392
2381
2259
2232
2247
2246
2198
2182
2138
2147
2167
2077
2030
2116
1943
1908
1916
1930
1877
1825
1747
1775
1730
1805
1692
1633
1678
1700
1650
1608
1625
1551
1527
1494
1489
1461
1396
1406
1453
1291
1373
1328
1326
1330
1260
1227
1201
1208
1182
1196
1089
1136
1049
1111
1055
1108
1049
962
979
1007
945
940
879
909
862
882
829
863
876
808
795
728
732
772
763
724
715
725
687
668
722
689
635
621
588
631
604
615
557
592
588
574
496
548
573
473
516
527
487
517
488
452
466
411
411
413
392
437
418
425
376
383
356
389
363
378
360
356
357
370
323
313
328
335
308
346
325
307
322
319
324
312
314
306
293
295
286
295
302
251
306
277
263
274
305
279
231
271
250
279
258
211
232
265
264
251
244
246
243
226
221
265
261
239
246
231
225
224
207
223
220
214
200
246
194
213
218
225
198
198
199
200
216
211
203
210
185
199
229
199
225
215
196
182
175
198
192
186
171
175
191
197
195
176
207
182
214
192
187
184
187
193
178
176
181
181
175
185
196
172
185
176
180
156
181
156
171
176
149
162
187
161
163
195
209
152
155
164
178
161
157
176
176
183
188
160
190
155
164
175
156
190
177
157
180
154
174
186
148
179
160
161
147
166
170
186
174
187
128
166
158
152
165
140
145
151
150
199
166
152
159
139
149
154
163
155
156
166
157
177
157
145
171
165
166
148
165
151
160
149
154
142
174
167
156
153
169
169
186
163
169
155
152
153
145
124
139
168
153
157
164
150
148
157
150
153
177
171
178
160
156
150
140
171
134
158
126
170
141
153
137
142
142
151
148
127
152
134
139
166
143
143
142
136
141
153
131
125
154
142
141
141
130
143
143
135
151
143
152
146
140
133
127
145
122
159
141
141
145
150
125
140
139
146
140
139
141
137
136
133
118
159
144
148
129
151
150
143
147
139
104
126
149
149
134
128
141
138
112
154
137
131
150
143
144
124
135
127
133
115
134
149
127
137
134
108
142
129
110
136
151
131
132
109
127
135
115
145
140
121
116
125
115
127
132
124
124
131
131
135
131
110
119
101
109
123
118
116
128
127
124
135
117
139
123
110
108
128
115
120
102
123
113
121
110
108
95
120
130
124
92
110
128
111
110
119
117
104
101
110
119
106
101
99
92
111
119
120
127
120
110
80
116
115
109
130
118
122
100
109
97
97
117
111
99
92
117
117
113
106
105
114
114
93
94
103
96
118
101
106
99
108
109
92
118
103
99
122
108
108
107
107
76
113
96
105
107
81
102
114
97
98
112
104
105
113
108
106
79
80
94
112
108
100
90
95
83
90
94
92
95
83
83
91
84
93
90
93
93
93
82
84
104
82
92
81
93
100
89
84
76
116
89
94
115
90
74
91
86
85
94
99
96
72
88
87
75
94
82
101
91
85
85
80
79
81
86
86
83
85
93
82
68
98
76
97
84
76
98
63
125
78
77
84
79
65
68
80
73
80
70
69
74
73
68
67
86
84
76
81
86
86
83
85
89
75
73
69
84
64
84
81
91
94
61
95
74
72
89
76
65
68
69
87
87
83
86
64
88
84
82
62
67
71
79
63
65
74
71
76
65
86
60
86
65
64
75
80
84
85
79
85
69
92
70
74
81
67
89
73
80
73
72
70
77
61
75
70
78
70
78
74
68
75
65
70
69
62
76
86
66
76
86
87
62
60
74
63
60
68
72
73
76
61
79
65
70
81
59
76
64
66
74
60
51
55
75
72
59
57
65
70
64
77
67
62
77
77
69
76
75
69
63
60
66
63
65
71
55
53
63
70
64
46
62
71
80
53
71
65
49
58
64
69
65
56
58
58
56
61
64
59
52
52
65
58
64
54
62
57
67
60
51
55
51
62
58
63
55
69
56
60
64
61
66
66
65
50
57
55
52
63
49
57
64
57
74
50
67
64
56
41
44
69
60
46
53
61
58
62
57
60
45
47
52
57
47
65
61
66
58
57
56
61
54
53
52
58
56
55
51
73
51
46
53
49
47
52
64
49
42
47
41
53
46
53
63
52
46
64
48
58
63
61
71
57
59
58
53
51
41
43
51
59
43
54
47
44
54
54
41
46
54
48
58
54
61
46
63
43
47
57
44
43
41
47
50
51
45
45
48
58
44
49
51
50
42
48
34
60
54
50
54
46
57
68
54
61
38
45
41
46
40
46
39
43
48
56
44
39
45
44
54
56
46
48
49
51
39
41
44
51
52
39
56
63
44
54
35
40
50
43
43
45
52
39
40
50
50
40
54
44
61
40
34
44
50
44
44
46
37
47
48
46
40
45
41
43
49
49
45
46
45
43
37
47
37
43
52
51
52
39
38
39
35
55
42
45
42
37
33
48
48
37
49
35
48
34
42
47
40
49
31
37
45
41
39
46
41
49
48
54
46
49
54
38
41
36
48
47
29
38
42
33
52
44
48
44
34
51
43
38
45
43
28
33
30
40
43
26
48
40
31
25
42
26
34
32
35
38
39
44
32
22
42
29
38
52
47
27
28
34
30
33
30
29
38
44
36
26
45
34
41
37
38
34
40
33
36
42
38
37
34
38
33
46
37
46
39
39
37
26
31
35
34
46
32
41
42
37
34
45
32
39
34
38
30
38
35
32
27
29
42
49
40
20
24
49
41
36
22
25
34
39
24
37
35
39
27
32
24
32
33
27
28
34
28
31
35
24
23
29
31
20
22
30
31
28
25
28
30
41
35
27
22
39
34
35
33
26
23
30
27
26
31
31
35
23
36
25
36
21
27
27
33
30
31
33
24
24
30
24
38
24
32
24
29
37
28
28
21
35
35
23
35
29
29
32
23
26
30
26
26
30
31
25
26
22
23
22
37
35
29
24
22
24
31
33
20
27
27
19
27
25
18
26
19
28
27
26
29
36
29
14
23
24
26
27
34
26
27
33
30
31
20
24
25
28
32
25
23
45
20
30
24
25
23
33
22
16
23
28
26
27
29
22
18
33
21
25
28
29
21
26
30
23
26
27
24
16
24
28
28
34
22
26
24
27
21
39
32
27
22
26
29
16
27
15
24
23
32
25
25
24
22
25
20
19
29
33
22
29
32
15
16
31
29
23
23
24
26
34
27
22
32
29
23
29
22
22
30
29
29
28
18
22
21
20
25
30
18
29
22
22
27
23
21
26
31
30
37
24
22
21
18
17
18
26
29
36
26
30
23
30
37
32
29
31
33
23
23
27
22
27
26
24
22
22
24
22
30
23
23
28
18
26
28
26
23
36
26
24
29
32
27
25
27
30
28
18
21
28
28
27
23
20
26
20
28
34
32
28
25
24
27
28
19
25
25
38
32
42
27
36
31
28
25
32
26
33
24
36
29
28
41
23
25
28
27
35
34
28
34
32
31
33
17
23
20
31
32
34
42
22
27
34
27
29
32
34
24
30
32
35
26
37
32
42
31
32
26
26
28
34
34
42
22
37
26
26
31
36
34
33
28
21
32
32
36
28
28
24
29
27
38
36
32
28
35
24
38
29
27
45
22
46
34
32
39
29
30
25
33
33
41
31
26
40
20
43
23
36
39
35
33
20
32
37
39
33
35
35
29
29
30
28
18
33
37
35
45
36
27
25
21
26
32
37
36
29
29
28
41
33
25
38
26
29
23
24
44
32
46
31
18
31
33
33
30
30
40
31
31
34
32
32
33
27
31
33
29
37
29
32
30
34
31
20
29
27
29
30
29
29
30
37
23
29
27
23
29
25
25
27
37
26
35
31
19
32
28
22
27
27
26
24
31
24
28
25
25
25
24
25
27
20
22
35
26
29
29
22
19
20
25
23
27
19
19
20
14
20
21
18
24
22
28
35
29
19
17
20
18
24
26
23
21
27
22
16
21
21
21
22
13
16
15
22
19
15
18
21
15
18
13
19
19
21
17
15
17
14
18
15
7
16
17
21
15
6
13
11
15
13
16
16
12
12
11
14
17
7
14
11
16
12
11
6
14
13
12
13
14
7
12
7
15
13
12
6
11
6
12
11
10
12
9
11
11
14
14
12
8
3
9
9
12
9
14
8
14
6
5
11
9
8
14
5
9
8
5
7
8
8
6
11
8
12
7
9
6
9
8
6
5
8
7
8
10
10
7
6
4
6
4
5
6
3
10
8
6
8
5
6
5
6
6
9
3
2
9
7
7
9
2
2
8
5
8
6
5
5
5
7
8
1
8
2
7
3
2
6
7
5
6
8
6
5
7
10
2
7
4
7
8
7
8
4
5
4
5
7
3
6
6
3
4
3
5
4
1
5
3
11
4
7
0
2
2
2
3
8
3
5
6
4
4
2
3
2
4
4
4
3
5
5
4
6
4
5
4
3
7
0
4
6
1
3
2
4
3
2
3
2
4
1
7
6
3
0
6
4
3
4
5
2
4
4
4
3
4
7
0
3
4
6
4
1
3
4
2
1
2
3
4
2
2
2
0
2
7
3
5
5
2
3
3
2
3
2
2
2
0
3
6
5
2
3
2
2
2
2
2
2
3
3
3
3
1
1
2
2
5
2
5
2
4
3
3
2
5
0
3
1
5
1
3
1
3
2
1
5
2
7
1
2
2
3
2
2
2
1
1
5
3
3
7
4
5
1
2
3
8
1
4
3
4
5
2
3
3
4
1
2
8
2
2
3
2
3
1
1
3
4
6
1
2
2
2
2
3
3
1
5
4
3
2
3
4
1
2
3
1
1
1
3
1
2
2
3
1
2
1
4
3
0
4
2
3
5
2
4
1
0
3
4
1
1
0
7
2
2
3
2
3
1
2
4
5
5
3
2
1
2
1
2
2
0
2
1
1
3
0
2
1
2
2
2
4
1
2
3
0
2
2
3
5
2
3
3
1
1
0
4
4
1
1
2
2
1
1
4
2
4
3
0
2
3
4
2
2
2
3
2
2
2
2
1
0
1
1
0
2
4
2
1
1
4
1
1
0
0
7
2
5
0
2
3
1
1
1
3
2
1
1
1
3
2
0
0
4
2
1
0
0
1
3
3
2
4
1
2
2
0
1
2
0
3
1
2
2
1
1
3
3
1
3
2
0
0
3
1
1
2
1
2
0
0
1
5
0
1
1
3
5
5
2
3
1
1
2
1
1
0
2
0
3
2
2
3
3
3
1
3
1
2
2
3
0
3
0
3
0
0
1
0
2
0
1
2
0
0
1
3
0
2
1
1
3
0
3
2
1
1
0
1
2
3
1
1
2
5
0
1
1
4
0
0
0
1
1
3
2
3
2
0
2
2
1
2
0
0
0
3
1
1
3
4
2
3
2
2
3
1
4
2
5
0
1
0
1
2
1
0
