0
0
0
0
0
0
0
0
0
0
0
0
0
0
0
0
0
0
0
0
0
0
0
0
0
0
0
0
0
0
0
0
0
0
0
0
0
0
0
0
0
0
0
0
0
0
0
0
0
0
0
0
0
0
0
0
0
0
0
0
0
0
0
0
0
0
0
0
0
0
0
0
0
0
0
0
0
0
0
0
0
0
0
0
0
0
0
0
0
0
0
0
0
0
0
0
1
0
0
0
0
0
0
0
0
0
0
0
0
0
0
0
1
0
1
0
0
0
0
1
0
0
1
0
0
0
0
0
0
0
1
0
1
1
0
1
0
2
1
1
0
1
3
0
1
1
3
1
1
2
0
0
2
1
1
2
4
3
4
7
4
6
8
6
8
11
5
10
18
13
10
21
23
18
18
18
31
20
22
35
38
46
46
44
50
49
47
60
67
71
65
81
81
86
81
82
101
93
106
104
99
84
100
89
103
89
86
111
79
111
89
104
113
102
89
98
115
83
89
98
105
91
108
80
85
78
106
107
116
93
98
105
83
98
89
90
85
87
74
85
88
104
81
101
81
89
89
79
91
84
103
91
97
97
90
107
93
74
66
94
105
101
79
89
111
106
126
128
107
102
106
87
121
100
119
102
108
116
102
110
110
104
111
118
115
101
123
100
100
101
93
117
104
128
124
109
101
135
113
123
127
88
109
147
106
115
121
108
109
117
125
114
106
95
104
126
122
102
122
105
130
132
112
121
119
132
104
119
122
107
126
107
124
107
113
93
110
100
117
102
112
96
102
93
111
118
126
100
90
96
101
92
105
105
111
107
102
101
116
100
99
86
100
111
92
81
100
108
97
96
91
92
102
93
99
97
86
96
81
82
94
87
89
92
89
98
76
90
100
93
99
87
100
94
105
93
100
85
95
105
84
84
102
110
69
72
99
112
90
88
110
77
93
76
87
98
91
96
100
95
89
112
87
119
80
81
107
98
86
86
106
81
74
92
79
108
91
107
91
104
91
86
89
92
93
114
86
96
86
82
94
80
90
75
98
108
104
90
83
100
96
80
95
117
87
74
98
98
90
98
91
60
86
90
111
99
74
85
94
97
88
93
71
99
104
98
86
86
93
90
105
101
96
100
105
102
103
98
103
100
75
101
91
86
79
108
79
99
97
81
100
98
97
89
97
93
107
84
82
90
95
101
87
103
71
101
94
100
88
81
87
106
93
96
87
97
82
111
92
96
94
93
75
87
85
82
103
107
83
100
89
86
101
101
93
82
93
92
94
81
102
92
91
66
73
103
85
85
91
78
91
89
119
81
89
97
81
91
89
78
91
106
83
90
67
88
87
89
71
92
96
80
77
64
89
91
55
86
77
71
75
82
63
75
69
84
77
69
73
77
71
69
89
67
66
61
79
72
73
81
83
64
75
68
75
70
72
57
70
79
72
70
70
72
54
63
70
66
61
81
63
53
71
43
74
71
55
60
68
66
59
85
65
74
66
51
64
54
83
51
69
69
58
68
61
63
54
62
57
66
59
72
56
51
54
59
55
58
55
48
45
59
52
64
61
63
55
52
48
66
60
60
43
54
53
62
50
70
56
58
48
52
50
72
60
60
67
44
54
56
49
63
45
40
51
47
59
56
41
63
53
53
61
56
54
45
53
48
58
56
44
49
64
47
49
51
38
50
41
54
54
44
45
49
61
38
48
53
57
38
50
47
46
52
57
57
30
44
51
35
55
50
41
40
75
50
48
50
39
60
52
39
48
49
52
51
55
38
46
39
48
47
37
42
39
53
33
33
49
39
40
49
49
35
36
37
31
35
43
44
34
37
34
41
39
39
37
38
43
37
51
38
39
46
37
44
31
43
35
35
40
44
36
43
46
46
45
51
38
46
38
39
39
36
39
42
30
38
36
44
36
38
24
33
42
31
41
43
36
33
40
28
27
40
48
35
35
27
44
37
38
40
39
36
49
46
34
37
40
41
33
37
39
25
48
37
47
36
38
32
37
36
40
31
44
39
39
30
34
47
40
36
44
40
41
51
39
30
40
37
35
34
49
37
31
31
41
42
31
45
34
42
32
35
25
56
34
26
43
39
44
28
32
39
29
30
33
46
33
35
40
29
38
35
36
39
26
40
46
35
33
46
33
43
32
41
44
33
46
30
37
25
44
38
32
44
30
37
33
36
39
43
35
32
33
47
29
46
37
33
43
35
40
41
31
37
51
28
36
39
44
32
26
41
31
28
42
31
34
28
33
37
32
36
33
28
31
33
36
33
44
43
31
39
34
29
33
40
33
39
25
39
33
34
36
34
37
41
39
38
40
41
37
31
38
36
36
30
28
37
34
40
33
33
35
34
35
30
37
38
35
24
32
21
31
33
30
31
36
32
35
22
30
25
31
39
33
43
37
43
30
36
30
39
25
40
38
31
35
25
44
29
37
28
28
38
32
43
32
36
39
33
28
27
32
22
39
27
35
25
34
30
20
33
38
19
37
26
38
34
26
28
27
27
31
29
23
28
28
35
22
30
32
39
31
24
21
30
33
34
26
28
32
24
43
28
25
33
23
30
32
29
25
37
30
28
33
37
36
33
39
29
30
24
32
38
27
35
27
32
31
31
28
29
37
35
37
34
43
21
23
31
27
36
33
21
30
29
38
31
27
21
36
30
31
38
31
25
25
27
29
41
20
35
35
27
34
33
27
29
24
37
24
31
26
32
31
30
38
24
23
27
30
26
33
33
25
38
30
16
29
33
23
26
37
38
32
28
26
27
39
28
22
37
31
23
30
29
28
25
27
40
22
25
22
24
22
21
34
26
26
25
29
31
17
20
29
24
25
25
23
22
25
26
30
23
22
29
30
24
27
27
23
34
18
24
21
27
28
26
32
28
20
21
15
31
32
26
23
17
28
33
19
21
25
19
23
26
21
15
23
19
22
24
17
22
19
22
30
20
17
17
21
19
19
19
25
36
22
21
21
10
15
13
28
19
27
17
21
20
22
17
15
21
16
21
19
11
23
7
13
15
11
12
18
17
14
13
16
13
17
14
18
17
18
12
12
14
18
13
10
23
12
13
13
14
17
23
16
14
11
12
17
16
9
14
19
16
21
14
14
16
13
13
12
13
15
15
14
18
12
8
14
17
11
12
13
12
12
11
21
10
13
21
15
10
19
9
9
11
21
10
11
16
12
13
9
12
11
4
10
9
8
12
15
11
13
6
14
9
11
11
8
11
7
10
6
17
17
11
14
13
11
13
12
14
15
17
11
10
17
10
11
9
11
11
17
8
20
10
6
13
9
10
12
12
7
16
11
5
11
11
6
9
13
8
11
11
5
7
6
14
5
15
13
15
7
10
3
12
10
10
11
13
12
5
9
13
14
8
12
13
16
11
14
7
13
5
10
5
9
10
19
14
8
6
9
8
10
14
12
6
11
7
8
11
6
10
12
8
9
13
5
6
5
4
9
14
10
10
8
4
8
11
10
9
13
18
9
3
6
9
10
4
10
13
12
10
10
8
11
9
16
7
12
13
12
9
11
17
13
8
14
6
13
4
8
9
13
8
14
7
7
13
7
6
9
13
8
12
6
10
12
9
16
12
13
19
7
12
14
16
10
6
14
9
10
10
13
8
15
11
18
7
6
22
14
12
8
12
10
12
8
10
11
9
7
8
11
11
12
12
15
17
16
16
12
8
14
10
14
15
15
11
8
11
11
12
20
19
15
18
10
13
16
10
24
16
18
13
21
24
15
17
13
15
22
18
18
17
25
27
20
21
21
25
21
23
33
27
29
26
31
24
22
28
31
30
26
41
27
29
25
28
27
35
41
38
29
35
44
38
26
31
31
43
50
46
46
36
42
56
35
30
43
36
53
69
50
57
51
52
52
54
52
59
53
58
57
62
50
66
63
65
66
57
64
49
74
73
64
48
75
76
68
61
94
91
78
60
78
73
72
83
102
90
104
88
83
79
85
97
100
104
95
121
86
87
96
112
92
102
99
101
114
114
118
126
92
108
107
105
114
108
106
110
101
114
95
112
112
133
113
106
114
120
117
113
128
119
126
135
105
113
129
107
118
108
116
118
105
118
111
122
137
114
124
136
116
105
118
107
118
108
114
104
105
101
120
117
125
129
125
109
104
114
105
111
104
108
97
111
96
108
98
98
88
94
110
92
86
95
80
79
90
102
95
89
105
94
85
94
85
89
82
80
77
65
62
87
84
75
76
59
77
79
57
72
75
56
58
56
45
56
41
65
69
51
57
41
49
50
59
63
41
43
51
38
51
50
36
38
42
37
53
44
43
25
41
37
26
31
31
34
35
26
28
23
29
24
22
24
22
21
26
17
19
21
17
22
33
18
17
21
18
12
26
19
9
15
16
10
12
11
11
15
13
17
12
9
11
12
15
10
15
13
12
10
9
11
5
6
10
8
8
9
6
10
5
9
11
6
3
5
7
6
8
4
5
3
8
2
6
5
3
7
3
11
7
6
5
4
5
5
6
4
1
1
5
2
4
5
3
4
2
5
4
4
3
3
0
2
1
3
2
4
5
4
1
1
4
0
2
5
0
3
1
3
4
6
5
4
1
1
1
2
1
2
4
3
2
2
1
4
2
4
2
4
0
1
4
3
2
3
2
2
1
3
2
1
1
1
4
8
4
2
2
3
1
2
3
2
1
3
2
1
2
3
1
1
0
0
0
2
0
4
6
1
0
5
1
2
0
2
1
0
1
3
2
3
1
3
1
0
1
1
3
2
4
2
3
1
1
0
1
3
2
1
1
4
1
1
3
3
2
1
2
3
0
2
1
1
1
2
3
1
1
0
1
1
1
1
0
2
2
1
0
2
0
1
1
2
2
1
0
1
1
2
0
3
3
1
1
2
1
3
2
1
1
1
0
2
0
2
1
2
2
1
3
0
0
1
2
2
1
0
1
1
3
1
2
1
1
1
2
2
1
1
1
3
0
3
0
1
1
4
2
2
1
3
2
0
2
0
1
1
2
3
0
0
5
3
0
1
0
0
2
1
1
0
0
0
0
2
2
2
0
0
2
2
0
2
3
2
4
0
3
1
0
0
1
2
2
1
1
0
1
0
0
2
0
0
0
2
1
0
0
1
1
2
4
2
2
3
0
1
2
2
1
2
2
3
2
0
1
3
2
3
1
1
1
4
2
2
2
0
0
1
0
0
2
3
1
0
1
0
1
2
2
0
0
3
1
2
0
3
2
3
3
0
1
1
3
1
1
0
1
1
1
0
1
0
1
0
2
1
2
1
3
2
0
2
1
2
1
1
2
3
0
0
1
1
0
0
1
1
3
3
2
0
2
2
3
0
1
0
2
1
1
0
1
1
0
1
1
0
0
2
0
2
2
0
2
0
2
2
1
0
1
2
2
0
1
1
2
1
1
2
1
2
1
1
0
1
2
0
1
2
0
2
3
1
3
2
0
2
2
2
1
0
5
2
1
2
2
2
1
3
2
2
2
1
0
1
1
0
1
1
1
2
2
1
2
1
1
1
0
1
2
0
0
2
2
2
1
1
2
5
2
3
3
2
1
2
0
1
3
1
3
1
0
3
1
1
2
1
4
1
3
0
1
2
1
3
2
2
2
1
1
2
1
1
2
0
1
0
3
0
0
1
2
2
3
1
0
0
3
0
1
1
5
1
1
4
0
1
0
1
2
1
1
1
1
1
2
0
0
3
0
1
2
0
1
1
0
1
0
1
2
1
0
0
0
0
0
0
1
0
1
1
0
1
4
1
2
1
1
0
2
1
2
0
2
0
0
1
0
2
2
2
1
1
0
1
0
1
3
0
1
4
3
1
1
1
3
1
1
1
0
0
0
1
0
0
0
2
2
2
2
4
1
0
0
1
2
1
1
2
2
0
1
0
2
0
1
1
1
0
0
1
1
0
1
1
1
1
1
1
0
1
0
0
0
1
0
1
1
0
1
1
1
2
2
1
2
0
1
3
2
2
1
3
4
1
2
1
1
1
0
0
0
0
1
3
0
2
1
1
0
1
2
3
0
1
1
1
0
2
1
1
1
0
1
2
1
2
1
1
3
2
0
1
1
0
2
0
1
0
1
0
2
1
2
0
1
1
0
2
2
1
4
3
2
2
0
0
2
1
1
0
0
2
2
1
0
1
1
0
0
0
0
1
0
0
0
2
2
1
0
5
3
0
0
0
1
0
1
2
3
0
1
1
1
1
0
1
0
4
1
0
0
3
0
0
2
0
0
2
0
1
1
1
2
0
0
1
0
1
0
1
1
1
0
2
0
1
1
1
2
1
2
0
0
0
0
1
1
1
1
1
0
1
0
0
0
0
0
0
3
1
2
2
1
1
0
2
0
2
1
0
1
0
0
0
1
2
2
0
2
1
1
0
0
0
1
1
1
0
1
1
1
4
0
1
0
0
1
2
0
0
1
0
1
2
1
5
2
2
0
1
0
0
3
2
0
2
1
1
1
1
1
0
1
0
1
1
2
0
2
1
3
0
4
0
0
2
0
0
0
1
1
0
3
1
2
1
1
0
1
1
0
2
1
1
1
0
0
1
0
0
1
0
1
1
2
1
0
0
0
1
1
2
2
0
0
0
3
2
0
0
0
0
1
0
3
3
0
1
1
2
2
0
3
0
0
2
2
2
4
3
0
1
0
0
0
1
0
0
0
0
0
0
0
0
0
1
1
1
2
0
0
1
0
1
1
2
0
1
0
0
2
0
0
2
1
0
1
1
0
0
1
3
2
3
0
0
3
3
0
0
1
2
1
1
0
2
1
0
1
0
1
1
1
0
0
1
0
0
1
2
3
3
0
1
2
1
1
1
0
1
0
2
1
3
1
1
1
0
0
0
0
0
1
1
0
2
1
2
1
1
1
3
3
2
1
3
1
1
0
0
0
0
0
1
3
0
0
2
2
1
0
1
0
2
1
1
0
1
0
2
0
2
2
0
1
0
2
0
1
1
1
0
2
0
1
0
0
0
0
0
1
1
0
3
0
0
0
0
0
1
0
1
1
2
0
0
2
1
0
2
1
1
0
0
0
0
0
3
1
0
2
3
0
1
1
2
2
0
0
1
1
1
0
0
0
1
0
1
1
0
0
2
1
1
0
1
0
0
1
0
0
0
0
0
1
0
1
0
0
3
0
0
1
1
0
0
0
1
1
0
1
0
0
0
0
1
0
0
1
1
0
0
0
1
1
0
0
0
0
0
0
0
0
0
0
0
0
0
1
1
1
0
1
2
1
0
2
0
1
0
0
1
0
0
2
1
1
1
0
1
1
2
0
0
1
1
1
0
0
1
1
0
0
0
0
0
2
0
0
1
0
1
0
1
2
1
0
2
0
0
0
0
0
2
0
1
1
0
0
0
0
0
1
1
0
0
1
1
0
0
0
1
0
1
1
2
1
1
2
0
0
0
0
0
0
1
0
1
0
0
0
1
4
0
0
0
0
0
0
1
1
0
1
0
0
0
0
1
0
0
1
0
0
0
1
0
0
1
0
1
1
0
0
0
0
1
0
0
1
0
2
1
0
0
0
0
2
1
0
0
2
0
1
2
0
0
0
1
2
1
0
1
0
0
0
1
2
0
0
1
0
0
1
2
0
2
0
0
0
0
2
0
1
0
0
0
0
0
0
2
1
1
0
0
2
0
1
1
1
0
0
1
0
2
0
0
0
0
0
1
1
0
0
0
0
2
0
0
1
0
1
2
0
1
0
0
0
0
1
0
0
0
0
1
0
0
0
0
0
0
0
1
0
1
0
0
0
0
0
0
0
0
0
0
1
1
0
0
0
1
2
0
0
1
1
0
0
0
1
0
1
1
1
0
0
0
0
0
1
1
0
2
0
0
0
0
1
0
1
1
1
1
0
0
1
1
0
0
1
0
2
1
0
0
0
0
1
2
2
0
0
0
0
0
0
0
0
0
1
1
0
0
1
0
0
0
1
0
0
1
0
0
1
0
0
0
1
2
1
0
0
0
0
1
0
0
0
1
0
1
0
0
0
1
0
0
0
0
0
0
0
1
0
0
0
0
1
0
0
0
0
0
3
1
0
1
0
0
0
0
1
0
0
1
0
0
1
0
0
1
0
0
3
1
1
0
2
0
2
3
0
1
0
0
0
0
2
0
0
0
1
1
1
0
0
0
2
0
0
0
1
0
0
1
0
2
1
1
0
2
1
1
2
1
0
0
0
0
0
1
0
0
0
0
0
0
0
1
0
0
0
1
0
2
0
1
2
0
1
1
0
1
1
0
0
1
0
1
1
1
0
1
0
0
0
1
1
0
2
2
4
0
0
2
2
4
0
0
1
0
1
1
0
0
0
1
1
0
0
0
1
0
0
0
2
3
0
0
0
2
2
0
3
1
3
1
0
1
0
0
1
1
3
0
0
2
0
0
1
1
1
1
0
1
0
0
0
1
1
0
1
3
0
0
0
1
1
0
0
1
0
0
2
2
2
1
0
1
0
0
0
3
0
1
1
1
0
0
0
1
1
0
0
1
0
1
1
0
0
1
0
0
0
2
0
0
0
2
0
0
2
2
1
0
0
0
0
0
0
0
1
1
0
1
1
2
1
0
2
1
0
0
0
2
2
2
1
1
1
0
0
0
1
1
2
1
1
2
0
0
0
2
2
3
2
0
1
1
0
0
0
0
2
0
1
0
0
0
1
0
2
0
0
1
0
1
1
0
0
1
3
1
0
0
2
0
1
1
1
1
1
0
2
1
1
2
1
0
0
0
0
0
0
1
1
0
1
1
0
0
1
0
2
1
2
0
2
0
1
2
1
0
0
1
0
0
1
0
1
1
0
0
1
0
2
0
1
0
0
0
0
1
0
0
2
0
1
1
0
0
0
0
0
1
0
0
1
1
0
1
1
0
0
0
0
0
0
0
0
1
1
0
0
0
1
0
0
0
1
1
1
1
1
1
0
1
1
0
0
1
0
1
2
0
1
0
0
0
0
0
0
0
1
0
1
0
0
0
0
0
0
0
1
0
0
0
1
0
1
0
2
0
0
1
0
0
0
0
0
0
1
0
0
0
0
0
0
1
0
0
0
0
2
1
0
2
0
0
1
0
0
0
0
0
0
0
0
1
0
0
1
0
0
0
0
0
0
0
0
1
1
3
0
0
2
2
0
0
1
0
0
1
0
0
0
0
0
0
0
1
0
0
1
0
0
0
0
1
0
0
1
0
0
1
0
0
0
1
1
0
0
1
1
0
0
1
0
0
0
1
0
2
0
0
0
0
