0
0
0
0
0
0
0
0
0
0
0
0
0
0
0
0
0
0
0
0
0
0
0
0
0
0
0
0
0
0
0
0
0
0
0
0
0
0
0
0
0
0
0
0
0
0
0
0
0
0
0
0
0
0
0
0
0
0
0
0
0
0
0
0
0
0
0
0
0
0
0
0
0
0
0
0
0
0
0
0
0
0
0
0
0
0
0
0
0
0
0
0
0
0
0
0
0
0
0
0
0
0
0
0
0
0
0
0
0
0
0
0
0
0
0
1
0
0
1
1
1
1
0
1
0
0
0
0
1
0
2
1
1
3
1
1
2
2
2
2
1
0
3
5
2
1
2
2
0
6
2
1
1
4
5
7
7
8
7
3
9
6
13
12
12
12
14
16
19
19
27
28
32
32
27
32
37
48
41
48
38
56
53
66
71
62
78
67
81
88
95
103
73
103
121
108
110
116
117
106
108
117
119
115
116
117
119
118
126
134
134
138
131
122
108
121
123
129
137
129
113
122
103
122
111
128
108
134
121
131
109
114
89
110
125
138
109
124
119
103
117
136
112
96
117
106
129
119
114
103
105
119
110
93
122
121
127
106
102
113
125
117
125
124
160
120
124
126
127
139
141
134
123
121
123
137
100
154
134
143
131
127
125
154
152
140
137
144
140
145
158
139
145
144
133
151
147
142
135
155
148
115
135
149
142
129
146
166
136
134
141
162
156
150
132
153
134
135
157
154
134
135
146
154
146
161
152
159
120
140
141
158
151
129
158
134
112
144
155
132
170
132
135
135
152
149
137
141
125
125
123
141
133
144
130
131
142
129
137
125
123
126
132
145
153
113
120
124
125
120
114
128
117
117
125
118
128
125
135
120
137
124
110
141
124
107
119
110
110
131
121
118
109
124
120
128
139
117
125
120
133
107
130
134
132
144
123
124
120
129
129
126
133
99
128
142
110
141
133
103
125
137
125
131
127
128
130
117
127
124
120
129
126
125
129
142
126
127
109
135
130
132
128
131
129
127
135
140
131
112
133
124
128
109
134
121
106
121
123
122
122
119
108
115
106
115
135
106
116
122
109
138
103
98
137
123
109
108
110
97
139
129
122
112
115
125
134
116
126
122
105
137
124
111
132
107
128
111
122
112
102
130
127
113
127
125
118
135
110
130
115
119
113
106
134
126
95
127
143
112
125
116
131
132
109
139
144
103
126
121
122
126
122
124
120
124
132
128
120
132
121
125
103
124
124
126
114
103
100
96
111
108
123
114
127
121
121
124
115
151
118
121
123
112
128
106
108
102
115
123
127
112
101
115
99
119
118
124
105
126
126
114
108
101
119
113
104
118
104
112
118
101
98
101
113
109
90
116
93
107
117
121
113
104
107
99
107
109
97
100
111
114
90
107
95
118
94
103
109
97
93
113
99
98
118
101
90
108
108
105
90
110
99
109
86
92
107
99
101
83
75
96
98
91
97
90
92
86
100
92
82
98
72
86
86
96
78
107
67
92
98
89
94
86
86
94
101
85
72
87
81
92
83
92
87
82
67
86
86
78
87
80
74
85
81
86
93
85
89
94
86
86
71
75
115
81
82
67
79
85
75
75
72
75
73
91
82
58
83
76
91
88
84
68
69
84
76
64
69
77
89
54
80
75
75
60
87
76
81
77
97
67
78
73
74
74
74
70
66
77
82
83
81
62
69
72
70
56
70
60
69
77
66
78
68
71
66
79
66
62
69
64
56
78
73
85
71
59
78
70
63
72
57
75
84
75
79
83
61
72
53
75
64
62
72
63
73
71
77
78
79
68
57
69
71
59
66
64
57
66
64
62
66
66
55
70
60
75
79
68
58
64
59
59
64
54
46
62
74
68
82
69
56
73
65
78
62
63
58
77
55
52
67
57
66
71
47
67
64
49
82
74
58
60
55
73
62
68
66
61
69
68
68
58
66
44
63
78
53
66
71
66
52
63
54
53
54
55
54
68
69
66
67
61
66
61
68
57
68
69
58
61
50
50
52
57
54
59
68
66
60
62
53
71
60
60
49
60
49
65
53
56
57
58
74
59
68
54
58
59
46
50
51
68
53
49
60
65
64
68
60
62
58
61
55
59
63
59
51
57
58
74
52
53
61
64
52
60
62
62
54
50
63
58
52
64
66
49
64
65
51
52
63
54
69
49
54
54
51
59
64
57
49
46
50
50
60
53
63
48
65
40
68
63
59
54
51
46
56
52
62
54
69
49
55
56
67
54
55
49
60
59
49
54
52
61
48
60
48
62
62
50
59
59
53
59
60
58
72
51
51
51
57
64
52
37
50
59
54
57
52
44
46
48
50
55
54
62
40
52
52
56
74
47
49
52
54
49
60
50
41
38
54
52
50
50
58
46
56
48
51
47
52
52
51
58
50
53
55
45
54
42
62
43
52
58
48
59
51
48
38
51
47
56
52
48
38
46
60
57
51
47
55
59
44
51
54
49
60
50
51
56
50
59
42
55
47
45
51
53
61
43
60
53
50
55
46
60
62
44
67
45
44
58
58
48
41
44
58
49
62
44
61
48
50
47
48
52
45
49
64
41
50
56
53
49
49
44
42
42
47
41
46
59
47
52
41
41
55
48
57
52
40
40
49
44
42
44
48
49
40
49
43
51
53
54
42
49
51
39
48
41
44
40
47
40
46
42
48
51
51
48
55
42
49
57
47
50
50
55
40
43
44
53
42
61
62
59
70
48
43
47
44
40
38
52
42
51
49
59
51
44
53
42
47
43
41
34
37
38
40
47
33
49
53
33
37
44
51
49
56
38
41
40
39
61
31
37
37
36
33
35
42
42
45
44
38
41
36
33
45
26
43
45
40
49
46
34
55
44
37
34
31
43
32
43
36
39
46
40
38
32
31
31
40
34
37
47
39
38
28
36
30
31
40
35
40
34
28
46
43
46
35
40
35
29
37
31
25
39
32
41
37
38
29
42
31
42
39
37
30
26
31
26
28
32
32
23
27
25
26
24
18
33
25
24
27
23
28
26
33
16
32
27
28
19
27
30
25
27
22
27
24
21
25
25
19
30
21
26
32
25
31
27
12
29
25
20
18
27
30
32
31
25
30
20
23
15
27
16
28
26
22
29
27
21
25
19
20
19
13
25
21
29
25
20
28
20
20
18
12
19
13
30
17
18
19
16
20
19
22
25
13
24
18
19
17
20
24
24
20
15
27
24
12
19
15
18
20
17
17
23
17
26
15
16
13
15
20
16
21
16
15
20
15
22
22
23
21
19
20
17
17
26
23
10
19
19
14
22
14
15
21
13
18
26
15
19
14
19
12
16
24
21
15
16
16
27
17
14
22
26
12
20
12
17
19
21
20
21
14
12
18
24
21
11
10
14
16
19
20
17
16
14
15
18
21
21
15
19
11
23
16
20
9
15
13
12
11
11
22
16
16
19
14
18
10
20
15
18
21
24
13
15
16
22
12
21
21
20
18
18
20
21
24
20
17
22
14
20
14
24
15
19
15
12
22
19
15
13
18
15
15
19
22
13
12
12
13
11
21
18
13
21
24
14
16
10
17
17
12
14
20
16
9
13
17
17
11
11
19
20
14
16
13
8
16
15
16
11
9
18
15
17
21
28
20
14
19
13
8
14
10
22
19
19
18
19
29
18
21
12
15
15
18
24
19
23
15
13
13
20
14
16
17
18
16
20
20
24
24
20
16
24
18
19
20
22
15
20
23
28
16
21
17
18
24
18
22
20
23
19
25
24
23
18
18
36
28
37
30
17
25
28
25
32
31
24
39
28
25
29
37
37
30
43
40
39
31
34
35
37
33
44
47
42
39
51
40
37
56
36
53
57
44
58
62
62
56
68
61
59
53
54
72
64
53
68
63
75
68
63
62
89
80
66
78
82
63
84
84
78
74
92
88
69
80
99
113
94
91
98
102
94
99
97
101
93
108
112
126
121
131
104
117
115
138
118
119
139
109
139
146
133
150
122
140
151
160
171
133
143
162
151
167
176
169
148
191
191
164
165
142
163
163
166
187
189
186
175
179
187
187
183
178
204
177
184
176
198
188
196
170
191
170
194
196
172
185
196
180
203
175
195
196
185
203
197
186
218
204
183
170
185
196
179
186
200
176
171
189
191
173
175
191
218
163
186
178
184
176
192
189
166
180
171
165
162
164
158
162
137
152
152
182
153
144
168
165
159
145
139
133
140
143
131
113
126
136
113
127
94
126
121
107
115
104
108
85
103
101
108
97
117
94
92
78
108
88
102
78
85
81
82
85
84
81
81
74
62
79
73
69
66
75
62
53
57
53
50
54
47
56
55
50
44
46
44
57
37
50
32
53
36
27
32
43
32
45
33
30
34
47
16
30
21
20
23
23
14
19
21
25
23
17
22
15
20
15
7
14
20
22
18
21
16
17
18
16
19
16
12
19
8
12
5
7
12
13
11
5
8
14
7
11
4
3
7
5
7
8
6
6
5
2
8
11
4
4
3
6
6
4
2
3
5
7
6
7
3
7
6
7
2
4
7
1
4
6
6
3
1
5
2
2
3
2
3
1
3
1
6
3
1
3
3
3
5
2
1
1
3
4
1
2
1
1
5
1
1
2
1
2
3
3
2
2
4
1
0
1
7
2
2
1
4
2
3
2
2
2
1
0
3
4
4
3
1
3
1
2
4
3
1
4
1
2
4
2
2
5
2
0
2
5
3
1
0
1
3
3
0
1
4
1
1
3
4
0
0
1
1
1
1
2
1
1
8
3
2
3
2
1
0
4
3
2
1
1
1
3
1
2
0
2
1
3
3
4
1
4
1
4
3
1
3
2
4
4
4
1
0
0
0
2
1
0
5
1
3
1
3
1
4
2
0
0
0
1
2
2
2
2
3
1
0
0
3
2
1
0
2
3
2
1
2
2
1
2
5
1
1
2
0
2
2
1
1
3
1
2
2
3
0
0
3
0
1
1
2
2
1
2
2
2
4
3
0
1
1
1
1
0
2
1
0
4
0
3
2
4
2
1
1
0
2
0
0
1
1
3
2
1
3
1
0
3
0
1
4
0
1
1
1
1
2
0
0
2
1
0
2
1
2
1
3
2
0
3
0
2
4
1
1
4
1
1
0
1
0
3
1
1
0
1
0
0
2
3
1
3
0
1
1
3
0
2
1
2
0
5
0
1
3
2
2
1
1
3
3
0
3
0
1
1
1
2
3
1
1
0
1
1
1
1
2
3
1
1
3
2
2
2
2
0
3
1
3
2
1
1
1
0
1
0
2
3
4
2
1
3
0
1
1
2
1
2
1
2
2
2
2
2
2
1
3
1
1
2
3
3
0
0
1
0
3
0
1
3
1
1
3
1
1
3
2
1
0
1
1
2
0
1
2
0
3
2
1
0
1
0
1
2
2
0
0
0
2
0
1
1
3
1
1
3
1
2
1
1
1
1
2
1
1
2
1
1
0
0
3
0
5
0
2
0
1
0
0
3
3
1
2
1
2
2
1
1
2
1
2
1
2
2
1
1
3
0
1
0
2
2
2
0
1
0
3
0
2
1
2
1
1
2
1
1
3
2
1
0
1
1
1
1
0
0
1
3
2
1
1
1
1
2
0
1
1
0
3
0
2
1
1
3
3
2
1
2
3
3
1
0
0
0
1
3
3
2
2
3
2
2
1
0
2
0
1
1
2
1
3
1
0
3
1
2
2
0
1
0
4
3
1
2
3
1
0
1
1
0
2
0
1
1
2
0
0
3
1
1
0
1
1
0
1
3
1
1
1
1
1
1
1
1
0
2
3
1
0
0
2
0
1
1
0
4
1
0
2
1
2
0
0
0
0
1
1
1
1
2
1
2
1
3
2
0
2
4
2
1
1
0
1
1
0
1
2
1
4
1
1
2
0
0
2
0
0
1
0
1
2
1
1
2
2
0
3
1
0
1
1
0
1
3
2
0
0
4
2
3
1
2
0
2
0
1
0
0
3
0
0
0
1
1
1
0
2
1
0
1
0
1
2
0
0
0
1
1
1
2
1
0
1
1
2
1
0
2
3
4
1
0
0
0
3
0
1
1
1
2
0
1
0
1
2
0
1
0
4
2
1
0
0
2
1
2
5
1
1
0
1
0
2
0
1
2
1
1
1
1
0
0
0
1
0
1
1
0
0
1
2
1
0
2
1
0
2
0
1
1
1
1
2
2
0
1
1
0
0
2
0
0
0
0
2
0
0
0
2
1
0
1
0
1
0
0
0
0
0
0
0
1
1
1
0
0
0
1
1
1
0
1
0
0
0
1
1
1
1
1
0
1
0
1
0
0
1
0
0
0
0
0
0
0
0
1
0
0
3
1
0
2
1
0
1
1
1
0
1
1
1
0
1
0
0
0
0
0
3
0
0
1
1
1
2
0
0
0
1
0
3
0
1
1
0
0
0
0
0
0
0
0
0
2
0
0
1
0
2
1
1
2
0
1
2
0
0
1
1
1
2
0
1
2
0
2
0
0
1
1
3
1
2
0
2
2
3
0
2
0
0
1
0
1
1
1
0
2
1
2
0
0
0
3
2
0
1
0
1
2
0
1
0
1
1
1
2
1
1
0
0
2
0
0
1
2
0
0
0
1
0
2
1
1
0
0
1
0
2
1
2
2
1
0
2
2
1
0
0
1
1
0
3
0
0
1
2
0
1
0
0
1
0
1
0
3
0
0
1
0
0
1
1
1
0
0
2
1
0
0
2
2
0
1
0
0
1
1
0
0
0
4
0
0
1
0
1
1
1
4
0
0
1
1
1
1
0
0
1
0
1
1
0
1
1
1
0
0
1
3
0
0
1
1
0
1
1
1
0
0
1
3
2
0
0
0
1
1
1
0
0
1
2
0
0
1
0
1
1
1
0
0
0
3
0
0
2
0
1
0
0
3
2
2
1
1
1
1
0
0
0
1
0
1
1
0
0
2
0
1
1
0
0
0
1
0
0
2
0
1
0
0
0
0
1
0
0
0
0
1
0
0
0
0
1
1
0
2
1
0
1
4
1
0
0
0
1
0
0
0
1
1
0
0
0
1
1
0
0
1
1
1
2
1
0
0
1
0
1
1
1
1
0
0
0
1
1
0
1
0
0
2
1
0
0
1
0
0
0
1
0
0
1
1
1
0
0
0
2
3
0
0
1
0
1
3
1
0
0
0
1
1
0
2
0
0
2
2
0
1
2
1
0
0
3
0
1
0
1
1
0
0
1
2
0
2
0
0
1
0
0
3
0
0
3
1
0
2
0
2
1
1
0
1
1
0
1
1
0
1
1
1
1
0
0
1
1
0
2
0
0
0
2
2
0
0
0
0
1
0
0
1
0
0
0
0
1
0
0
0
3
1
0
1
2
0
1
0
0
0
0
0
0
0
0
0
0
1
0
2
1
0
0
2
1
1
0
1
0
1
0
0
2
0
0
3
0
1
2
1
2
0
0
0
0
0
0
1
0
0
0
2
2
1
0
0
0
0
1
1
0
2
1
1
0
1
0
0
0
0
2
0
1
2
0
0
0
2
0
0
0
0
0
1
0
0
1
0
0
1
2
0
1
1
0
0
0
0
0
0
2
0
0
1
1
1
1
0
2
0
1
0
1
0
0
0
0
3
0
0
1
0
0
2
1
0
2
0
0
0
0
0
0
1
0
0
0
0
0
0
0
0
1
0
0
0
0
1
0
0
0
1
1
0
1
0
0
0
0
1
0
0
1
0
1
0
2
0
0
1
1
0
0
2
1
1
0
0
0
1
0
0
1
0
0
1
1
0
0
2
1
0
1
0
1
0
2
0
0
0
0
0
2
1
0
2
0
1
0
1
0
3
0
1
1
0
0
0
0
0
1
1
2
0
1
0
0
0
1
1
0
1
0
0
1
0
0
1
2
0
0
0
1
0
1
0
1
1
0
1
1
0
1
1
0
2
0
0
0
0
0
0
0
0
0
0
1
3
1
0
1
0
1
1
0
1
0
0
0
0
0
0
0
0
0
0
0
0
1
0
2
1
0
1
0
3
0
0
0
0
0
0
0
0
0
0
0
0
1
0
1
0
0
1
0
0
0
0
0
0
1
0
2
1
1
2
1
0
1
0
0
1
0
0
0
1
0
1
0
0
2
0
1
0
0
0
1
0
0
1
0
0
1
0
0
1
3
1
1
1
0
1
0
1
1
0
0
1
0
0
1
0
0
0
1
0
0
0
0
1
0
0
0
0
0
4
0
0
0
0
1
0
0
0
0
0
0
1
0
0
1
1
0
0
1
0
1
0
0
1
0
2
0
0
0
0
0
0
0
0
0
0
0
0
0
1
1
0
1
1
0
0
1
0
0
1
0
1
0
1
1
0
0
0
0
0
2
0
1
0
1
0
2
0
0
1
0
0
0
2
0
0
2
0
0
0
0
2
0
0
1
1
0
1
0
2
3
1
2
0
1
0
2
0
1
2
1
4
0
0
1
0
1
1
2
0
2
0
0
0
1
0
2
2
2
0
0
1
0
1
0
0
0
1
0
1
1
0
0
1
1
1
3
1
0
2
1
4
1
1
0
0
0
0
2
2
0
1
0
0
1
2
1
3
1
0
1
0
0
1
0
1
0
0
3
1
0
0
0
1
0
0
2
1
2
2
0
0
2
1
3
1
2
0
0
1
0
0
2
1
0
0
0
0
0
1
0
1
1
0
0
2
1
1
1
3
1
0
0
1
1
0
0
1
2
1
1
0
1
1
0
1
0
0
1
0
1
3
1
0
2
1
0
1
0
1
0
0
2
0
2
1
1
0
0
1
0
0
0
0
0
0
0
0
0
0
1
0
0
0
1
1
0
0
1
0
2
1
1
0
0
0
0
2
1
0
0
0
0
0
1
0
0
0
0
0
0
1
0
1
0
0
0
1
0
0
0
1
0
1
0
1
0
1
0
1
0
0
0
2
0
1
0
0
1
1
1
0
0
0
1
0
0
0
0
0
0
0
1
0
0
0
0
0
0
0
0
1
1
1
0
0
1
0
0
0
0
0
0
2
1
0
0
0
0
0
0
1
0
0
2
0
0
0
0
1
0
0
0
0
0
1
0
0
1
0
0
1
0
0
0
0
0
0
0
0
2
0
0
0
0
1
0
0
0
0
0
0
1
0
1
0
0
1
0
0
0
1
0
0
1
0
1
1
0
0
0
0
0
0
0
0
0
1
0
0
1
0
0
0
1
0
0
0
0
0
0
0
0
0
0
0
0
0
0
1
0
0
0
0
1
0
1
0
0
0
0
