0
0
0
0
0
0
0
0
0
0
0
0
0
0
0
0
0
0
0
0
0
0
0
0
0
0
0
0
0
0
0
0
0
0
0
0
0
0
0
0
0
0
0
0
0
0
0
0
0
0
0
0
0
0
0
0
0
0
0
0
0
0
0
0
0
0
0
0
0
0
0
0
0
0
0
0
0
0
0
0
0
0
0
0
0
0
0
0
0
0
0
0
0
0
0
0
0
0
0
0
0
1
0
0
0
0
0
0
0
0
0
0
0
0
0
0
0
0
0
0
1
0
0
0
0
0
0
0
1
0
0
0
1
0
1
1
1
3
1
1
1
2
0
1
0
1
0
3
2
2
2
3
2
3
4
8
5
1
5
3
5
10
5
6
5
14
12
9
12
16
15
14
15
24
23
28
31
33
31
43
40
40
39
56
49
50
77
67
62
88
69
78
78
93
90
87
82
102
121
78
98
93
99
116
96
102
114
131
118
96
125
101
115
119
101
88
120
110
114
101
99
100
88
130
111
85
124
97
117
96
94
93
111
86
106
101
96
119
101
98
88
114
103
94
106
80
103
91
114
96
91
105
98
112
104
99
96
114
99
102
104
118
93
101
102
103
124
121
116
102
100
134
109
132
111
126
109
112
144
117
108
106
122
139
141
132
115
122
113
121
110
123
147
122
127
110
124
140
120
123
119
146
133
140
122
126
123
115
127
143
129
145
129
119
134
130
123
115
128
104
137
110
122
146
138
120
152
141
121
136
122
130
132
144
120
125
114
110
140
112
131
108
125
127
100
125
125
132
105
129
118
103
119
114
97
115
139
103
108
114
102
115
109
100
119
106
120
122
107
101
121
104
116
106
108
124
94
109
107
105
101
121
88
119
96
86
98
119
104
123
104
106
95
100
95
116
113
119
88
118
104
90
113
104
98
112
112
110
100
107
91
101
103
113
98
103
99
116
122
101
103
112
106
103
92
104
95
115
96
115
103
121
112
112
123
93
126
108
128
108
109
96
84
88
100
93
100
107
107
101
104
103
101
102
83
113
88
124
114
87
92
94
100
88
100
120
97
104
106
96
105
101
85
100
98
108
101
110
115
105
79
89
103
116
102
105
91
108
112
118
98
90
88
105
102
90
94
112
106
82
99
95
102
93
107
101
86
111
86
93
97
97
87
97
113
111
118
103
94
86
106
100
76
108
99
111
87
99
86
96
95
108
107
129
100
108
106
90
94
86
99
95
92
109
101
112
112
103
75
98
97
93
79
90
98
97
88
117
99
91
99
105
96
92
99
108
102
94
98
85
111
87
82
100
108
88
90
92
73
81
94
84
94
80
92
80
76
95
73
100
92
108
90
82
94
77
98
84
90
75
98
89
91
88
84
79
79
120
90
87
68
95
72
77
85
74
83
100
78
76
71
93
100
90
94
78
76
80
75
77
76
70
83
73
71
87
70
62
61
73
71
78
68
87
89
77
73
76
73
67
89
75
69
88
76
71
57
89
76
84
54
68
69
70
59
75
89
72
59
63
56
66
74
61
62
54
77
83
73
69
72
75
71
67
71
63
74
60
61
52
52
70
67
77
59
62
73
57
63
78
73
64
81
70
63
61
59
52
49
47
60
70
75
67
54
61
63
57
58
62
50
53
65
57
68
70
69
53
56
56
59
48
52
46
59
56
54
52
69
55
56
59
69
58
56
50
59
48
67
63
77
51
56
51
59
53
49
37
68
58
61
54
60
52
45
49
48
52
72
56
40
44
63
42
53
46
50
53
47
46
46
60
42
42
52
50
46
54
58
48
50
46
64
55
43
41
47
61
48
47
48
49
49
53
56
49
44
61
55
67
60
49
59
48
45
48
49
60
62
48
69
48
61
65
51
50
40
46
53
46
52
43
39
51
57
58
57
48
48
57
54
45
44
44
43
40
40
47
61
54
39
52
56
51
68
39
45
52
46
52
49
62
49
49
64
58
60
48
45
58
48
57
55
61
44
64
53
52
49
45
35
43
39
45
55
43
41
42
44
54
46
30
40
52
38
44
42
56
46
44
46
50
44
53
50
58
59
48
42
58
53
50
37
57
50
41
51
38
49
37
44
46
44
43
53
45
46
42
49
51
58
38
42
49
44
40
46
39
51
43
41
46
49
40
36
36
45
38
42
37
42
47
42
53
56
47
39
36
47
50
44
45
61
55
42
60
31
48
40
55
44
42
45
41
56
56
50
38
56
35
49
41
28
51
28
41
37
45
44
54
44
43
36
43
35
45
40
54
33
52
40
51
55
41
44
47
45
40
44
49
40
30
43
43
57
45
47
34
34
36
34
44
39
42
44
41
37
46
35
47
34
57
44
42
33
45
34
46
39
42
31
39
44
30
42
28
40
38
38
39
37
33
44
41
47
36
36
41
31
37
44
44
39
35
37
35
42
33
31
45
43
47
43
32
44
45
43
36
35
40
37
43
46
34
50
50
43
32
44
43
57
44
48
41
40
40
45
32
37
32
50
29
33
48
47
52
38
44
42
32
41
36
39
34
31
30
46
26
41
36
32
35
33
31
43
51
46
27
54
36
39
27
37
44
40
43
41
37
29
30
51
40
44
53
41
36
41
51
34
37
42
43
32
41
46
39
36
42
40
49
44
32
36
34
43
39
35
24
37
29
37
28
35
36
37
43
35
37
47
40
41
42
42
53
40
38
38
28
34
48
34
32
37
40
44
33
33
37
29
44
35
29
42
46
46
41
37
30
31
25
35
44
33
30
45
45
33
32
35
31
44
40
37
31
41
26
38
28
39
44
36
42
42
27
24
40
32
31
32
36
33
23
43
32
54
37
33
44
30
41
27
33
42
37
32
17
28
32
32
32
31
41
27
36
29
27
30
32
27
28
27
38
39
31
36
26
21
29
30
36
27
26
24
28
28
22
21
23
25
31
27
30
24
29
26
25
20
29
26
26
26
19
35
39
21
26
25
32
26
23
22
18
15
26
23
23
21
33
17
27
21
33
26
29
21
24
33
20
20
14
22
25
24
18
25
25
18
23
19
22
19
33
24
21
23
15
16
23
24
23
24
18
21
29
20
20
12
17
27
23
18
22
21
19
22
15
20
16
19
19
20
17
11
21
17
17
16
15
9
21
10
19
17
23
24
19
20
11
17
17
12
21
19
19
19
19
13
11
18
17
16
15
20
13
12
15
18
19
20
16
18
21
17
20
17
13
24
17
9
22
19
21
17
15
10
16
19
16
13
12
17
12
18
15
17
10
13
12
20
15
12
16
15
9
13
15
15
17
12
10
12
15
14
15
14
17
14
13
10
18
11
9
16
15
11
18
10
13
11
11
14
12
8
13
14
20
9
12
22
14
14
10
13
12
7
10
16
12
11
5
10
13
6
10
15
10
15
24
15
15
9
13
13
14
16
11
11
13
19
17
11
13
9
10
10
8
15
10
10
12
19
10
20
16
18
11
13
14
7
12
17
11
16
10
12
14
12
16
11
16
9
13
8
8
7
18
13
16
15
17
17
15
19
16
10
7
16
13
11
11
15
13
14
13
16
25
19
16
21
13
13
9
14
15
14
17
15
16
17
12
12
18
10
10
12
13
22
16
15
15
11
16
17
9
13
15
17
11
8
13
15
18
9
22
13
18
12
15
15
13
17
19
21
11
13
17
17
13
21
20
18
17
20
9
22
18
11
9
20
15
18
19
13
16
12
21
17
17
14
16
14
16
16
18
15
17
32
21
26
14
32
20
21
20
19
21
13
18
21
19
24
30
21
21
18
26
33
29
24
28
28
25
29
33
41
24
34
25
30
28
30
34
43
35
33
35
36
34
39
39
35
47
29
41
53
33
40
47
44
58
61
52
50
54
65
52
60
53
44
54
42
68
56
58
67
58
58
70
83
59
68
72
66
64
72
74
70
89
82
72
84
86
83
78
79
98
101
88
99
84
83
99
91
104
110
105
101
106
102
102
96
92
112
122
113
112
122
124
115
127
120
116
122
130
134
109
123
115
118
140
111
129
142
129
136
115
115
124
161
150
154
141
140
145
141
129
171
151
144
139
155
148
157
155
141
136
150
130
132
142
176
171
139
142
149
155
157
173
160
137
148
164
164
152
139
169
140
144
160
144
153
151
147
152
155
137
146
131
121
136
123
138
124
145
125
104
119
147
140
130
129
138
126
125
124
116
118
111
113
117
110
139
104
100
116
99
113
90
100
91
88
101
101
102
107
97
99
72
71
80
88
65
81
89
87
64
73
67
77
69
55
78
77
64
69
78
59
65
48
70
51
56
51
67
56
35
53
46
38
49
36
43
44
44
38
39
31
40
45
42
35
42
36
28
28
34
29
40
36
30
25
17
31
33
17
25
25
22
26
24
24
18
30
25
23
15
18
23
12
19
18
13
17
15
21
10
8
11
17
10
15
11
7
19
11
10
11
6
11
6
10
9
9
6
7
8
9
6
7
7
3
7
10
6
5
5
7
3
7
4
3
2
4
2
7
2
5
6
8
7
6
4
7
7
6
5
2
3
4
4
8
3
2
5
5
3
3
4
7
2
4
5
4
1
5
3
1
1
5
6
4
2
0
3
4
2
1
2
2
2
3
4
3
3
1
2
1
1
1
0
1
2
0
2
4
1
5
1
3
3
2
2
2
1
3
4
5
2
3
2
1
3
4
3
0
1
2
3
2
1
2
2
1
2
1
3
0
2
0
2
1
0
2
1
2
0
0
2
2
5
3
2
2
2
3
0
3
2
0
1
0
2
1
3
3
1
0
4
0
1
3
1
5
0
2
5
1
1
3
0
2
1
2
1
3
2
2
1
2
3
2
0
4
0
3
1
1
0
0
1
1
2
1
1
1
1
2
0
0
0
0
1
2
1
2
0
2
0
0
0
0
2
3
3
1
1
2
1
4
3
0
0
1
4
1
3
2
3
0
1
2
1
1
1
1
1
1
2
0
0
2
1
0
2
1
2
0
3
3
3
0
1
2
1
2
1
1
0
0
1
1
0
0
2
0
0
1
1
0
0
1
3
3
0
0
1
3
0
2
1
1
2
1
1
1
0
3
2
1
3
0
3
2
1
1
0
0
3
0
1
0
0
2
1
0
0
0
0
1
2
0
2
1
3
0
3
2
2
2
3
3
1
2
2
3
0
1
0
2
1
0
1
4
0
0
2
2
1
1
0
0
1
2
1
1
0
0
2
0
1
2
1
3
0
0
4
0
1
2
1
2
0
2
3
1
1
0
1
1
1
2
0
1
2
2
0
0
2
0
3
1
4
1
3
2
1
1
0
0
0
0
1
0
0
0
0
1
0
0
0
2
1
0
2
2
1
2
1
1
0
2
1
0
3
1
1
1
0
2
3
0
1
0
0
0
1
4
1
0
0
2
1
1
1
2
0
0
0
1
0
1
0
0
0
1
5
1
2
0
0
1
0
1
1
2
2
2
1
0
0
0
0
1
1
2
1
2
0
0
3
1
2
1
1
2
0
1
2
0
2
3
0
1
0
1
0
0
1
3
1
0
1
1
0
2
1
2
2
1
2
1
1
0
2
1
1
0
0
3
0
3
0
2
0
0
5
1
3
2
2
0
0
0
1
3
2
0
1
2
0
2
2
2
0
2
2
1
1
0
1
1
6
2
2
1
2
1
2
1
3
0
0
1
2
2
1
0
0
1
5
1
2
1
2
0
1
1
1
1
0
2
1
2
0
2
1
1
0
0
1
1
1
1
0
1
1
2
2
0
3
2
1
0
2
3
1
1
2
1
2
2
1
0
1
0
1
0
0
1
0
1
1
1
2
1
0
1
0
0
2
0
1
1
2
2
0
1
0
0
1
0
0
0
1
1
1
1
1
1
0
1
0
0
0
0
1
1
1
1
1
1
0
0
0
0
2
2
1
0
2
0
0
0
1
1
1
3
0
1
1
0
2
0
2
3
1
2
0
2
1
1
0
0
3
0
0
2
0
0
0
2
3
0
0
1
2
0
3
2
0
2
2
0
0
2
0
1
0
0
1
1
3
1
0
1
0
2
1
1
0
1
1
1
1
1
1
2
0
2
1
1
2
2
0
0
0
0
1
0
3
0
1
0
0
2
1
1
0
0
1
1
2
0
2
0
0
1
0
0
2
0
0
0
0
1
0
1
0
1
1
1
0
0
0
0
2
1
1
4
2
3
1
1
0
0
1
0
1
0
0
1
0
0
2
2
0
0
1
1
1
0
1
0
0
1
0
1
1
1
1
2
2
0
0
1
2
0
1
0
1
1
0
0
2
2
1
0
0
2
1
1
0
1
0
0
4
0
1
0
1
0
0
1
1
1
3
0
0
1
0
0
2
0
2
1
1
0
1
0
0
0
2
1
2
1
0
1
2
0
0
0
2
1
1
2
2
0
1
1
1
0
1
0
0
0
1
0
1
1
0
1
2
0
0
1
0
1
0
1
1
0
1
3
0
0
1
2
0
2
1
1
0
0
0
0
2
2
0
0
0
2
0
0
0
1
1
0
0
0
1
0
0
0
1
1
0
1
0
1
1
1
0
1
0
2
2
1
0
0
1
1
2
0
0
0
0
1
0
3
0
1
1
2
2
0
0
0
0
1
2
0
1
1
0
0
2
1
2
2
0
2
0
0
1
0
3
0
0
0
1
0
0
1
0
0
0
1
1
1
0
0
1
0
0
2
0
2
0
1
1
0
0
1
1
0
0
2
1
0
2
0
1
0
1
0
2
1
2
1
0
2
1
1
0
0
0
1
2
0
1
1
1
0
0
1
1
1
0
0
0
0
3
1
0
0
0
1
1
4
0
1
1
1
0
0
1
1
0
1
0
1
0
1
2
1
1
0
1
1
2
1
1
1
1
1
1
1
0
1
0
0
1
2
1
1
0
1
0
0
0
1
0
1
0
0
1
0
2
0
0
2
0
0
1
1
0
0
1
2
0
1
1
0
1
0
0
1
0
1
0
0
1
1
0
0
0
1
1
2
1
0
1
0
4
0
0
0
1
2
1
2
1
1
0
2
0
0
0
0
0
0
1
0
0
0
1
1
0
1
0
1
1
1
0
0
1
1
0
1
2
0
0
0
0
0
0
0
0
0
0
2
0
0
1
2
1
0
0
1
2
0
2
0
1
0
1
0
0
0
1
2
1
0
0
1
1
1
1
0
1
0
0
1
0
0
0
1
0
0
2
2
1
1
0
0
0
2
0
1
3
0
0
0
0
0
0
1
1
1
0
2
2
1
1
0
0
1
0
0
1
0
0
1
1
0
0
0
0
1
0
1
1
1
1
0
0
1
0
2
0
1
0
0
0
0
1
0
0
0
0
0
0
0
0
0
1
1
1
0
0
1
1
3
0
1
0
0
1
0
0
0
1
0
0
0
0
0
0
0
0
0
0
1
2
0
1
1
0
1
0
0
1
0
2
0
0
0
0
0
0
1
0
1
0
0
0
0
0
0
1
0
0
0
0
2
0
1
0
0
0
0
1
0
1
1
0
0
0
0
0
0
0
0
0
0
0
1
1
0
0
1
0
0
0
0
1
2
0
1
0
0
0
0
0
0
0
0
1
0
0
0
1
1
0
0
0
0
1
1
0
1
0
1
0
1
0
2
1
0
1
0
1
0
0
1
1
1
1
0
0
0
1
1
0
0
0
0
0
0
0
0
0
0
0
2
0
0
0
1
2
2
1
1
1
2
1
1
1
0
0
1
1
0
0
1
1
0
1
0
1
0
0
1
0
0
0
0
2
0
0
0
1
0
0
0
0
0
0
0
0
0
0
1
0
0
0
0
0
0
0
0
1
0
0
0
1
0
3
0
0
0
1
0
1
0
1
0
0
0
1
0
0
0
1
0
0
0
1
0
1
1
0
1
1
1
0
0
0
0
0
0
2
0
0
1
1
0
1
0
0
0
1
1
0
0
1
1
2
0
0
0
0
0
0
1
0
1
1
2
1
0
0
0
0
0
1
0
1
0
0
0
0
0
1
0
0
1
0
0
0
1
0
1
1
0
1
0
0
0
0
0
0
0
0
1
0
0
0
1
1
0
1
0
0
1
0
3
0
0
1
0
0
0
0
0
2
0
0
2
0
1
0
1
0
1
0
2
0
0
0
1
1
1
1
0
0
0
0
0
0
1
1
0
1
0
0
0
0
0
0
0
0
0
0
1
1
0
0
1
2
0
1
0
2
0
0
1
1
0
0
2
0
0
0
0
2
1
0
0
1
0
1
0
1
0
1
1
1
0
1
0
1
0
0
0
0
0
1
0
1
0
0
0
1
1
0
1
2
0
1
0
1
1
0
0
0
0
2
0
1
0
0
1
2
1
0
0
0
0
1
1
0
0
0
0
1
2
1
0
0
2
0
0
0
0
0
0
2
1
0
0
1
1
2
1
0
2
0
0
1
0
1
1
0
1
0
0
0
1
0
1
1
0
0
0
0
1
0
1
0
1
0
2
0
1
1
0
0
0
1
1
2
1
2
1
1
1
1
1
1
0
0
1
3
0
1
2
1
2
1
1
1
1
0
0
1
1
0
0
3
1
1
0
2
0
0
0
0
0
1
1
0
0
1
3
0
1
0
1
2
0
0
0
0
0
1
0
0
0
0
0
5
0
1
0
0
0
1
0
2
0
0
1
0
0
1
1
1
0
1
1
1
2
1
1
0
0
1
1
1
1
1
0
0
1
0
0
0
1
1
2
2
0
0
1
1
0
0
0
0
0
0
0
0
1
0
1
2
1
0
1
0
0
0
0
0
1
0
1
0
1
0
0
0
0
0
0
0
1
0
1
1
0
2
0
0
0
0
1
0
0
1
0
0
0
0
1
0
0
0
0
3
0
0
0
1
0
1
1
0
0
1
1
0
0
2
0
0
0
1
1
2
0
0
0
1
1
1
0
0
0
0
1
0
0
1
0
0
0
0
2
0
2
0
0
1
0
0
0
1
0
0
0
0
0
0
1
2
0
0
0
0
0
0
0
0
0
0
1
0
0
1
0
1
1
1
0
0
1
0
0
0
0
0
0
0
0
0
1
0
1
1
0
0
0
0
1
1
0
0
0
1
0
1
0
0
0
0
0
0
0
0
0
1
0
0
0
0
0
0
0
0
2
0
0
0
0
0
0
0
0
0
0
0
0
0
0
0
0
0
0
0
1
0
0
0
1
0
0
0
0
1
0
0
0
1
1
1
1
0
2
0
0
0
0
1
0
0
0
1
1
0
1
0
1
0
0
2
0
0
0
0
0
1
1
0
