0
0
0
0
0
0
0
0
0
0
0
0
0
0
0
0
0
0
0
0
0
0
0
0
0
0
0
0
1
0
0
0
0
0
0
0
0
0
0
0
0
0
0
0
0
0
0
0
0
0
0
0
0
0
0
0
0
0
0
0
0
0
0
0
0
0
0
0
0
0
0
0
0
0
0
0
0
0
0
0
0
0
0
0
0
0
0
0
0
0
0
0
0
0
0
0
0
0
0
0
0
0
0
0
0
0
0
0
0
0
0
0
0
0
0
0
0
0
1
0
0
0
0
1
0
0
0
0
0
0
1
1
0
2
0
0
0
1
2
2
1
1
2
1
0
1
1
1
1
1
3
4
3
1
3
5
6
5
5
2
7
9
8
6
7
12
18
17
21
9
12
24
18
20
17
30
38
31
27
35
51
43
57
41
49
74
71
48
63
71
88
83
82
98
103
96
104
96
125
93
100
108
99
101
117
115
111
108
119
115
112
116
99
117
96
110
105
111
108
93
108
118
119
94
129
110
114
104
113
86
99
98
93
113
103
99
106
105
91
84
114
102
119
120
88
128
106
110
106
116
134
112
102
103
120
101
115
128
104
105
103
131
119
128
105
108
121
112
111
108
114
129
118
116
100
142
116
129
123
121
123
126
116
107
112
116
116
138
134
90
115
130
138
135
140
125
130
143
143
137
123
129
122
136
142
133
127
131
143
128
130
140
139
139
131
137
128
133
120
146
128
132
128
127
155
116
143
156
125
145
115
119
118
135
155
104
125
136
121
116
142
130
125
121
119
104
122
108
136
133
140
122
123
97
127
131
115
128
126
112
107
118
121
113
132
124
110
124
117
126
113
125
109
122
108
118
115
111
113
104
146
134
104
93
120
107
136
106
113
112
101
120
97
108
99
113
107
108
123
115
109
105
110
119
115
97
87
93
121
117
124
122
112
117
96
116
123
115
119
104
109
95
96
114
115
136
101
124
87
92
121
101
107
114
104
130
102
101
102
81
90
112
111
104
113
108
109
113
87
118
96
108
99
115
90
95
107
102
105
122
105
106
110
140
113
111
111
96
119
119
124
99
110
115
100
96
120
121
107
104
90
126
92
98
97
104
96
117
106
107
113
114
111
106
120
116
117
101
104
108
118
111
96
87
94
114
89
105
111
115
108
111
117
102
114
94
100
98
88
120
107
99
91
122
93
103
111
119
86
105
105
92
107
110
103
103
107
84
104
91
104
80
100
98
105
122
104
114
94
109
99
93
122
101
90
109
104
88
94
95
92
75
92
93
89
102
78
94
79
111
93
106
110
95
96
101
90
96
78
86
89
118
81
88
109
109
86
80
89
90
83
91
88
96
77
86
95
95
94
78
101
84
88
82
87
115
74
65
82
93
73
83
87
79
86
81
76
70
95
83
79
83
83
82
81
82
85
77
77
86
82
76
64
80
86
91
83
88
87
79
79
88
77
72
81
82
79
66
71
78
74
66
81
77
83
61
77
64
73
61
74
76
73
76
69
74
75
77
71
74
84
76
67
77
75
67
61
67
61
65
76
75
75
76
63
65
68
65
53
83
63
71
70
62
69
63
61
73
75
62
70
76
72
58
67
61
71
75
65
67
72
79
80
68
61
70
66
64
69
52
58
67
68
60
56
55
64
61
62
62
60
58
72
60
61
63
54
64
57
72
58
66
64
66
54
62
76
60
67
61
55
56
59
47
61
58
49
52
42
67
66
53
54
54
55
62
71
50
55
63
58
56
55
53
59
53
60
60
48
51
44
60
52
56
53
52
59
51
46
60
51
49
46
54
60
49
61
67
48
62
48
63
55
66
44
55
56
46
61
47
66
52
43
57
59
47
44
48
48
39
44
52
42
47
62
54
66
45
44
39
47
45
52
61
49
51
44
51
58
47
52
41
43
50
59
45
54
48
51
42
53
47
48
46
57
44
53
58
60
45
38
42
44
42
40
47
51
44
38
27
51
34
46
37
49
61
50
54
51
46
41
57
50
40
42
59
53
40
45
51
52
53
44
53
36
43
47
55
44
57
43
41
46
51
49
55
46
39
42
55
44
44
35
49
48
36
48
36
36
45
39
43
41
53
43
49
47
50
40
42
45
38
49
55
43
69
52
53
53
43
43
42
41
46
50
51
44
50
62
52
31
47
45
46
46
48
45
61
41
51
38
35
32
35
47
45
41
36
50
44
37
55
41
41
60
37
42
54
53
35
46
55
35
50
40
37
44
43
53
44
38
43
32
38
44
42
38
41
34
41
49
33
63
41
44
36
46
37
37
36
49
46
31
37
42
44
45
40
36
36
50
51
47
47
42
44
45
51
41
45
54
40
36
36
43
49
39
31
36
42
48
40
45
44
46
53
49
40
37
40
38
48
32
42
44
40
35
53
49
43
41
36
41
41
46
48
42
37
46
56
44
48
34
36
51
30
44
41
32
41
41
50
43
32
41
47
41
43
36
30
44
50
46
49
56
45
39
43
34
28
64
26
28
35
30
44
45
42
35
45
33
51
49
35
44
41
40
52
34
37
27
39
48
35
51
46
37
36
35
46
39
35
32
42
44
29
37
39
58
37
42
26
39
42
30
35
40
36
32
44
41
30
42
29
39
37
31
39
45
34
26
34
40
33
36
38
41
36
33
45
45
38
35
37
40
42
48
41
42
41
42
36
42
40
41
42
40
36
37
45
26
39
41
42
31
38
32
40
32
43
35
38
39
35
43
46
25
29
36
39
54
37
34
38
46
34
45
33
46
42
31
37
28
36
33
30
38
36
32
37
29
27
27
30
34
23
41
35
30
43
33
36
27
31
38
29
23
30
45
25
34
38
39
27
35
38
30
29
28
37
33
29
29
35
27
35
28
30
33
30
31
29
35
25
32
35
30
26
34
28
36
21
40
30
30
34
29
32
29
33
28
29
16
21
31
27
26
25
20
22
31
26
22
21
26
26
22
15
22
30
27
22
25
29
23
28
25
24
29
20
18
22
25
15
21
20
26
25
19
19
15
24
28
18
13
14
23
16
22
27
21
23
24
12
18
19
15
16
20
26
21
23
22
17
30
23
19
16
18
18
12
17
14
20
17
15
16
8
12
25
14
17
21
19
23
21
21
20
19
15
22
24
19
26
21
14
19
18
15
28
13
15
12
23
18
18
17
13
21
15
21
14
23
13
13
12
14
8
15
15
14
9
14
17
13
10
14
10
15
17
10
10
15
14
11
27
12
7
18
18
22
20
17
11
15
16
16
11
10
16
7
14
19
14
16
11
16
12
13
12
17
8
18
13
15
16
16
15
10
15
7
15
10
16
16
13
12
17
16
8
16
15
9
17
16
11
16
13
12
13
18
19
15
15
12
17
12
15
7
22
16
17
13
7
18
14
23
12
13
18
13
13
18
6
13
14
17
14
13
13
8
12
13
16
12
13
11
15
19
15
12
16
16
12
13
13
14
12
11
13
9
16
10
9
11
7
11
18
14
17
9
12
9
8
13
14
13
12
16
17
18
15
15
10
17
8
10
13
14
7
15
18
13
11
17
12
12
6
12
17
19
14
11
11
12
17
19
17
12
14
10
12
5
11
13
12
15
14
8
10
9
17
12
20
16
10
12
14
19
17
10
13
12
20
12
16
14
9
11
15
15
14
7
14
11
19
21
10
10
16
15
18
18
25
13
14
13
15
18
18
18
11
10
17
14
31
27
16
13
19
15
17
14
19
25
29
21
24
23
16
14
20
24
28
22
15
20
20
31
27
18
31
23
27
30
27
34
26
25
30
28
31
28
29
30
43
29
33
36
38
29
30
28
33
43
46
32
41
31
42
56
43
39
50
59
45
40
40
47
68
31
45
52
67
52
52
53
62
64
63
59
80
56
52
77
60
62
71
66
72
71
68
68
78
63
84
84
74
81
79
72
89
86
96
64
83
79
99
85
100
93
95
100
102
91
110
102
113
82
112
100
131
142
127
136
85
120
117
132
117
128
129
127
122
104
119
124
118
135
124
145
134
154
146
114
138
137
120
134
122
140
138
130
144
142
146
137
162
144
153
149
135
142
146
160
152
148
139
147
156
155
167
151
148
132
132
152
141
163
152
160
142
160
149
146
152
142
146
153
137
126
153
126
142
153
141
144
153
129
133
135
121
130
121
131
144
135
127
121
128
127
103
116
143
124
111
117
114
107
132
103
110
110
114
122
116
108
103
98
89
98
94
85
83
93
101
103
78
90
69
82
106
84
82
68
68
90
54
73
64
80
45
66
57
61
57
75
62
73
69
59
53
41
55
51
44
49
54
50
44
48
44
42
47
41
40
42
47
35
34
41
32
30
40
24
23
24
26
23
32
36
29
32
27
28
27
22
22
27
19
22
24
18
18
23
24
17
18
15
11
14
15
18
18
13
13
7
15
17
10
5
13
4
10
16
7
6
12
14
10
9
7
8
5
6
5
6
7
4
5
3
9
9
5
9
6
8
6
5
8
5
10
4
2
7
5
6
4
3
4
6
0
4
4
6
6
2
4
3
5
3
4
2
4
5
3
2
5
4
2
2
2
5
2
4
3
2
1
6
4
1
1
8
3
7
3
3
5
1
1
4
3
5
3
5
2
1
2
2
2
2
3
3
2
3
2
3
1
0
3
3
4
0
2
0
1
5
3
2
2
4
1
2
4
1
4
3
4
3
3
2
2
1
2
1
4
1
2
1
1
1
0
0
1
4
2
0
4
1
0
2
5
1
0
2
1
2
3
0
2
1
3
1
5
1
1
0
4
1
2
1
3
3
3
1
2
1
1
3
0
0
1
1
0
4
1
1
2
0
3
0
3
1
0
1
1
2
3
3
3
1
1
1
1
1
1
1
2
0
0
0
2
1
3
3
2
1
3
2
1
1
1
1
1
2
2
0
1
0
1
0
0
2
1
1
0
1
0
2
4
3
1
2
0
1
3
1
0
4
2
2
0
3
0
0
3
1
0
1
1
1
0
1
1
0
2
3
0
1
3
1
1
1
1
0
1
1
1
1
1
0
1
0
2
0
1
1
4
2
1
2
2
1
0
1
1
0
2
1
2
0
0
2
1
2
2
3
1
1
2
2
1
1
1
2
2
1
0
0
0
1
1
4
1
2
1
2
0
2
0
1
0
0
1
1
0
4
2
0
1
3
1
4
1
2
0
4
2
0
1
2
4
1
2
2
0
1
2
1
2
2
2
3
2
3
1
2
1
3
0
2
0
0
2
3
0
3
2
0
2
1
0
1
0
1
0
0
1
3
1
2
2
3
1
3
1
2
0
0
0
0
0
2
0
0
1
0
0
4
2
1
2
4
1
4
0
0
2
1
2
6
2
0
0
2
2
0
1
2
2
1
3
2
1
1
1
0
1
1
0
1
1
1
0
1
1
1
1
1
4
0
2
3
1
2
2
0
3
1
2
0
0
0
2
0
1
3
3
1
1
1
0
2
1
2
1
0
0
1
2
0
0
0
0
0
2
2
0
2
2
1
0
0
0
2
0
0
0
1
0
1
1
1
1
1
2
2
0
0
2
1
0
2
1
1
1
1
1
2
4
1
2
0
2
2
1
0
2
3
2
1
0
0
0
1
1
1
1
1
2
1
0
1
2
0
1
1
1
1
1
1
2
2
1
4
1
1
1
3
1
5
0
0
0
0
1
2
0
0
3
2
3
0
0
1
1
3
1
1
0
0
1
3
0
3
1
1
2
0
1
0
1
0
1
1
3
1
1
4
0
1
1
1
1
3
1
0
2
0
1
1
0
1
0
1
2
0
2
1
1
1
0
2
0
1
1
0
1
0
2
2
1
4
0
0
2
0
0
0
2
0
1
1
0
1
1
1
2
0
1
0
0
0
2
1
0
0
2
3
2
0
0
1
1
0
1
1
2
0
3
0
1
0
0
1
1
1
0
1
0
1
0
1
1
0
0
1
1
2
2
1
1
1
0
1
0
1
1
2
0
1
0
1
1
0
1
0
3
1
0
1
2
1
1
0
1
2
3
2
0
1
1
1
0
1
0
1
1
1
0
1
0
0
1
0
1
1
2
0
1
0
1
0
1
1
1
1
2
0
1
1
3
2
3
1
0
1
1
1
0
1
1
1
1
2
0
1
0
0
0
0
0
0
1
0
0
1
0
0
0
1
0
1
2
2
2
0
2
0
0
2
1
0
2
2
1
0
0
0
0
1
0
1
1
1
0
0
2
1
0
1
0
0
2
0
2
0
1
1
0
1
0
0
0
0
0
1
1
0
2
2
1
1
1
1
0
0
2
0
1
1
1
1
0
1
1
0
1
1
1
3
1
0
1
1
1
2
1
0
1
0
3
0
0
1
0
0
1
0
1
1
1
0
1
0
0
1
0
0
0
0
0
0
1
1
0
0
0
0
1
1
0
1
0
0
0
1
1
1
2
2
1
0
0
1
0
0
1
0
0
2
1
1
0
2
0
2
0
2
0
0
2
0
0
0
0
2
1
2
1
2
0
1
1
0
0
0
0
0
1
0
0
1
0
1
1
0
1
1
2
1
1
0
0
1
1
1
0
2
1
0
2
2
3
0
0
0
0
1
0
0
1
2
1
0
0
1
0
1
1
2
2
0
2
2
1
0
1
0
3
0
0
3
3
1
1
1
1
0
1
0
1
1
0
2
0
0
0
2
0
1
1
0
1
0
0
0
0
1
0
2
0
1
3
0
0
1
0
3
1
0
1
0
1
1
0
1
2
3
1
0
1
0
0
1
2
4
1
0
1
0
0
0
1
0
0
2
2
1
2
0
0
0
1
2
1
2
0
1
1
1
2
1
0
2
2
2
0
0
2
1
0
0
1
0
0
0
0
0
2
2
0
0
0
3
0
0
0
0
2
0
0
0
0
0
1
0
1
2
1
0
1
2
0
0
0
0
0
0
0
3
0
2
2
1
0
0
0
1
1
2
0
0
0
0
0
1
1
0
2
1
0
3
1
1
1
0
2
1
1
1
0
0
0
0
1
0
0
1
0
0
0
1
1
1
0
1
0
0
0
0
1
1
1
0
2
0
0
0
2
0
0
0
0
0
0
0
0
0
0
1
0
1
1
1
0
1
2
0
0
0
0
0
0
0
0
1
3
0
0
0
1
0
1
0
0
1
1
0
1
0
2
0
0
0
3
1
0
0
0
1
0
1
0
0
0
0
2
0
1
0
1
1
1
0
2
0
2
1
0
0
3
0
0
0
0
1
0
0
0
1
3
1
0
0
0
0
0
1
1
0
2
1
0
0
1
1
0
0
0
0
2
1
1
0
0
0
0
1
1
1
0
1
0
1
0
2
0
2
1
0
0
1
0
1
1
1
0
2
1
0
1
0
0
0
1
0
0
0
0
0
2
0
0
1
0
0
1
2
0
0
0
0
0
0
0
1
0
0
0
0
0
0
1
0
2
0
2
0
0
0
0
0
1
0
0
0
1
1
0
0
0
1
2
0
1
0
0
1
1
0
1
0
0
1
0
0
0
0
2
1
0
1
1
0
1
1
1
0
0
2
1
0
0
0
0
1
1
1
0
0
0
0
0
0
0
0
1
0
0
0
0
0
1
0
0
0
1
1
1
1
0
0
0
0
0
0
2
0
0
0
0
1
1
1
0
0
0
0
0
0
0
1
0
0
1
1
0
0
0
1
1
0
0
0
0
0
1
0
0
0
1
0
0
0
0
0
0
0
0
1
1
1
0
0
1
0
0
1
0
1
0
0
1
0
0
1
0
0
0
0
0
0
0
0
0
0
0
0
0
0
0
0
1
0
0
2
1
0
0
0
1
0
0
1
1
0
0
0
0
0
0
1
0
0
2
2
0
1
1
0
0
0
0
0
1
2
1
0
0
2
1
1
0
0
2
0
0
0
0
0
0
0
0
0
0
0
1
0
2
1
1
0
0
0
0
0
0
0
0
0
1
0
0
0
2
0
1
0
0
1
1
0
0
0
0
1
0
1
0
0
0
0
0
1
1
0
0
0
0
1
0
0
0
0
3
0
0
0
0
0
0
2
1
0
0
1
1
0
0
0
0
0
0
0
0
0
1
0
1
0
1
0
1
0
1
0
1
2
0
0
1
0
0
0
0
0
1
1
0
0
0
0
0
1
0
0
1
0
0
0
2
0
0
1
1
0
0
1
1
1
0
0
1
0
0
2
0
0
2
0
1
1
0
0
1
1
0
0
1
0
1
1
0
0
0
0
1
0
2
1
0
0
0
0
1
0
0
1
0
0
0
3
0
1
1
0
2
0
0
0
0
1
0
0
3
0
1
1
1
1
1
2
0
0
0
0
3
1
2
1
0
0
1
2
0
1
1
0
0
0
2
1
0
0
3
0
3
0
0
1
1
0
0
2
1
1
0
0
0
2
1
0
0
0
0
0
1
1
0
0
0
1
1
1
0
2
0
1
1
1
0
1
1
1
0
1
1
1
0
1
1
0
1
0
2
1
1
0
0
2
2
0
0
1
2
0
1
1
2
0
1
2
0
1
1
1
0
0
0
0
0
1
1
4
1
1
1
1
1
1
2
0
2
0
0
0
2
0
2
0
0
1
0
0
1
1
0
1
3
2
1
1
2
0
1
0
0
0
2
0
2
1
1
1
0
0
0
1
0
1
0
1
0
1
2
0
1
0
0
1
1
0
1
2
0
1
2
0
1
1
2
1
0
0
2
1
0
1
2
0
1
1
0
0
2
2
1
1
1
2
1
1
2
0
0
1
0
0
1
2
0
0
0
0
1
0
0
0
0
0
3
1
1
0
0
0
0
0
1
1
0
0
1
0
0
0
2
0
3
2
0
0
0
0
1
0
1
0
0
0
0
0
0
1
0
0
1
0
1
0
0
0
1
0
2
0
0
0
1
0
0
0
1
0
0
0
0
0
1
1
0
0
0
0
0
0
0
0
0
0
1
0
1
0
0
0
0
0
0
0
0
0
1
0
0
1
0
0
0
0
0
0
0
1
0
0
0
2
0
0
0
1
1
0
0
1
0
0
0
0
0
0
0
0
2
0
0
0
0
0
1
0
0
0
1
0
0
0
1
0
0
0
1
1
0
1
0
1
0
0
0
1
0
1
0
0
2
1
0
0
1
0
0
0
0
1
0
1
0
0
0
0
0
0
3
1
0
0
0
0
0
0
1
0
0
1
0
0
0
0
0
0
1
0
1
1
0
1
0
0
0
0
0
0
1
2
0
0
0
0
0
0
0
0
0
1
0
0
1
0
0
1
0
0
0
