0
0
0
0
0
0
0
0
0
0
0
0
0
0
0
0
0
0
0
0
0
0
0
0
0
0
0
0
0
0
0
0
0
0
0
0
0
0
0
0
0
0
0
0
0
0
0
0
0
0
0
0
0
0
0
0
0
0
0
0
0
0
0
0
0
0
0
0
0
0
0
0
0
0
0
0
0
0
0
0
0
0
0
0
0
0
0
0
0
0
0
0
0
0
0
0
0
0
0
1
0
0
0
0
0
0
0
0
0
0
0
0
0
0
0
0
0
0
0
1
0
0
0
0
0
1
0
0
0
1
1
0
0
0
2
4
0
0
1
1
2
2
1
1
2
3
7
2
3
2
2
3
3
1
4
7
4
5
2
8
6
8
11
7
12
14
10
16
17
19
13
30
21
30
35
30
27
41
36
40
41
45
58
53
56
64
82
75
71
80
93
94
85
115
112
92
121
116
122
103
117
117
115
127
125
111
130
117
120
130
113
118
129
102
130
111
126
119
144
117
117
125
123
107
112
146
112
116
124
131
139
107
104
118
108
115
116
94
96
102
118
111
100
118
95
127
114
107
111
113
115
100
126
114
111
104
117
109
121
126
117
124
124
125
116
132
150
115
125
140
128
101
126
124
120
129
127
127
128
121
122
133
139
130
134
142
113
149
151
136
145
138
125
155
152
151
133
122
160
153
136
148
135
151
142
138
146
165
162
147
160
163
151
144
156
150
144
166
133
170
158
144
146
131
149
155
133
147
153
159
150
149
116
127
151
156
136
137
158
152
136
171
154
140
147
145
146
137
127
155
149
144
127
143
128
117
129
150
106
137
123
128
112
140
127
169
125
143
141
122
134
120
145
132
111
142
131
134
124
117
135
147
116
115
126
113
102
146
126
130
142
124
110
114
126
103
122
113
121
125
117
125
105
120
119
114
138
128
135
121
110
135
125
106
128
124
105
153
136
136
130
126
123
105
123
119
103
133
104
105
114
113
137
131
127
123
113
112
127
101
111
115
122
127
104
117
126
130
135
137
144
109
134
129
111
125
127
128
121
133
127
130
128
125
100
134
112
117
114
120
101
117
126
127
128
106
101
119
114
117
125
114
119
114
111
120
126
108
109
122
119
121
116
114
118
134
120
118
117
122
124
120
128
139
121
125
109
107
114
115
127
133
129
128
127
130
132
116
136
127
114
147
111
128
112
131
125
119
134
136
117
113
126
120
112
128
119
127
126
121
113
144
122
132
99
93
128
111
119
101
118
122
113
128
122
105
130
114
135
110
116
119
123
118
139
134
114
101
96
115
119
105
107
103
121
104
94
130
103
133
119
116
101
119
110
139
98
126
108
94
122
97
108
116
123
106
108
110
115
105
111
111
106
91
106
106
107
111
110
99
97
93
96
108
107
98
74
92
98
87
113
106
105
101
95
92
88
91
102
95
99
122
90
104
96
90
89
93
94
82
96
87
95
78
81
85
83
72
89
109
97
108
107
93
77
75
73
87
90
95
102
85
86
89
92
80
87
92
69
101
85
94
80
83
83
97
84
77
67
78
85
87
98
88
77
86
86
74
84
106
83
88
97
96
75
68
70
69
76
94
73
75
75
86
70
75
86
68
84
75
74
74
57
70
82
69
82
78
72
89
99
79
82
75
83
65
86
77
72
95
62
68
67
82
75
57
77
77
85
72
71
70
77
84
61
68
78
70
65
66
68
76
70
75
82
64
67
67
77
60
71
60
51
69
72
66
65
73
76
70
53
66
53
63
50
62
77
66
64
84
67
86
57
59
71
65
72
67
69
71
67
58
46
74
64
75
68
66
69
51
57
63
68
81
69
65
62
54
60
59
69
62
55
69
44
65
65
48
85
69
70
69
70
83
62
70
70
72
52
74
70
52
67
63
63
53
65
54
63
68
82
69
73
57
64
51
50
66
76
70
69
55
61
61
52
65
74
70
65
61
55
59
69
54
70
63
57
64
58
70
68
59
55
49
58
58
65
64
61
52
63
61
62
57
56
58
55
58
55
49
66
68
60
45
52
53
50
40
52
57
61
72
57
57
70
57
65
70
58
52
56
62
60
63
50
57
60
50
57
66
71
64
51
64
48
58
58
60
62
54
64
53
44
58
46
41
52
53
55
59
67
74
54
59
54
60
73
60
59
69
58
56
42
57
63
63
70
41
56
55
65
53
59
77
52
64
57
53
58
65
53
51
51
61
58
57
48
76
52
54
45
65
63
43
47
39
52
54
60
63
56
50
59
50
55
57
59
67
51
56
56
50
55
39
67
55
61
52
56
67
45
52
56
48
45
59
54
66
42
55
59
41
47
53
51
52
69
46
57
58
46
59
52
54
55
38
65
43
59
64
40
61
48
41
56
42
48
58
47
50
71
61
52
56
70
60
45
66
55
55
50
50
48
44
50
51
55
54
50
51
48
68
43
39
59
48
58
45
53
46
58
47
57
48
41
57
51
44
57
60
61
48
56
52
45
55
50
44
59
55
48
53
49
41
44
45
51
49
49
65
57
52
37
45
47
54
56
56
52
50
64
57
60
43
55
43
54
60
38
47
54
40
57
51
53
56
42
40
47
47
45
57
54
57
52
56
37
58
54
57
61
57
34
46
45
41
49
42
51
43
55
47
55
44
54
52
39
58
50
47
51
55
49
53
36
47
48
50
40
57
47
49
45
48
38
54
53
62
44
49
43
51
41
40
59
49
58
40
47
39
60
49
67
38
55
45
45
48
47
46
36
53
45
42
45
38
55
51
47
44
44
44
47
56
56
59
51
38
48
47
45
49
57
44
34
39
49
48
35
46
53
41
39
47
40
39
42
45
39
40
48
41
40
51
42
35
49
51
45
55
43
41
37
38
40
34
37
38
34
31
50
32
35
35
37
36
30
40
35
41
30
36
32
29
44
34
38
39
34
26
44
34
32
40
45
37
40
31
17
37
30
44
33
27
43
34
32
36
32
27
42
31
26
33
27
21
35
27
31
31
26
33
33
25
29
24
18
34
31
34
28
29
33
24
25
38
26
27
29
24
21
33
20
23
32
25
29
32
23
24
32
22
25
16
22
31
26
18
24
22
20
26
28
19
31
29
25
25
25
27
30
21
29
18
16
35
25
23
27
26
22
20
19
21
29
22
25
22
25
26
21
15
27
23
20
22
29
21
28
28
19
22
16
22
14
17
23
18
21
22
23
33
18
20
18
13
26
14
17
18
19
17
21
15
21
18
19
16
20
26
14
21
22
23
20
22
20
24
20
17
15
18
12
10
17
19
25
28
16
15
14
16
16
16
12
17
21
17
12
22
25
16
24
27
16
22
18
17
17
16
12
29
14
20
14
16
16
17
22
20
22
17
17
17
9
17
22
21
19
25
14
20
14
15
23
18
16
12
15
22
12
17
12
15
20
15
20
11
16
19
20
19
20
17
16
15
17
18
19
17
16
26
22
18
27
29
16
22
15
10
14
11
21
13
14
20
22
13
11
14
13
17
16
20
14
16
9
16
19
20
19
17
15
22
19
15
19
26
21
17
22
12
11
13
14
14
23
23
20
7
13
14
14
16
13
15
13
8
14
19
18
12
23
13
17
16
17
19
19
8
8
21
25
15
8
23
19
9
14
14
22
23
22
16
20
12
13
13
18
15
21
12
15
21
23
22
16
23
20
18
14
22
22
16
12
20
7
26
27
15
33
18
16
30
20
25
16
19
18
25
30
20
17
20
21
19
36
19
19
22
24
28
26
25
20
27
19
34
25
24
31
35
20
26
26
28
28
25
30
33
27
29
39
25
33
30
40
34
39
19
41
38
31
36
30
49
44
47
31
50
30
46
49
46
38
60
45
65
67
60
47
57
67
62
59
65
69
54
70
79
60
70
65
78
79
63
69
75
85
79
101
94
79
65
94
98
104
104
113
102
102
105
105
103
114
113
115
114
104
122
108
137
130
128
98
142
129
124
138
114
133
148
137
147
152
134
136
159
152
143
144
145
139
159
179
165
149
145
148
160
163
162
145
206
183
182
165
155
167
170
178
198
190
182
166
160
202
195
183
171
176
180
186
199
198
185
155
202
204
175
167
197
200
200
169
195
190
187
177
199
180
194
179
197
187
206
192
189
167
178
164
190
192
161
186
164
191
141
184
183
171
202
159
184
143
178
175
175
156
182
185
173
155
156
142
145
196
174
124
144
146
133
136
141
162
124
108
137
105
128
123
120
113
134
116
113
117
97
93
116
94
122
104
104
95
94
92
94
90
104
86
75
73
73
77
76
81
53
80
67
55
73
69
56
64
65
53
64
72
63
57
45
51
60
43
51
49
41
49
53
39
39
52
37
43
37
44
38
28
32
28
34
27
27
14
23
26
29
16
21
19
16
25
13
27
29
13
25
14
13
16
15
19
16
11
11
11
14
13
9
12
13
10
6
13
11
9
9
2
8
13
4
8
12
16
10
9
11
13
9
8
6
4
5
8
5
7
3
5
7
6
5
5
8
8
6
2
5
2
5
2
1
4
8
4
5
5
3
4
2
3
3
2
4
5
0
1
3
5
5
1
4
2
1
6
5
6
4
2
2
1
2
4
2
3
3
5
2
7
4
1
6
2
5
8
2
2
3
1
3
3
2
2
0
4
2
3
4
1
1
1
3
3
0
1
1
2
2
3
3
1
1
2
4
4
2
1
3
4
3
3
2
2
2
2
0
2
3
0
4
1
2
3
2
2
5
0
1
1
3
3
1
4
0
2
1
1
0
3
3
4
1
1
2
1
1
2
1
0
0
1
2
3
0
2
3
4
2
2
0
2
3
1
1
2
1
2
1
0
3
3
2
0
1
1
1
1
1
0
1
0
0
0
1
4
4
2
1
1
0
1
2
2
0
1
0
0
3
1
4
5
3
2
2
2
1
2
1
3
1
1
2
4
1
1
0
6
1
0
0
4
3
1
1
1
0
0
2
2
3
2
0
0
3
1
4
2
3
0
0
1
1
3
0
0
1
1
2
2
1
1
1
1
4
2
0
4
1
3
2
2
0
0
1
1
1
0
0
1
1
3
2
0
1
1
1
0
1
4
0
1
1
1
3
1
1
0
1
1
2
2
2
2
0
0
3
0
2
0
1
4
1
1
0
1
3
2
2
5
2
0
3
3
1
1
0
1
3
0
2
0
4
1
0
3
2
2
0
0
3
3
1
3
0
1
0
1
1
0
1
1
1
1
2
0
0
2
1
0
2
2
0
3
2
0
4
1
0
1
1
0
2
1
0
2
1
0
0
1
1
1
0
1
2
1
2
1
2
3
3
1
1
1
2
0
0
1
1
1
0
0
2
1
0
3
3
2
2
0
3
2
1
1
0
2
0
0
3
2
2
3
1
1
5
0
2
0
0
1
0
1
3
1
0
0
2
0
1
0
0
1
0
0
2
0
0
2
0
2
2
0
0
3
3
2
5
0
1
0
1
2
1
6
0
1
1
0
1
0
1
4
0
2
1
3
2
1
1
0
2
2
0
0
2
1
1
1
1
3
1
2
2
1
2
0
1
1
0
3
1
3
1
1
1
1
1
0
0
4
2
0
1
0
0
1
1
2
1
2
3
4
0
0
3
5
0
0
0
5
0
1
0
1
3
1
4
0
4
1
2
1
3
4
1
1
3
1
2
1
1
0
3
1
2
2
1
0
1
1
2
1
1
0
1
2
3
3
1
1
1
3
0
0
0
1
0
2
0
0
2
1
1
0
1
1
0
1
1
3
1
0
1
1
0
2
2
0
1
0
3
1
2
2
2
3
2
2
1
0
0
3
0
2
1
3
2
3
0
3
1
0
1
1
2
0
2
1
0
0
0
2
2
0
0
1
2
0
1
0
0
1
0
0
1
0
0
1
3
0
1
4
2
1
2
0
2
1
2
2
0
1
2
1
3
0
1
1
0
2
1
1
0
0
2
1
1
0
1
2
0
1
1
1
0
2
0
1
0
0
1
4
0
3
0
1
1
2
2
2
1
0
2
2
0
0
2
2
3
1
3
3
0
0
1
1
2
2
0
3
0
0
0
2
0
1
1
0
0
0
0
0
2
1
1
0
0
1
1
2
0
1
2
3
1
0
3
0
0
3
1
0
1
1
0
1
0
0
1
2
0
1
0
0
0
0
2
2
1
0
2
1
1
2
0
0
1
3
0
1
0
0
0
1
2
1
1
2
2
2
1
0
1
0
1
1
3
0
0
0
1
0
0
0
1
1
2
2
0
2
0
2
0
0
0
1
0
4
1
0
0
2
1
1
0
3
1
1
0
2
2
0
0
1
1
1
0
1
0
2
2
2
0
2
0
0
2
0
0
0
0
0
0
1
1
1
2
1
1
0
2
3
2
1
1
0
0
1
3
0
0
1
2
1
1
2
0
1
0
0
1
0
0
1
0
0
1
2
1
0
0
1
0
2
0
1
0
1
1
0
1
0
2
0
0
0
1
0
0
1
0
0
1
1
1
0
1
0
1
1
0
2
0
1
0
0
1
1
1
1
0
1
1
2
2
0
0
1
0
1
0
0
1
1
0
1
1
1
1
2
1
1
0
0
0
1
0
2
0
2
0
0
1
0
1
1
1
0
0
1
0
0
1
0
1
0
1
0
1
1
0
0
2
0
1
1
0
1
1
1
1
0
0
0
0
3
2
2
2
1
1
0
0
1
0
0
5
2
0
0
1
2
0
0
0
2
0
0
2
1
3
0
0
1
0
1
0
1
1
0
2
2
2
1
1
0
1
4
0
1
0
1
1
2
1
3
0
0
0
0
1
1
1
1
1
3
1
2
1
1
0
0
0
1
1
2
2
1
1
0
0
0
1
0
1
1
2
1
3
2
0
2
1
0
1
1
1
1
0
1
1
0
0
0
1
0
0
3
2
0
0
2
0
1
1
1
0
0
0
2
0
1
2
2
0
0
1
0
3
2
0
0
0
0
1
1
1
1
1
0
1
0
1
0
2
0
0
1
1
0
3
1
1
1
0
0
1
0
0
1
1
0
1
1
0
0
1
0
0
0
0
0
0
1
0
0
0
0
1
0
1
0
0
0
1
0
2
0
1
0
0
1
0
0
0
0
1
0
2
1
0
0
0
0
1
1
0
0
1
1
0
1
0
2
0
0
1
1
2
0
2
2
0
0
0
1
0
3
0
0
2
1
1
0
0
1
0
1
0
0
1
1
0
0
1
2
0
1
0
1
0
1
1
1
3
0
0
0
0
0
0
0
1
0
0
0
0
2
0
1
0
1
0
0
0
0
0
2
0
0
0
0
2
0
0
0
0
3
0
1
0
0
1
0
0
0
0
2
0
2
1
0
0
0
0
0
0
0
1
2
0
1
0
0
0
1
2
0
0
1
1
1
0
0
0
1
0
0
0
1
1
0
1
1
0
1
0
0
1
0
2
1
2
0
0
1
2
1
0
0
1
1
0
0
0
0
1
0
1
0
0
1
2
1
1
0
1
0
0
0
2
0
1
2
1
1
1
0
1
0
0
1
1
2
0
3
0
2
0
0
0
0
0
1
1
0
1
0
1
1
0
1
1
0
0
1
0
1
1
2
0
1
1
1
0
0
1
0
0
1
2
0
1
1
0
0
1
0
1
1
0
0
1
1
2
0
2
0
0
0
1
0
0
0
0
0
0
1
0
0
1
0
0
0
0
3
0
1
0
0
1
0
1
1
1
0
0
0
1
1
1
0
0
1
0
0
0
0
1
1
0
0
0
0
1
0
0
1
0
0
0
0
0
0
0
0
3
0
0
0
0
0
0
0
0
0
0
0
0
0
1
1
0
0
0
0
0
0
1
0
0
0
1
0
0
1
1
1
0
0
0
0
2
0
0
0
0
1
0
1
1
0
1
0
0
0
0
1
0
0
0
0
0
0
0
1
1
1
0
0
0
0
1
0
0
0
1
0
1
1
0
1
0
0
1
0
0
0
1
0
2
1
1
2
1
1
1
1
0
0
0
0
0
1
0
0
1
0
1
2
0
1
0
0
0
0
0
0
0
0
2
0
1
0
0
1
0
0
0
0
1
0
1
1
1
0
1
2
1
2
0
0
0
0
0
0
0
0
0
1
1
0
0
2
0
0
0
0
0
0
0
0
0
0
0
1
1
0
1
0
0
1
2
0
1
0
0
0
0
1
0
0
0
0
0
0
0
0
1
1
0
0
1
0
0
0
1
1
0
0
0
0
1
0
0
1
0
0
0
0
2
2
0
1
0
1
0
2
1
0
0
2
0
1
0
0
0
0
1
0
1
1
0
0
1
0
0
1
2
1
1
0
0
0
1
0
0
0
0
0
0
0
2
0
3
0
0
0
0
0
0
4
2
1
0
2
2
1
3
1
0
0
1
0
0
0
0
2
0
1
0
1
0
0
2
0
0
1
0
0
1
0
2
0
0
1
1
0
0
1
1
1
0
0
1
1
0
0
1
3
0
1
0
0
0
1
0
0
0
0
1
0
1
1
0
0
1
1
1
0
1
1
2
0
1
0
2
2
0
0
0
1
0
1
2
0
0
1
1
0
1
1
0
1
1
0
1
0
1
1
1
1
2
2
1
0
0
0
0
1
0
0
0
1
0
4
0
0
0
3
0
1
2
0
0
2
2
0
1
2
1
0
4
2
1
0
0
0
1
0
1
0
0
0
2
1
0
0
0
2
2
1
0
0
0
0
0
0
1
1
1
0
0
1
1
2
0
0
0
0
0
1
2
0
1
0
2
0
1
0
0
1
2
1
0
1
0
0
2
0
1
1
1
0
0
1
0
0
0
0
0
1
1
1
0
0
0
0
1
0
0
0
0
0
0
0
0
0
0
1
1
0
1
0
2
0
0
0
1
0
0
1
0
1
0
0
0
0
1
1
0
0
0
1
0
1
1
0
0
0
0
0
0
0
0
0
0
0
0
1
0
0
1
0
0
0
0
0
1
0
0
0
3
0
0
0
0
0
1
0
1
1
2
0
1
0
0
0
0
0
0
0
0
0
0
0
2
0
0
0
0
0
0
0
0
1
1
0
1
0
0
0
0
1
0
0
0
0
0
1
0
2
0
0
0
0
0
0
0
1
0
1
0
0
1
0
0
0
1
1
0
1
0
0
1
0
0
0
1
0
0
1
0
0
0
1
0
0
0
0
0
0
0
0
0
0
1
1
0
0
0
0
1
0
0
0
0
0
1
0
0
1
0
0
1
0
0
0
0
0
0
0
0
0
0
0
0
0
1
0
1
0
0
0
1
0
0
