0
0
0
0
0
0
0
0
0
0
0
0
0
0
0
0
0
0
0
0
0
0
0
0
0
0
0
0
0
0
0
0
0
0
0
0
0
0
0
0
0
0
0
0
0
0
0
0
0
0
0
0
0
0
0
0
0
0
0
0
0
0
0
0
0
0
0
0
0
0
0
0
0
0
0
0
0
0
0
0
0
0
0
0
0
0
0
0
0
0
0
0
0
0
0
0
0
0
0
0
0
0
0
1
0
0
0
0
0
0
0
0
0
0
0
0
0
0
0
0
0
0
0
0
0
1
1
0
0
0
0
0
1
0
1
2
1
0
1
1
0
2
1
0
1
1
3
2
1
0
0
1
0
2
0
4
1
3
2
3
4
3
3
10
5
5
4
5
5
13
19
12
16
13
14
15
25
22
23
24
29
28
33
42
39
45
56
57
53
63
65
77
64
87
76
79
73
93
74
104
93
95
70
99
80
78
105
87
97
93
80
67
82
116
106
92
84
95
77
82
68
95
94
100
92
101
87
101
90
74
87
94
89
100
72
84
95
87
87
94
76
72
89
90
81
107
83
77
90
73
91
87
85
92
80
73
91
80
92
92
86
100
92
90
89
111
90
93
76
104
86
85
94
77
78
101
80
92
89
89
98
102
105
91
109
102
126
104
117
88
106
112
102
104
103
108
106
105
112
91
94
93
114
95
103
98
108
97
108
102
96
101
94
108
110
112
102
112
115
93
96
106
108
104
110
114
115
101
118
97
95
117
96
96
120
109
127
101
101
101
90
101
105
113
106
103
99
109
86
85
85
107
101
106
90
87
102
98
91
91
104
81
99
85
90
92
103
77
90
91
87
87
74
82
94
89
67
89
90
89
69
85
87
95
95
85
79
88
90
91
77
85
94
74
87
75
85
86
84
82
76
106
71
87
77
82
95
86
84
73
82
105
86
88
86
87
88
75
80
81
80
86
69
81
91
97
86
69
88
89
79
88
92
83
78
82
85
83
75
86
82
64
81
71
91
93
80
86
79
80
86
85
91
71
86
81
73
83
83
69
79
88
87
84
75
72
92
88
64
88
90
70
89
96
94
91
92
72
102
87
80
88
71
74
79
86
83
89
78
72
90
90
91
68
79
75
73
81
63
88
81
72
85
70
76
92
78
83
92
80
73
81
88
83
78
83
86
77
80
80
79
83
80
84
92
91
86
84
78
77
88
68
90
94
76
67
95
87
85
78
90
75
70
86
70
64
79
78
77
82
82
71
78
68
92
91
86
72
79
84
78
83
78
70
68
89
75
61
76
83
76
78
73
70
72
70
95
72
80
72
66
64
56
70
67
76
72
72
52
71
65
69
80
55
69
71
68
77
79
52
69
68
64
56
79
59
62
62
64
57
73
68
75
54
58
54
64
64
63
64
36
65
58
61
42
67
58
72
56
70
63
62
56
66
57
56
68
69
63
51
62
59
37
44
44
51
57
41
61
63
57
51
53
61
63
42
58
55
63
58
46
61
41
58
45
46
42
43
47
48
41
40
57
50
41
53
58
59
64
55
58
47
50
40
55
47
57
51
51
50
41
42
41
34
41
37
50
56
33
47
40
42
42
50
45
48
60
45
40
40
51
43
40
51
42
40
50
39
40
45
37
44
38
40
34
46
53
48
34
27
34
41
56
32
43
38
35
44
29
43
38
41
40
33
35
43
38
45
35
41
38
55
41
42
35
41
39
41
35
32
36
28
32
49
37
41
28
36
43
32
36
40
32
32
31
41
36
27
39
31
41
48
32
41
31
29
39
36
39
26
36
37
33
29
26
42
37
38
37
37
41
34
41
44
32
38
36
40
33
45
39
17
30
31
21
30
26
32
37
33
27
34
33
39
38
39
31
26
31
32
28
29
28
32
33
30
31
26
31
24
34
39
35
36
35
27
38
34
35
34
36
32
36
22
31
38
34
26
36
31
28
23
36
35
22
33
19
41
51
20
27
33
27
31
34
21
30
35
23
22
23
21
31
33
31
22
27
33
33
30
32
29
46
29
33
24
26
30
33
24
21
26
32
33
31
47
35
33
34
23
29
36
29
22
22
21
28
32
34
16
27
26
33
35
30
28
37
31
19
21
29
31
26
25
19
21
33
35
29
24
24
13
21
36
26
31
23
28
31
13
29
22
30
23
29
30
28
30
33
22
25
31
19
22
32
24
29
23
31
31
39
22
34
26
28
31
31
26
24
25
29
28
22
33
22
38
20
28
24
35
29
25
33
26
20
23
19
32
22
21
25
27
34
25
29
22
35
29
25
24
27
19
30
32
23
24
28
29
24
32
25
43
28
19
24
24
25
20
27
29
28
26
19
24
18
37
32
30
23
24
16
30
22
23
19
21
23
19
24
27
22
24
35
28
22
19
18
24
24
23
29
20
29
28
10
35
14
33
27
28
21
19
31
17
29
25
29
20
23
24
20
21
14
28
27
14
24
25
22
26
24
27
24
21
28
30
18
29
22
29
23
14
21
28
23
20
29
27
21
29
23
17
25
19
17
18
26
17
26
34
26
24
28
19
30
23
43
32
23
26
29
24
32
29
22
21
31
30
31
24
27
22
25
25
26
25
19
28
25
22
18
25
20
21
31
20
25
35
30
21
22
28
21
17
16
18
20
35
10
14
22
24
30
29
19
32
20
17
17
22
26
30
24
21
21
20
22
29
25
14
17
28
28
21
20
31
24
21
29
21
20
30
19
19
21
24
20
22
22
25
25
21
16
20
23
25
29
24
31
23
21
25
17
23
20
19
22
25
15
12
22
24
19
26
13
19
22
11
21
17
28
27
17
30
19
25
13
18
17
14
28
24
11
19
20
16
27
23
15
22
17
19
20
16
11
23
12
17
20
16
15
23
20
18
14
24
21
16
22
15
15
18
20
17
14
13
12
18
14
13
20
16
16
17
14
16
13
19
10
15
14
19
15
17
14
11
15
19
20
10
20
18
14
16
15
12
16
16
16
16
12
13
8
7
9
9
12
8
11
16
15
14
7
18
17
13
17
13
15
14
14
16
13
7
15
13
11
10
9
14
13
8
10
16
18
8
12
7
12
7
12
6
9
9
10
9
11
9
14
6
11
11
12
9
10
11
13
5
11
14
13
13
9
9
11
9
15
7
11
14
8
8
8
9
11
10
8
12
10
11
10
13
11
7
11
5
10
16
11
8
7
13
8
7
6
8
9
11
14
14
7
10
11
6
17
8
9
12
10
8
11
7
11
8
9
10
3
7
7
9
7
14
10
9
10
8
6
10
9
10
10
8
6
8
6
6
10
7
14
9
6
8
10
7
6
10
9
13
8
7
7
4
7
6
9
9
9
13
3
7
12
7
5
9
10
12
6
8
4
8
7
9
13
6
6
4
5
6
7
9
4
3
9
5
5
6
6
9
14
4
6
11
7
7
11
6
9
18
13
6
6
5
5
8
10
3
9
7
10
8
3
7
6
10
7
7
10
4
14
7
6
9
11
8
6
9
7
9
10
11
12
6
9
9
5
7
5
5
6
2
8
3
9
8
8
14
10
7
9
9
3
14
9
10
7
11
5
6
8
14
11
12
5
5
8
9
10
11
6
13
7
9
8
11
7
8
11
4
7
11
14
13
7
7
8
9
7
12
4
8
10
6
8
10
13
7
3
11
13
9
8
10
17
10
15
9
14
11
14
17
13
15
13
9
12
8
16
11
11
13
12
13
8
7
13
9
12
10
22
17
14
15
16
11
13
15
22
14
15
11
12
20
16
17
14
19
10
15
25
15
23
14
14
12
17
22
29
20
19
24
20
18
16
19
25
27
26
20
26
30
17
28
23
22
19
30
30
32
30
32
43
39
35
33
26
25
32
33
29
42
36
41
39
41
40
33
47
41
64
43
55
40
60
59
43
34
39
43
54
52
50
55
48
60
51
56
52
59
68
59
51
46
61
72
64
53
58
70
90
72
83
60
71
81
82
73
71
69
79
67
72
78
91
89
76
62
87
66
71
88
66
91
70
72
78
81
78
106
87
91
100
77
93
103
97
69
90
88
82
84
81
113
92
76
84
94
88
81
91
112
85
93
109
92
75
74
94
81
96
89
103
75
71
75
108
79
92
74
86
89
89
79
85
98
66
85
94
86
81
78
78
61
72
61
88
100
73
71
79
76
77
64
78
66
81
59
59
66
67
62
65
60
67
60
63
59
59
72
69
63
50
62
60
50
48
60
50
67
40
67
44
43
54
28
38
48
54
34
38
37
44
31
39
29
43
39
30
33
34
38
26
27
39
26
31
27
21
31
33
20
22
26
24
29
22
17
29
14
16
20
19
16
19
17
21
20
19
10
15
24
13
15
13
17
14
20
7
15
9
15
12
9
13
16
11
7
12
13
8
12
9
7
8
10
7
7
7
3
8
7
6
5
5
5
7
7
7
8
6
5
4
4
6
7
9
2
3
10
1
7
3
4
3
2
7
3
4
4
5
6
1
8
1
6
3
1
1
3
5
1
4
3
1
4
1
4
2
6
5
4
1
1
2
2
2
2
3
3
3
5
5
6
0
1
4
3
1
0
3
3
3
0
1
3
3
2
2
2
2
4
2
0
1
0
1
0
2
3
4
0
1
3
1
3
5
3
3
0
0
4
2
3
2
3
2
2
2
3
3
0
0
1
2
2
1
2
0
2
0
1
0
3
0
0
0
0
1
2
0
1
2
2
2
1
1
2
1
2
3
2
1
1
1
1
2
2
2
1
2
0
0
4
2
0
0
0
1
1
2
0
1
1
1
2
0
3
4
2
1
1
1
2
2
4
0
1
0
0
2
1
3
0
2
2
2
3
0
1
1
1
3
2
1
0
4
1
2
1
4
1
2
0
4
0
2
0
0
1
0
0
0
0
1
0
4
3
3
2
2
2
3
2
0
2
0
1
1
2
0
3
0
2
2
1
1
1
1
2
0
1
2
1
0
3
2
4
0
1
0
1
3
0
2
4
0
1
2
1
1
2
1
1
0
1
5
0
1
1
0
1
2
1
2
2
5
0
1
0
1
2
2
0
2
1
1
0
3
1
1
1
2
1
1
2
0
0
0
5
1
1
0
0
1
0
1
2
2
3
0
1
0
1
2
1
1
2
2
2
0
3
3
2
0
1
1
2
1
2
3
3
3
1
0
0
2
0
0
0
2
1
3
0
1
1
2
2
0
1
2
0
0
0
0
2
1
0
2
0
2
1
0
1
3
0
2
2
1
2
6
0
2
1
0
1
3
0
2
1
2
1
0
0
2
0
3
1
2
0
1
0
0
2
2
2
1
1
2
2
1
0
0
1
2
1
1
1
2
2
1
2
2
3
0
3
0
1
2
5
3
0
1
2
2
2
1
2
1
0
0
1
1
1
2
2
4
2
0
3
0
1
2
1
1
1
2
1
3
2
0
1
2
2
4
0
0
0
1
0
1
0
1
0
2
2
2
1
1
1
0
2
1
0
2
0
1
2
1
1
0
1
0
1
1
0
2
3
0
1
0
0
2
2
0
2
2
0
5
1
1
1
1
1
2
1
1
1
2
4
0
0
0
0
0
1
1
3
1
1
4
0
4
3
4
1
2
2
1
1
1
1
0
1
1
4
1
1
0
1
1
2
0
0
1
0
1
0
1
0
1
0
0
1
0
0
0
1
0
1
2
0
0
2
0
0
2
5
2
2
2
2
1
2
1
1
2
0
2
2
3
1
4
1
2
2
3
0
1
1
2
1
3
2
1
0
4
0
2
1
0
1
1
0
1
1
3
1
0
0
0
1
0
0
1
1
0
2
0
0
1
2
3
0
2
1
1
0
3
0
2
2
0
0
0
1
0
2
3
0
2
1
1
3
1
0
1
1
0
0
1
2
2
1
1
1
1
0
1
0
0
1
2
1
0
1
1
1
0
0
2
1
0
2
2
1
1
1
1
0
0
0
2
1
1
1
1
0
1
0
0
2
1
1
3
1
2
1
0
4
0
2
1
2
0
1
1
0
0
0
0
0
1
0
1
1
1
0
1
1
0
1
0
0
1
1
0
1
0
0
0
0
1
0
1
1
2
1
0
2
0
1
3
0
0
2
4
1
0
1
0
3
0
1
1
0
3
0
1
1
2
3
2
0
1
1
0
2
0
1
1
1
1
2
0
1
1
0
1
1
0
0
1
0
1
1
2
1
0
0
0
1
0
0
1
1
0
1
2
1
2
0
1
2
0
0
0
0
0
1
0
0
0
0
0
0
2
0
1
1
0
2
3
0
1
1
5
0
0
3
0
0
2
0
0
1
0
0
1
0
0
0
1
0
0
0
0
0
1
2
1
0
0
1
0
0
0
0
0
0
1
1
0
1
1
0
3
0
0
0
0
1
0
0
1
0
0
0
1
3
1
1
0
1
0
0
2
1
0
0
0
0
1
1
3
1
1
0
0
0
1
2
1
1
1
0
1
0
1
2
1
0
0
0
2
0
1
1
1
0
1
1
3
1
1
0
1
1
0
5
1
3
0
0
2
0
2
2
2
2
2
0
0
1
1
1
0
1
1
3
0
1
0
1
1
0
1
0
1
1
0
1
1
0
0
0
1
0
1
0
0
1
1
0
0
0
1
0
2
0
0
1
1
0
1
0
0
0
0
3
0
0
1
2
0
1
2
3
1
2
0
0
0
4
0
0
2
0
2
0
1
2
0
0
0
0
0
0
1
1
1
1
0
2
2
0
2
0
3
1
1
0
0
0
0
0
0
0
0
1
0
0
1
1
2
0
1
2
1
1
0
1
1
0
1
2
0
0
0
0
0
1
3
0
1
0
2
3
0
3
0
0
1
1
0
0
0
1
0
1
0
0
1
0
0
1
1
1
2
0
1
2
1
1
0
0
1
0
0
0
1
1
0
0
2
0
1
1
0
0
1
1
1
0
0
1
0
2
3
1
0
1
1
1
0
0
0
2
0
2
1
0
0
0
1
1
1
0
0
2
1
0
1
1
0
1
0
0
2
1
0
0
1
1
1
1
0
1
0
0
1
2
0
1
0
0
1
1
1
0
0
1
1
0
1
1
2
0
1
0
2
0
0
0
2
0
0
0
1
2
2
1
0
1
1
1
0
0
1
1
0
0
0
1
1
1
0
1
0
1
2
2
1
0
2
0
0
1
0
1
1
2
0
0
1
1
1
2
0
0
1
0
0
1
0
1
0
3
0
1
2
1
1
1
1
0
1
0
0
0
0
1
3
1
0
0
0
1
0
1
0
1
0
1
0
0
0
0
0
1
0
1
0
1
0
1
1
2
0
1
0
0
1
0
0
1
0
0
0
0
1
1
0
3
1
0
1
0
2
0
0
0
0
0
2
1
0
0
0
0
0
2
0
0
0
0
0
0
0
0
1
0
0
1
0
1
0
0
1
0
1
0
1
2
1
0
1
2
2
0
1
0
1
0
0
1
0
2
0
0
1
0
0
0
1
0
0
0
1
0
1
0
0
0
0
1
1
0
0
1
1
0
0
0
0
2
1
1
0
0
3
0
0
1
2
2
0
0
1
0
2
0
1
1
0
1
0
0
0
0
1
1
0
0
1
1
0
1
2
0
1
1
1
2
0
0
0
0
0
0
0
0
1
2
1
1
1
0
2
1
0
0
0
0
0
0
1
1
0
1
0
0
0
0
1
0
0
0
2
0
0
1
0
0
0
1
0
1
0
1
0
0
0
1
1
0
0
0
0
0
0
0
0
1
1
1
0
0
0
1
0
0
0
2
0
0
0
0
0
0
1
0
0
0
0
1
2
0
0
1
1
0
1
2
0
0
0
0
0
0
1
0
1
0
0
0
1
0
1
1
0
0
1
3
0
0
1
0
0
0
1
0
2
1
1
1
0
1
0
0
0
1
0
0
1
2
0
0
1
0
0
2
0
0
0
1
1
0
2
2
0
0
0
0
0
1
0
0
1
0
0
0
0
0
1
0
0
0
0
1
0
1
0
2
0
1
0
0
0
1
0
1
0
0
0
0
0
0
0
0
0
0
0
1
0
1
0
0
0
1
0
0
0
1
1
0
0
0
0
0
1
0
0
1
1
1
0
0
1
1
0
0
0
0
0
0
1
0
0
0
0
0
1
0
0
0
0
1
0
0
1
1
2
0
0
0
2
0
0
0
0
1
1
1
0
1
3
0
1
1
0
1
0
2
1
0
1
0
1
0
0
0
2
1
0
1
0
0
0
0
1
0
0
0
1
1
1
0
0
0
1
1
0
1
3
2
0
0
0
0
2
1
2
0
2
1
1
2
2
0
0
0
0
2
0
0
0
1
0
0
0
0
0
0
0
0
1
1
1
1
0
0
1
0
0
0
0
1
1
1
0
2
2
1
0
1
0
1
0
0
1
0
0
2
1
0
0
0
0
0
2
2
1
2
3
0
2
1
1
2
2
0
0
0
2
0
0
0
1
1
0
1
1
0
1
0
0
1
0
2
1
0
2
0
0
1
1
1
0
3
0
1
0
1
0
0
0
1
1
1
0
0
1
1
0
2
0
1
2
0
0
0
0
3
0
2
1
1
0
2
2
0
2
0
1
0
1
0
1
0
0
2
0
1
0
0
1
3
5
0
2
1
0
0
1
0
0
0
1
1
1
0
1
0
0
1
0
0
0
0
2
1
1
1
0
0
0
1
0
0
3
1
0
1
3
2
2
1
0
2
0
0
2
0
1
2
3
0
0
0
0
1
1
3
1
1
1
2
0
0
0
1
0
2
0
0
0
0
0
0
1
0
0
1
1
0
2
1
0
0
0
0
0
0
1
0
1
0
1
2
0
0
0
1
0
0
1
0
0
1
0
0
1
0
1
1
1
0
0
1
1
1
0
1
1
1
1
1
1
1
0
1
0
0
0
0
2
0
1
2
1
1
0
1
1
1
0
0
0
0
1
1
0
0
1
0
0
1
0
1
0
1
0
0
0
0
0
0
0
0
1
0
0
1
0
0
1
1
0
0
1
0
1
0
0
0
1
1
0
0
0
0
0
1
0
0
0
0
0
0
0
0
0
0
0
0
1
3
0
0
0
0
0
1
2
1
0
0
0
0
0
0
0
1
0
2
1
0
0
0
0
0
1
0
0
0
0
0
0
0
1
0
0
0
0
0
2
3
0
0
0
0
1
0
0
0
1
1
0
0
1
0
0
0
0
0
0
0
0
0
0
1
0
0
0
0
1
0
2
1
0
0
1
0
0
0
0
1
0
1
0
0
0
1
0
1
0
0
