0
0
0
0
0
0
0
0
0
0
0
0
0
0
0
0
0
0
0
0
0
0
0
0
0
0
0
0
0
0
0
0
0
0
0
0
0
0
0
0
0
0
0
0
0
0
0
0
0
0
0
0
0
0
0
0
0
0
0
0
0
0
0
0
0
0
0
0
0
0
0
0
0
0
0
0
0
0
0
0
0
0
0
0
0
0
0
0
0
0
0
0
0
0
0
0
0
0
0
0
0
0
0
0
0
0
0
0
0
0
0
0
0
0
0
0
0
1
0
0
0
0
1
0
0
1
0
0
0
0
1
1
0
0
2
0
0
0
0
0
1
0
0
1
2
1
0
1
1
0
2
3
3
1
3
1
3
3
2
2
4
3
5
7
4
8
6
6
5
9
8
9
15
20
17
14
13
14
29
35
32
30
39
31
45
45
34
44
50
50
66
70
59
58
72
61
71
83
87
82
88
92
97
75
87
80
89
90
102
84
85
86
82
74
90
90
85
86
96
105
91
74
80
78
88
80
84
90
70
92
92
81
111
68
104
88
95
94
70
88
74
83
63
74
86
84
86
82
86
90
78
90
80
73
66
87
91
93
86
81
87
89
91
89
89
83
91
94
82
101
94
73
75
87
87
109
74
97
91
78
84
98
86
104
93
92
103
97
98
95
93
111
87
103
100
103
113
104
97
98
110
111
111
104
104
116
113
96
97
106
98
111
110
95
93
101
119
94
103
107
104
109
115
135
116
101
106
84
93
105
100
93
100
107
92
92
105
110
101
96
97
95
100
89
83
114
100
99
113
86
95
102
96
95
84
100
90
100
74
76
84
80
89
83
81
101
87
90
83
77
73
91
75
74
78
72
85
84
86
85
78
75
96
81
86
92
80
84
77
88
56
84
81
70
99
96
69
76
73
61
92
75
77
73
95
70
74
75
73
92
74
92
81
78
75
68
72
83
84
73
68
96
65
75
87
94
65
84
80
77
76
62
65
59
66
85
83
77
80
69
85
88
86
66
87
88
85
75
64
74
79
78
82
72
77
71
102
81
70
79
96
86
67
78
50
88
80
71
81
88
82
81
75
83
73
74
74
62
90
94
69
83
75
82
90
70
67
65
77
80
65
70
79
68
76
63
62
78
68
69
72
80
64
87
70
68
64
93
70
72
89
81
93
80
82
78
87
73
71
99
75
84
80
93
72
59
78
74
71
81
87
83
77
87
86
79
84
86
67
64
72
57
89
73
63
86
67
95
70
86
83
76
95
72
87
87
64
67
65
77
64
70
72
64
77
86
82
72
54
65
68
71
61
60
80
89
72
68
76
72
65
72
66
63
60
59
60
65
54
75
60
72
61
76
72
52
69
51
69
52
57
56
56
58
65
65
60
55
57
66
65
56
57
68
62
72
61
48
60
55
51
65
46
62
53
48
55
50
52
54
64
58
62
46
58
45
55
52
45
57
51
62
51
47
54
52
47
62
54
49
39
51
59
49
40
52
42
50
42
52
54
67
50
48
50
52
48
40
41
54
35
44
50
49
38
59
49
41
47
46
52
43
41
44
44
39
49
53
47
49
48
47
39
41
43
38
39
46
34
35
50
54
47
45
38
34
34
36
37
46
35
51
38
38
29
34
35
37
44
39
33
30
40
37
30
41
40
40
43
31
38
38
36
34
33
31
22
38
39
37
26
29
36
36
43
34
33
35
33
35
41
40
27
33
43
38
35
35
31
33
32
39
36
39
37
27
31
31
28
27
34
40
29
44
36
35
27
28
34
31
32
32
36
29
35
28
27
34
28
29
30
34
45
35
23
36
37
41
29
25
22
29
34
19
33
32
19
32
32
41
28
17
23
28
27
33
32
31
36
28
27
31
27
24
34
28
29
32
43
21
28
29
23
26
41
32
28
28
26
21
29
23
24
24
28
23
30
19
21
28
27
21
24
28
19
35
26
26
22
27
25
29
32
30
31
23
21
24
25
31
23
26
21
35
27
23
27
38
29
22
36
17
28
27
31
27
19
24
18
29
20
26
27
25
29
42
21
31
27
25
36
30
25
18
27
21
30
29
24
25
22
24
36
19
28
23
23
25
29
19
29
24
29
24
16
21
18
34
28
23
22
22
30
19
22
36
14
20
25
31
28
22
13
17
28
18
18
30
33
19
18
29
20
24
34
33
33
14
17
21
33
19
15
22
23
30
28
23
16
28
28
23
20
25
28
26
22
27
27
14
19
17
24
22
21
29
26
21
23
25
20
22
21
33
19
18
20
23
15
23
23
29
32
25
17
22
32
20
19
18
27
15
24
15
35
21
27
26
27
35
35
19
21
23
14
24
20
20
20
24
20
19
11
31
16
19
27
19
30
20
23
24
23
15
20
14
22
18
20
16
21
17
26
26
29
21
22
23
32
28
20
23
20
25
25
17
25
26
18
21
14
31
17
20
16
22
18
21
36
25
15
13
13
11
17
16
21
18
23
16
24
24
23
23
11
21
18
24
22
24
20
12
19
19
24
21
18
26
21
24
31
19
20
18
17
20
18
25
20
14
20
26
22
19
24
23
21
21
24
20
27
25
16
17
13
29
19
21
19
26
26
18
20
18
22
28
18
21
24
7
13
19
24
25
28
21
16
19
20
10
20
17
26
25
15
21
20
23
16
26
25
16
24
20
17
15
19
15
17
35
20
18
24
19
24
17
17
22
18
22
19
17
16
18
13
10
18
23
17
19
16
16
14
19
30
20
17
22
24
17
22
18
8
15
14
12
18
25
25
8
19
14
19
23
14
21
26
19
24
19
13
15
22
15
23
17
20
17
18
16
17
22
13
19
15
12
19
16
13
17
15
22
20
11
17
12
18
9
19
10
14
10
20
18
13
15
25
10
11
15
20
12
14
19
11
17
20
12
12
13
20
9
21
13
14
18
12
24
6
12
12
5
15
15
15
6
13
12
14
16
14
12
11
12
10
11
7
17
9
11
15
15
12
14
20
11
17
9
12
10
9
12
12
13
9
13
16
16
9
14
16
12
11
13
12
5
9
16
9
7
10
15
13
11
8
6
4
14
12
12
9
8
9
9
9
11
17
10
8
8
12
11
18
13
9
9
11
10
8
8
10
13
9
16
9
6
11
5
8
10
7
12
6
7
9
11
13
6
12
6
11
7
9
10
8
9
7
8
3
10
8
9
4
7
14
8
3
8
6
10
7
7
11
4
11
3
10
8
6
10
9
13
17
14
10
7
11
8
11
10
7
5
17
12
9
13
5
6
3
4
11
11
8
7
8
8
8
9
18
8
7
7
14
8
10
7
5
8
7
4
6
6
3
11
7
9
8
9
6
7
3
3
9
11
10
7
13
4
6
4
5
7
7
7
6
7
7
4
6
8
8
6
11
7
9
3
4
7
7
3
7
6
9
5
8
12
12
3
9
8
4
8
6
4
4
9
3
3
4
7
7
4
4
7
6
8
5
9
5
7
8
4
5
6
2
8
10
6
7
9
5
10
10
7
6
12
3
7
10
8
10
9
7
9
8
10
6
3
8
6
3
12
9
2
11
7
4
4
10
7
6
9
5
4
6
5
5
3
5
8
4
6
7
9
5
5
8
8
6
5
5
6
3
12
6
12
8
5
9
15
4
5
9
4
9
9
10
5
4
15
10
15
5
13
11
5
5
7
7
12
4
11
7
7
11
7
10
7
12
9
14
8
11
6
8
12
10
9
11
15
9
14
9
17
18
11
8
16
12
11
16
10
6
9
14
12
13
11
13
20
11
9
12
17
14
11
12
19
15
13
9
15
17
18
15
15
13
11
21
13
14
22
21
11
21
20
25
16
21
19
28
22
22
23
27
26
37
33
26
22
22
26
27
24
30
31
27
28
34
37
31
39
33
30
23
25
24
32
38
32
44
51
43
44
37
47
41
34
44
30
31
38
42
41
41
65
37
50
43
63
52
58
49
41
47
43
55
57
66
57
57
63
65
58
66
63
71
61
68
58
81
63
71
71
70
62
57
76
71
52
77
74
61
61
70
58
62
74
79
69
58
75
66
67
96
68
70
91
61
86
77
65
62
87
89
76
75
80
78
85
75
78
79
85
80
88
60
81
71
79
52
85
68
88
76
71
65
72
91
67
69
59
78
81
77
57
48
60
73
71
63
61
58
66
65
53
52
66
51
56
63
70
61
61
61
71
53
62
50
44
49
47
48
60
44
56
37
33
37
47
41
33
40
43
42
39
40
32
32
37
41
31
32
32
33
31
33
30
34
24
49
42
22
26
24
36
25
32
34
34
24
15
32
22
26
22
22
17
27
15
25
20
15
20
18
13
17
14
20
22
18
18
9
15
19
13
13
11
18
14
16
12
10
10
13
16
11
13
7
5
6
11
9
6
9
8
3
7
6
5
10
4
8
7
5
10
4
7
4
6
9
8
7
3
8
4
6
3
5
9
4
4
2
5
3
2
5
2
8
5
6
3
5
4
6
3
7
5
1
2
2
6
1
0
4
3
2
2
0
3
3
5
1
2
0
4
1
4
3
0
2
2
1
3
1
0
4
0
0
1
6
3
1
2
2
2
2
3
0
3
0
1
2
1
3
2
3
2
1
0
1
2
1
3
4
1
1
0
4
3
0
0
0
0
1
3
1
1
1
7
3
3
1
2
3
5
4
2
1
1
1
4
1
1
2
0
1
3
1
2
2
0
1
4
0
0
1
1
2
1
3
0
3
1
2
2
2
1
3
0
1
4
1
3
1
5
3
1
0
1
1
1
1
0
2
0
2
4
1
2
3
2
0
1
0
2
4
0
3
1
1
1
1
0
2
2
2
0
0
2
3
2
2
3
2
1
3
0
0
1
0
0
0
0
2
2
0
3
0
1
0
1
2
1
1
1
0
1
4
2
4
1
1
0
3
3
1
1
3
0
1
1
6
2
2
2
1
0
0
2
1
0
1
3
2
0
1
3
2
3
0
2
2
1
1
2
1
0
1
0
2
3
2
3
2
0
1
0
0
1
2
2
1
0
1
1
1
1
1
0
2
2
0
3
1
0
0
1
3
0
0
1
1
1
0
0
1
1
0
2
0
0
3
0
0
2
0
0
4
1
0
2
1
3
2
5
2
2
1
1
1
1
1
0
3
1
0
0
3
0
2
1
1
2
1
3
0
0
1
1
1
2
0
3
1
1
2
0
1
0
1
1
1
1
1
0
1
0
1
3
1
2
1
0
2
0
0
0
1
2
1
1
1
1
1
0
1
0
2
3
1
1
2
0
0
0
2
2
2
3
2
1
2
1
1
2
2
3
0
2
2
1
1
1
1
0
0
1
2
0
1
1
0
1
2
1
1
0
2
0
3
2
1
1
3
2
3
1
0
1
2
1
1
0
1
2
1
1
1
3
0
1
1
2
0
0
0
2
0
0
1
0
0
3
0
1
1
2
2
1
1
1
2
3
0
2
0
2
0
0
1
1
2
0
0
0
2
2
2
3
1
2
1
3
1
0
5
3
0
0
2
1
1
2
1
3
2
3
0
0
2
1
4
0
2
2
1
1
0
4
2
0
2
1
1
0
0
1
1
0
0
1
1
3
2
0
1
1
0
0
1
1
1
1
0
2
3
3
0
1
4
1
2
1
1
1
1
1
0
5
1
3
1
2
1
3
2
1
1
0
4
0
1
1
0
1
0
0
3
0
2
1
1
3
0
0
3
0
1
1
0
4
0
3
0
2
2
0
2
1
1
2
0
1
0
0
3
2
1
0
2
1
1
0
1
1
2
1
2
0
0
2
3
1
0
1
0
1
0
2
1
0
1
3
1
2
0
2
3
1
1
0
2
1
1
0
1
1
1
1
3
1
0
0
0
0
0
1
0
1
2
0
0
0
2
2
2
1
0
2
1
0
1
1
0
0
2
2
1
1
0
1
1
0
0
1
0
0
2
0
1
1
1
0
2
0
1
0
0
1
0
2
0
1
3
1
2
0
4
0
0
0
2
0
1
1
0
3
0
1
2
0
0
1
0
1
1
0
3
2
0
1
2
2
1
0
0
0
1
0
0
0
4
2
0
3
1
1
0
1
0
0
0
1
0
2
2
1
1
1
0
1
0
0
1
0
1
0
1
0
0
0
0
1
1
0
0
0
1
0
2
1
0
0
0
0
2
1
0
0
0
1
1
2
0
2
0
0
1
1
0
1
2
0
0
1
1
1
2
1
0
0
1
0
1
1
2
3
0
0
1
0
2
0
2
0
0
1
3
1
4
0
1
0
3
2
0
2
1
1
0
1
1
1
0
0
1
0
0
1
0
0
1
0
2
1
1
1
2
1
1
0
0
2
1
0
0
0
0
0
3
1
0
2
1
3
2
1
0
0
0
1
1
2
0
1
2
0
1
1
1
0
0
0
1
2
0
0
0
0
0
1
2
0
0
1
0
0
0
1
3
0
0
2
0
0
2
0
1
1
0
1
0
1
0
1
0
0
2
0
0
2
1
2
0
2
2
3
0
0
2
1
0
1
0
1
0
1
0
0
2
2
1
0
0
0
1
3
2
0
1
2
2
0
1
0
1
3
0
0
0
1
0
1
1
2
0
0
0
1
2
0
1
0
2
1
0
3
1
1
1
0
0
1
1
1
2
0
0
0
0
0
0
2
1
0
2
1
0
2
1
0
1
0
1
0
0
1
4
3
1
2
1
2
1
2
0
2
0
0
0
2
2
1
3
3
1
1
2
3
1
1
0
1
2
2
2
0
1
0
3
1
0
2
0
0
0
2
0
1
3
1
1
1
2
1
0
1
1
1
0
0
0
0
2
0
0
0
1
0
2
0
0
1
2
3
0
1
1
1
0
0
0
0
0
0
0
1
2
0
0
0
0
0
0
1
1
1
1
0
0
1
1
0
0
0
0
1
1
1
1
2
3
1
1
0
1
0
2
0
0
0
0
2
2
2
0
0
2
1
2
0
0
0
2
1
2
1
2
1
1
0
1
0
2
0
0
2
2
2
1
0
0
0
1
0
0
1
2
1
1
1
5
0
2
0
0
1
1
0
1
0
1
0
2
1
0
2
2
1
1
1
0
0
1
0
1
1
3
0
0
1
0
1
1
0
1
1
1
1
0
2
0
2
0
0
1
0
2
1
1
0
1
1
0
1
0
2
0
0
0
1
1
1
0
2
1
2
1
1
0
0
0
0
1
0
0
1
0
1
1
0
1
1
0
1
0
2
1
3
1
1
0
0
0
0
0
1
0
1
1
1
0
0
1
0
0
1
2
1
1
0
0
0
0
0
0
0
2
1
0
0
0
1
0
0
0
0
0
0
2
0
1
0
2
1
1
0
0
0
2
1
1
3
1
0
0
0
0
0
1
0
2
0
1
0
1
1
0
0
2
3
0
1
0
2
0
0
2
1
1
1
1
1
0
2
0
1
1
1
0
0
1
1
0
0
0
0
1
0
1
0
0
0
0
0
0
1
1
2
0
0
0
1
1
0
0
0
0
1
0
0
0
0
1
3
0
1
0
0
0
0
0
1
0
0
1
0
3
2
0
1
0
0
0
0
0
0
2
2
2
2
0
0
1
0
0
0
0
1
2
2
1
0
0
1
1
1
0
1
0
1
0
1
0
0
0
0
0
0
0
3
0
2
1
0
0
0
0
0
0
0
2
2
2
1
0
0
0
1
0
0
0
0
0
0
1
0
0
2
1
0
0
2
0
0
0
0
1
0
1
0
0
1
0
0
1
0
1
0
0
0
0
1
1
1
1
0
1
1
0
2
3
0
0
0
0
1
1
0
0
0
0
0
1
1
0
0
0
1
0
0
1
0
0
1
0
1
0
0
0
0
0
0
1
0
0
1
1
1
2
0
0
1
0
2
0
0
1
0
0
0
0
0
1
0
0
2
0
0
0
0
0
0
2
0
0
0
0
1
0
0
0
2
0
1
0
0
1
1
0
0
0
0
1
2
1
0
0
1
0
0
0
0
0
1
0
0
0
0
1
0
2
1
0
0
0
0
0
0
0
0
0
0
1
1
0
0
2
1
1
0
0
0
0
0
0
1
1
0
1
1
0
1
1
1
0
1
0
1
0
0
1
1
0
0
1
0
1
0
1
1
2
0
1
0
0
1
0
0
0
0
0
1
0
0
2
1
1
0
0
0
1
1
0
0
1
0
0
0
1
0
1
0
0
1
0
1
0
2
0
1
0
0
0
0
0
1
1
1
0
0
0
0
2
2
0
0
0
0
1
0
0
0
1
0
1
0
3
0
1
0
3
1
0
0
0
1
0
0
1
0
3
1
0
0
0
0
0
0
2
0
0
1
4
0
0
1
0
0
1
2
0
0
0
0
0
1
0
2
1
0
2
0
2
0
1
0
4
0
0
1
0
2
1
0
0
0
1
0
1
0
0
0
1
1
2
0
1
0
0
1
2
0
1
1
0
2
0
0
0
0
1
0
0
0
0
1
2
2
2
0
0
0
0
0
3
0
0
0
3
0
0
0
0
1
1
0
0
2
0
1
0
1
0
2
2
1
0
0
2
0
2
1
0
0
0
3
0
1
4
1
2
2
3
1
1
1
0
2
2
2
2
1
2
1
0
4
0
0
1
2
0
0
3
1
2
2
1
0
1
0
1
3
0
0
0
0
0
1
0
0
2
0
1
1
1
0
0
0
0
1
1
3
1
0
0
1
1
0
1
0
0
0
0
0
2
2
0
0
2
0
0
1
0
0
1
0
2
0
0
1
0
1
0
0
1
1
1
1
0
0
0
0
0
0
0
0
1
1
0
0
0
1
0
0
0
0
0
0
2
0
1
0
0
0
1
0
1
1
0
0
1
0
0
0
1
0
2
0
1
1
0
1
0
0
0
0
2
0
0
2
1
2
0
0
0
0
1
0
0
2
0
0
0
1
1
1
1
0
0
0
1
2
1
0
1
0
1
0
0
0
0
0
1
0
1
1
2
1
0
0
0
1
0
0
0
2
0
0
2
0
1
0
1
1
2
0
0
0
0
0
0
0
0
0
0
0
0
3
1
0
1
0
0
0
1
2
0
1
1
0
0
0
1
0
2
0
0
0
0
0
0
1
0
0
0
0
0
0
0
1
0
3
0
1
0
0
1
0
0
1
1
0
0
0
1
0
0
0
0
0
0
0
0
0
0
1
1
1
0
1
0
0
1
0
0
0
0
1
0
0
2
0
0
0
0
1
1
0
0
0
3
0
1
1
0
0
1
0
2
0
0
0
0
0
1
0
0
1
0
0
0
1
0
0
