0
0
0
0
0
0
0
0
0
0
0
0
0
0
0
0
0
0
0
0
0
0
0
0
0
0
0
0
0
0
0
0
0
0
0
0
0
0
0
0
0
0
0
0
0
0
0
0
0
0
0
0
0
0
0
0
0
0
0
0
0
0
0
0
0
0
0
0
0
0
0
0
0
0
0
0
0
0
0
0
0
0
0
0
0
0
0
0
0
0
0
0
0
0
0
0
0
0
0
0
0
0
0
0
0
0
0
0
0
0
0
0
0
0
0
0
0
0
0
0
0
0
0
0
0
0
0
1
0
0
1
0
0
1
2
1
0
1
0
0
0
0
0
0
1
1
0
1
1
0
1
0
0
2
4
1
0
2
2
2
3
4
6
3
5
6
8
9
2
8
6
13
11
18
18
9
16
33
22
18
20
26
32
32
31
40
44
38
43
49
64
65
59
71
70
93
63
72
88
91
82
71
88
80
76
76
98
82
95
79
82
84
86
95
75
85
80
86
85
86
97
79
71
96
108
82
94
104
84
80
94
73
93
77
82
70
90
78
96
89
81
76
80
82
83
76
80
75
100
78
80
90
79
82
87
88
79
71
94
93
92
88
95
76
89
81
104
73
77
93
78
87
76
77
95
81
76
87
92
92
84
80
89
81
84
103
83
111
96
84
88
111
94
107
93
79
84
96
87
93
113
107
94
91
113
83
108
102
85
119
99
100
90
92
100
89
94
106
99
118
107
90
93
106
89
94
111
84
92
115
83
101
98
96
86
98
86
85
83
115
98
104
99
98
80
97
90
93
82
81
80
87
80
84
74
93
97
100
94
92
82
82
112
87
81
88
78
83
74
81
81
94
80
88
87
72
86
75
89
74
79
80
88
79
75
85
78
89
82
75
81
80
79
93
86
86
75
73
73
75
66
54
65
85
78
84
82
81
87
64
74
80
72
62
69
69
84
77
51
80
84
67
80
65
72
88
78
70
75
78
81
91
76
62
73
85
76
79
72
77
76
72
88
87
75
82
79
85
76
76
85
59
86
85
81
88
79
71
73
75
82
69
84
82
73
76
74
68
80
73
75
81
78
67
84
84
87
61
82
67
62
72
74
71
82
86
67
82
79
82
78
61
84
96
78
58
72
79
76
65
81
61
67
76
76
76
81
90
74
75
73
77
68
73
79
79
93
72
86
83
77
68
65
71
58
81
91
86
90
74
70
70
78
85
70
89
67
72
67
65
84
74
74
80
57
67
75
82
79
67
55
62
81
78
62
71
55
74
78
70
66
71
70
54
58
58
55
66
64
82
56
82
60
59
58
54
64
60
69
51
65
69
60
79
54
49
65
60
59
63
75
49
57
55
51
61
68
68
58
65
59
51
52
51
45
69
42
77
51
72
44
47
55
53
59
57
58
51
46
45
61
56
49
57
49
41
49
52
59
56
40
45
49
55
40
53
53
56
49
52
42
37
51
52
35
43
51
42
47
43
43
38
32
52
45
53
46
45
51
47
40
46
39
51
39
55
55
44
45
46
54
39
40
42
45
54
43
34
40
49
36
39
35
58
34
41
36
44
37
38
32
54
28
36
32
44
38
40
34
33
46
31
35
30
31
46
39
31
36
45
61
31
42
39
43
42
38
32
35
29
25
32
39
29
35
42
37
44
35
25
44
23
30
45
37
25
24
34
31
36
33
42
29
34
37
45
30
37
23
28
39
38
37
29
27
24
31
30
34
40
37
42
35
18
41
27
34
40
22
22
22
30
27
23
35
30
34
24
19
29
40
34
32
35
20
32
28
13
32
33
34
24
32
31
26
39
25
36
27
32
31
27
25
32
30
28
40
29
35
32
25
22
26
35
39
30
37
18
32
28
26
33
22
24
21
38
36
26
26
24
28
31
19
38
30
27
30
23
23
29
20
30
25
30
25
31
27
22
13
28
34
30
28
19
25
33
19
26
35
28
32
31
37
28
27
25
26
24
22
19
26
25
26
35
25
26
15
26
16
18
29
28
39
33
33
23
29
23
20
25
24
29
29
23
27
18
29
26
24
27
28
20
18
22
29
25
36
29
17
23
20
28
26
23
27
35
24
22
22
18
23
26
22
28
19
24
33
23
23
21
28
17
22
22
23
28
25
29
18
26
22
19
26
26
23
19
24
28
27
26
22
23
23
28
17
20
29
30
29
28
22
27
23
25
22
23
24
17
20
20
20
21
14
26
26
20
21
21
21
24
15
28
17
20
20
21
18
23
23
27
18
25
22
26
19
22
22
18
21
30
19
29
19
23
19
23
27
19
17
24
19
21
18
24
22
27
31
14
28
31
16
24
23
27
11
25
18
21
16
26
28
15
22
27
14
24
16
23
19
15
12
18
18
29
22
24
23
12
18
28
24
24
18
19
28
19
18
18
17
26
15
16
16
14
27
25
13
19
15
23
24
31
23
20
20
29
21
24
17
18
20
19
20
16
23
10
19
19
25
23
19
20
20
17
11
19
24
18
18
27
12
12
22
21
17
16
12
16
15
30
10
14
17
15
14
19
16
12
18
24
13
23
19
22
25
17
14
27
16
14
23
23
19
24
19
20
13
14
21
16
24
16
23
21
19
17
24
22
16
18
23
14
14
18
21
18
18
12
25
30
18
11
21
14
11
21
22
21
15
18
12
19
15
17
18
19
15
17
12
15
17
11
16
28
25
12
24
11
13
17
13
18
17
22
16
16
18
19
25
18
20
15
14
15
18
21
17
13
17
12
28
12
16
18
14
15
15
10
16
15
18
13
22
14
19
17
21
15
14
18
21
16
14
23
13
13
15
17
8
10
16
14
13
15
15
17
13
22
13
21
12
18
12
13
18
14
16
16
11
9
18
14
9
18
8
12
9
15
17
13
15
16
12
12
15
13
17
15
11
22
13
17
8
19
15
16
11
14
7
15
11
12
11
13
6
7
16
11
14
9
10
15
10
13
11
14
13
16
9
10
6
8
13
14
9
7
8
18
11
12
7
11
8
10
16
11
12
16
7
13
8
9
10
8
11
13
12
11
9
12
8
8
7
10
12
11
10
8
8
13
6
12
11
10
3
13
13
9
5
11
2
11
10
12
8
8
7
10
5
5
9
16
5
7
17
10
6
5
10
3
5
5
7
6
9
14
6
6
6
11
9
10
7
8
7
9
12
11
8
7
12
13
9
3
7
7
8
4
8
7
5
6
3
7
7
6
8
11
5
5
7
10
7
9
3
7
5
6
5
3
7
5
9
10
10
5
8
6
7
7
9
8
8
14
8
7
7
6
8
10
3
14
8
5
5
6
4
9
5
9
4
9
10
7
3
10
8
5
3
4
1
7
9
11
10
3
5
6
3
4
4
8
1
7
7
5
5
6
12
11
6
5
7
8
3
6
11
4
4
6
5
8
5
9
9
9
11
7
3
12
10
6
7
4
7
8
9
10
7
4
7
2
6
6
7
4
5
7
10
13
7
6
4
9
6
9
5
7
5
3
6
3
6
3
9
8
6
3
5
3
8
4
8
5
5
6
5
7
7
4
7
4
5
6
5
8
6
6
5
8
3
6
14
7
7
3
3
9
7
6
13
4
7
7
7
12
10
7
5
11
2
8
10
9
4
4
6
10
9
9
7
9
9
3
5
5
7
12
5
8
6
6
6
3
12
12
6
9
9
5
10
6
11
9
13
5
15
10
8
5
12
11
8
6
8
11
9
7
10
7
10
9
8
8
11
4
9
9
10
11
8
12
10
20
6
12
7
9
15
9
12
17
14
9
13
14
15
14
17
21
24
17
14
13
13
14
11
15
12
12
21
17
14
12
19
23
19
22
26
20
21
17
15
22
23
22
24
21
22
26
20
24
31
31
24
40
26
23
26
28
33
34
18
38
29
28
31
24
44
27
23
33
35
31
33
38
37
40
41
30
25
49
45
45
41
26
44
46
49
44
45
46
42
55
30
51
50
55
47
55
39
55
64
55
50
44
54
64
70
56
54
56
46
59
73
49
53
60
62
50
79
58
55
59
66
70
63
68
52
72
61
56
71
56
77
58
64
55
69
67
56
64
70
71
80
57
70
68
59
67
79
79
58
68
73
67
72
73
67
65
63
72
77
78
66
63
61
75
70
56
73
63
69
70
62
60
54
62
57
64
70
50
51
61
55
64
59
41
46
58
50
56
43
52
49
48
45
55
63
45
42
44
44
50
47
40
56
46
40
40
32
45
41
37
33
40
35
35
39
23
30
35
36
27
40
37
32
42
33
28
20
39
33
33
33
23
23
32
22
27
27
31
27
22
20
25
24
21
22
23
20
14
19
17
15
18
14
13
17
13
14
19
11
11
11
13
11
10
8
19
2
10
16
6
11
8
9
11
9
10
12
11
7
4
1
6
5
10
5
5
6
7
4
7
7
10
6
7
7
4
5
6
3
1
6
7
3
4
7
4
5
4
2
3
4
0
3
5
1
7
3
3
3
6
0
1
4
3
2
3
3
3
0
4
3
4
1
6
4
0
2
3
4
1
4
1
4
5
3
2
0
2
3
4
3
1
5
4
2
0
4
0
1
2
5
1
2
4
3
0
1
3
3
0
2
0
2
3
0
2
4
4
1
1
1
2
0
2
3
2
1
2
1
2
0
1
2
1
2
4
2
2
1
3
3
3
1
4
1
0
3
0
1
1
1
1
1
3
0
2
1
2
1
2
0
0
0
0
1
2
3
6
2
0
2
3
0
1
2
1
3
2
0
1
2
1
1
1
2
2
3
4
0
2
1
2
2
0
3
2
1
1
1
0
0
0
1
1
2
2
0
1
2
0
0
2
1
5
1
2
0
1
1
2
2
0
1
2
0
3
2
1
2
1
3
1
7
0
3
2
1
1
2
0
2
1
0
0
2
0
0
2
0
2
1
0
2
2
2
1
3
0
0
1
1
2
3
0
0
1
2
5
1
3
1
0
1
2
0
0
1
3
3
3
3
1
0
0
1
2
0
1
3
1
0
1
2
0
1
1
1
0
1
1
2
1
3
1
2
0
1
0
0
3
1
2
1
2
1
1
1
1
2
1
2
0
0
1
4
1
1
0
3
1
1
0
1
0
3
1
0
1
2
1
3
2
1
2
1
1
2
1
1
0
2
2
1
2
2
2
1
0
2
3
2
0
0
1
1
0
1
1
4
1
0
0
4
0
1
4
2
1
0
1
1
1
0
2
0
1
1
0
1
3
1
2
0
1
4
0
0
1
1
0
0
1
1
0
2
0
1
2
1
1
2
0
0
0
0
2
0
1
0
4
2
0
1
1
0
0
1
1
1
3
0
1
1
1
2
0
1
2
1
0
1
1
1
2
0
1
2
6
0
2
0
1
0
0
1
2
2
0
2
2
1
1
0
2
4
0
0
1
0
2
1
0
0
0
2
2
1
1
1
3
2
0
0
0
0
0
0
1
1
0
1
0
2
1
1
2
1
0
3
2
2
1
0
1
0
0
1
1
2
4
0
1
2
0
0
1
2
2
0
0
3
1
3
0
0
2
0
1
0
1
3
0
1
3
3
0
2
3
0
2
0
2
1
0
3
1
1
1
1
0
1
1
0
2
2
1
0
1
0
4
3
3
0
0
4
3
1
1
0
0
2
3
2
1
0
1
0
3
1
2
0
3
0
0
1
1
0
2
3
3
0
0
6
1
0
1
1
0
1
1
2
3
3
1
0
2
3
0
2
3
3
0
3
0
1
0
0
1
2
1
2
3
2
1
0
3
1
1
0
0
2
1
1
0
0
2
2
1
1
2
1
1
1
2
0
1
0
0
3
0
3
0
2
2
2
0
4
0
0
2
0
1
0
1
1
0
2
1
1
0
0
0
2
0
3
0
2
2
1
0
0
0
1
2
2
2
2
0
1
1
1
2
0
1
1
3
1
1
1
1
3
1
2
1
1
0
2
1
1
1
0
2
1
0
1
0
0
1
0
0
2
0
0
0
3
0
1
0
3
0
3
0
0
2
1
0
0
0
0
0
1
1
0
0
1
1
2
0
0
2
0
0
1
1
2
1
0
1
0
0
0
1
1
3
0
1
1
1
0
4
1
0
0
0
2
1
0
0
1
1
1
0
1
1
2
0
1
2
0
1
0
1
2
0
1
1
1
1
0
2
2
1
0
0
1
0
0
2
1
0
3
1
0
0
1
1
0
0
0
0
0
3
0
1
1
0
0
0
0
0
0
2
0
0
0
0
1
0
1
2
0
0
0
1
2
0
0
3
0
0
0
0
0
3
0
0
0
1
1
1
0
1
1
0
1
0
0
1
0
0
1
1
0
1
0
0
1
0
0
2
1
1
0
0
1
1
0
0
1
0
0
0
0
1
0
0
0
1
0
0
0
1
1
0
0
0
1
1
0
2
0
1
0
0
0
2
0
1
2
2
1
3
4
0
1
0
1
1
1
0
0
0
1
1
0
1
1
2
0
0
1
0
0
0
4
2
0
0
1
1
0
1
0
0
2
1
0
0
0
1
1
2
1
0
0
1
0
0
0
1
0
2
2
0
1
1
1
1
0
0
0
0
0
2
2
1
2
0
1
0
0
1
0
0
0
0
2
1
0
0
1
0
1
0
1
0
0
0
1
0
0
0
0
1
0
1
2
1
0
0
1
0
1
1
0
0
2
1
0
0
0
0
0
0
0
1
0
1
0
3
2
2
1
0
1
0
1
0
0
0
0
3
0
2
0
2
0
0
1
0
0
0
0
1
0
0
0
0
1
2
1
1
3
0
1
0
0
2
0
1
1
1
0
0
1
1
1
1
0
0
1
1
1
0
1
0
1
1
1
5
0
0
0
1
0
2
0
2
1
1
0
0
0
3
0
3
1
0
1
0
0
2
1
1
1
0
1
0
1
0
0
1
0
0
0
2
0
0
1
0
1
1
0
0
2
0
0
0
1
1
0
0
0
0
0
2
1
1
0
0
0
0
0
2
0
0
0
1
0
0
1
0
1
2
1
0
2
4
0
2
0
0
1
0
0
1
2
1
1
0
2
0
2
0
0
1
0
0
0
1
0
2
2
2
0
2
1
1
1
1
1
2
2
0
1
0
1
0
1
3
0
0
0
0
0
1
0
0
0
1
0
1
0
0
0
1
0
1
2
2
0
1
1
1
1
0
0
0
2
1
0
0
0
1
2
1
0
2
1
2
0
1
1
0
1
0
0
0
0
0
1
0
1
0
0
1
0
2
3
1
0
0
0
1
0
0
0
0
1
0
1
0
1
1
0
1
0
1
1
0
0
1
1
1
0
0
0
0
1
0
0
3
1
0
2
2
0
1
1
0
0
1
1
0
1
1
0
0
1
1
1
1
1
0
1
0
0
0
0
1
1
1
0
0
1
0
0
0
0
2
0
1
0
0
0
0
0
0
1
0
1
0
0
0
0
1
0
0
1
1
1
0
0
0
0
0
0
4
0
0
0
0
0
0
2
1
0
1
0
4
0
0
1
0
0
0
0
1
0
0
0
1
0
1
1
1
0
0
0
1
0
0
2
1
0
0
0
0
0
0
0
1
0
0
0
0
2
0
1
1
0
1
0
0
0
0
0
0
0
0
0
0
1
0
1
0
0
1
0
1
0
1
1
0
0
1
0
0
1
1
0
0
0
0
1
1
1
0
1
0
1
1
1
0
0
1
0
0
0
1
2
2
0
0
0
2
0
0
1
1
3
2
1
0
1
1
0
0
0
0
0
1
0
1
0
1
1
2
0
2
0
0
1
1
1
0
1
0
0
0
0
0
1
0
0
2
0
0
0
0
1
0
0
0
0
1
0
1
0
1
0
1
0
0
0
0
0
0
1
0
2
0
1
0
1
1
0
1
0
0
0
1
1
1
1
0
0
0
0
1
0
2
0
1
1
2
2
0
0
0
1
0
0
0
1
0
0
1
0
0
0
1
0
1
0
0
0
1
1
1
0
0
0
0
1
0
1
0
0
0
0
1
1
1
0
0
0
1
0
0
0
0
1
1
0
0
1
0
0
0
1
0
0
0
0
0
2
0
1
2
0
0
1
0
0
0
1
0
1
0
0
0
0
1
1
0
1
0
0
0
0
0
0
1
1
0
1
0
1
1
0
1
0
1
0
1
1
0
0
0
0
0
0
0
0
0
0
0
0
0
2
0
0
0
0
0
0
0
1
1
0
2
0
0
0
0
0
0
1
0
1
0
1
0
0
0
0
2
0
1
0
0
2
0
1
1
1
1
0
0
0
0
1
0
1
1
0
2
0
0
0
0
1
0
1
1
0
0
0
2
1
2
0
0
0
0
0
1
0
1
0
0
1
1
0
0
0
0
0
0
0
0
1
2
0
1
1
2
2
1
0
1
2
1
1
0
0
1
0
1
0
1
1
2
1
1
0
0
1
1
0
0
0
0
1
0
0
1
3
1
2
0
0
3
2
0
0
0
2
2
1
3
0
1
2
1
0
0
2
2
3
0
0
3
2
0
0
0
0
1
0
1
0
1
3
0
0
1
2
2
0
1
1
2
1
2
1
0
0
1
1
0
1
0
0
1
0
0
0
2
3
0
1
1
0
1
3
0
1
1
1
1
2
1
0
0
2
1
0
1
1
2
1
1
3
2
0
0
0
0
0
0
0
1
1
2
0
1
2
0
0
1
0
0
0
1
1
0
0
0
2
0
0
1
0
1
0
1
1
0
0
1
0
2
1
1
0
2
0
1
0
3
0
2
0
0
1
2
0
0
0
0
3
0
0
1
0
2
1
0
0
2
0
0
1
1
0
0
1
0
0
1
1
0
1
0
0
0
0
0
0
0
0
0
0
0
0
0
1
0
0
0
1
1
1
1
0
0
0
1
0
1
0
2
1
1
0
1
0
0
0
0
0
0
0
1
0
1
1
2
0
0
1
0
0
0
0
1
1
0
1
0
1
0
0
0
2
1
0
0
0
0
0
1
1
1
0
0
0
0
2
0
0
0
0
0
1
0
0
0
0
0
0
0
0
0
0
0
0
0
0
0
0
0
1
0
0
0
0
1
1
0
1
0
0
1
0
2
0
0
0
1
1
1
0
0
0
0
0
0
0
1
1
0
0
0
0
0
0
0
0
0
0
0
1
0
0
0
1
0
0
0
0
0
0
0
2
1
0
1
0
0
0
0
0
0
0
2
1
0
1
0
0
1
0
0
0
0
0
1
1
0
1
0
2
0
0
0
0
1
0
0
0
0
1
1
0
0
0
0
2
1
1
2
0
1
0
0
0
0
0
0
