0
0
0
0
0
0
0
0
0
1
0
0
0
0
0
0
0
0
0
0
0
0
0
0
0
0
0
0
0
0
0
0
0
0
0
0
0
0
0
0
0
0
0
0
0
0
0
0
0
0
0
0
0
0
0
0
0
0
0
0
0
0
0
0
0
0
0
0
0
0
0
0
0
0
0
0
0
0
0
0
0
0
0
0
0
0
0
0
0
0
0
0
0
0
0
0
0
0
0
0
0
0
0
0
0
0
0
0
0
0
0
0
0
0
0
0
0
0
0
0
0
0
0
0
0
0
1
0
2
0
0
0
0
0
0
0
0
0
0
1
1
0
0
0
2
1
3
0
0
1
0
1
1
1
6
0
0
3
0
3
2
2
6
4
4
8
4
7
7
8
10
9
17
12
11
23
12
18
16
24
18
18
34
36
28
42
47
38
49
51
41
58
66
84
81
90
72
93
98
73
72
79
86
83
83
92
72
71
80
73
94
67
82
87
86
91
97
83
85
78
88
89
70
99
88
90
97
74
77
86
86
76
81
69
101
73
84
89
75
62
89
75
76
89
99
90
60
82
81
83
74
67
81
78
80
97
82
63
76
55
67
85
79
74
91
81
70
89
80
88
77
86
79
79
76
89
90
78
89
100
88
75
109
104
77
100
107
81
103
89
81
81
109
96
101
92
76
112
95
108
105
84
95
102
81
98
89
87
114
95
82
97
105
93
89
102
84
78
89
100
102
105
95
114
91
92
90
106
102
85
77
97
94
100
88
103
88
96
78
87
86
99
101
99
85
94
100
82
70
102
85
72
91
103
69
92
89
100
87
91
85
74
96
67
74
91
69
73
81
80
77
75
66
77
78
90
84
70
89
77
80
88
76
72
71
81
64
72
78
72
62
82
90
79
76
79
59
103
72
63
73
73
80
80
72
82
86
86
76
97
63
67
79
73
63
81
68
62
72
65
67
90
74
71
80
67
70
61
67
75
78
80
62
60
68
71
74
67
83
79
69
57
77
69
82
77
77
67
67
81
82
79
63
83
50
67
78
76
70
62
78
60
80
83
81
75
65
74
84
69
69
62
59
78
71
70
79
67
65
61
64
74
68
73
64
64
82
78
64
68
79
64
74
80
68
60
49
54
69
75
78
74
89
73
54
66
88
72
70
55
69
75
76
72
63
60
68
58
68
66
67
53
61
74
78
74
62
64
72
64
66
79
75
71
71
70
69
68
67
69
64
71
58
58
72
71
70
62
68
68
81
67
78
75
75
80
61
48
65
60
56
64
77
59
69
74
62
64
56
69
61
59
53
67
63
68
70
69
74
65
61
58
60
64
74
69
56
52
56
60
64
61
47
63
70
66
51
59
51
60
51
63
67
62
67
51
48
44
47
57
50
56
60
53
54
60
45
59
54
67
55
52
47
38
45
52
51
50
51
57
58
55
38
46
46
45
46
57
58
56
36
52
55
48
34
46
42
54
50
38
32
39
52
37
43
43
53
54
51
42
40
27
40
43
45
35
43
32
37
48
34
41
32
52
28
43
42
40
38
47
33
52
42
32
25
37
41
35
44
27
30
43
39
46
32
37
42
30
31
31
39
44
39
33
47
30
29
42
34
27
32
39
31
28
38
36
38
30
24
35
39
39
34
40
34
37
43
24
31
31
33
31
43
40
36
24
25
43
34
26
33
32
31
25
38
31
21
20
26
23
19
25
26
26
28
32
32
32
24
23
27
24
30
41
21
35
29
34
41
34
28
17
29
28
17
34
17
25
27
21
32
21
32
23
18
24
19
38
31
19
20
24
31
27
27
33
30
21
25
24
13
22
23
23
25
26
24
29
23
35
16
30
27
24
23
23
20
21
21
35
27
21
27
29
17
23
25
25
18
20
22
15
24
24
25
17
19
24
22
24
34
32
30
19
27
21
18
19
21
33
24
27
21
30
26
31
22
16
23
31
20
27
28
23
30
22
20
26
21
18
22
18
23
24
19
24
22
22
24
14
18
20
14
19
18
26
26
21
36
22
26
23
26
25
26
21
24
26
17
20
23
23
32
17
22
22
17
22
21
28
21
27
29
17
9
26
22
26
20
24
16
26
27
22
30
16
21
33
25
24
23
28
26
25
27
17
13
23
15
21
22
28
25
15
16
20
20
26
24
21
19
28
17
18
23
18
17
18
23
17
21
19
22
20
27
33
28
13
9
26
23
24
19
20
26
24
15
17
18
22
25
23
20
20
21
19
24
20
23
18
18
21
26
18
26
12
15
18
15
34
16
14
21
21
23
15
21
16
15
25
22
17
21
17
21
19
22
14
12
20
18
20
21
22
24
19
19
24
20
13
15
26
13
22
15
19
14
22
16
18
16
18
18
27
25
24
17
20
22
21
21
13
16
18
20
19
23
24
18
13
21
9
16
20
12
15
19
11
15
12
24
16
15
24
13
18
14
20
21
16
15
17
16
14
18
15
12
16
15
13
16
14
19
14
26
21
11
18
16
22
10
10
14
23
22
13
19
14
13
20
12
12
11
15
18
20
20
25
15
12
18
18
20
15
12
13
13
23
13
8
16
10
15
17
15
18
13
20
11
21
15
9
19
22
17
7
19
14
16
15
20
17
17
19
13
17
20
19
15
14
19
16
23
17
16
9
16
12
20
12
16
16
18
17
23
13
20
15
9
16
6
9
18
16
18
19
15
13
18
13
10
17
11
17
21
20
13
18
18
15
16
16
15
31
11
16
14
20
10
8
19
20
13
18
13
15
16
16
18
10
18
19
12
19
13
15
22
22
19
14
16
17
21
13
14
17
15
14
14
11
10
17
15
17
13
10
15
12
14
16
11
21
14
17
12
13
13
7
13
19
10
13
11
17
13
6
11
15
14
13
18
13
18
11
9
15
6
14
15
10
11
15
9
12
16
11
9
9
11
17
15
11
9
3
10
9
13
11
18
9
11
8
8
8
18
7
4
9
13
7
10
10
9
8
8
9
5
8
13
12
10
9
11
11
10
9
10
10
4
11
9
12
12
13
11
10
12
9
12
6
5
16
7
8
7
17
9
6
5
14
8
7
11
11
7
13
7
12
10
10
9
7
3
11
14
3
14
6
4
10
10
7
18
2
6
6
3
5
11
8
5
9
7
7
10
6
12
8
7
8
7
7
10
8
5
6
6
7
7
9
11
2
4
5
2
8
6
4
10
1
9
6
11
8
3
7
3
3
9
2
11
8
5
10
8
7
10
6
5
10
9
3
6
5
5
4
6
6
5
7
9
7
10
7
8
3
8
7
8
5
9
4
7
6
7
1
4
3
6
8
4
8
9
6
6
7
4
5
5
6
4
12
5
6
8
6
16
4
5
6
9
6
6
5
4
6
5
5
10
5
3
10
6
7
8
9
7
3
10
2
8
8
2
7
4
9
7
4
6
3
9
3
3
2
3
8
6
6
5
5
9
12
5
5
6
5
4
2
4
3
7
5
7
10
11
4
4
7
2
1
7
5
4
6
4
6
4
6
5
4
5
5
6
5
3
6
2
5
5
8
4
6
5
6
5
7
6
7
8
7
6
9
10
5
3
1
8
4
9
3
6
2
6
8
7
5
6
5
9
8
8
9
9
10
7
10
5
6
5
10
6
9
11
5
7
9
7
7
12
7
4
5
10
2
10
6
6
4
9
4
7
13
4
9
9
9
8
10
10
11
7
8
5
7
8
8
4
9
9
4
4
9
7
10
4
13
14
9
8
12
12
11
7
10
9
9
11
12
9
11
12
10
12
13
9
11
16
12
11
13
24
18
13
20
14
12
16
12
20
15
18
13
18
19
13
16
15
17
19
16
17
30
14
17
15
21
22
17
13
20
19
18
22
25
20
30
21
26
27
25
27
22
21
30
25
27
27
22
28
23
29
40
38
31
48
35
26
32
25
33
30
38
34
40
37
37
42
38
39
30
40
32
39
49
38
46
56
39
42
43
39
60
42
39
44
60
47
41
49
53
40
66
52
54
54
42
52
57
45
53
56
46
57
50
52
53
56
46
59
53
54
63
52
52
56
58
66
71
73
45
73
51
55
61
55
49
56
61
66
58
59
58
71
51
55
50
62
56
73
52
68
57
57
61
57
69
51
50
60
46
55
49
39
68
46
57
43
56
64
29
46
57
44
66
39
46
51
43
52
50
37
38
50
35
66
45
51
51
33
38
42
34
37
35
46
42
41
35
33
35
38
41
40
31
28
44
28
34
29
33
35
28
29
34
28
28
37
30
32
30
23
22
23
25
17
15
21
12
22
13
16
16
15
19
21
28
21
21
10
19
20
14
14
16
20
15
17
14
5
10
8
10
10
10
11
11
11
8
14
19
12
17
12
18
8
10
6
6
8
9
9
8
7
9
9
7
6
8
7
1
2
7
10
3
1
10
11
5
6
8
4
4
3
5
3
1
3
2
5
8
2
5
7
12
3
1
4
4
4
4
1
4
1
3
4
3
8
5
3
0
2
1
2
4
4
2
3
2
2
0
2
0
4
2
1
1
4
3
0
2
4
4
3
3
0
3
4
1
0
3
0
2
2
1
1
3
1
0
1
3
1
2
2
2
1
1
3
3
3
2
0
1
1
0
1
0
2
4
0
0
0
1
2
0
0
5
1
1
0
1
2
0
0
0
1
3
4
3
4
0
4
1
1
2
1
0
2
0
1
3
2
3
1
1
2
1
1
1
1
2
0
1
1
1
1
1
1
2
1
1
0
2
2
7
1
2
1
1
4
2
3
2
3
1
0
4
2
2
1
2
3
1
1
1
0
3
1
4
1
0
3
1
1
1
3
1
0
2
0
3
1
2
0
2
0
0
4
1
1
4
3
3
1
2
0
1
2
1
1
3
1
4
3
1
2
0
2
3
1
0
2
0
1
1
2
0
1
1
1
1
0
1
2
1
1
3
0
5
2
2
0
2
1
1
0
1
1
3
2
1
1
4
3
0
1
1
1
1
2
1
1
3
2
1
3
2
0
0
3
0
1
3
1
1
3
0
2
2
1
1
1
3
1
3
2
0
2
1
1
0
1
2
2
1
0
1
2
0
3
2
2
2
0
0
0
1
1
0
3
1
2
1
2
1
1
1
1
2
0
3
1
2
2
2
1
0
0
1
1
3
2
3
0
4
1
2
1
0
0
1
1
0
0
1
0
3
1
2
3
1
0
3
1
1
2
1
1
1
3
0
1
3
2
2
2
0
1
1
0
1
0
0
2
1
1
4
1
2
0
3
1
0
1
0
0
0
0
2
2
1
1
1
1
1
2
1
0
0
0
2
1
1
1
1
1
3
0
0
3
1
2
1
3
4
1
1
1
1
3
1
0
0
0
0
0
2
1
3
3
1
1
2
2
0
2
3
0
0
3
3
1
0
0
0
3
0
0
0
0
1
0
2
1
2
0
0
2
0
0
1
2
0
2
2
1
4
0
1
2
1
2
0
2
2
4
0
0
3
1
1
0
1
1
3
1
1
2
0
3
2
0
0
2
2
0
1
1
1
2
2
1
0
3
0
3
0
1
2
0
3
3
2
1
2
2
1
1
1
1
2
1
2
0
1
0
1
0
1
1
1
1
2
1
2
0
1
0
1
2
1
2
1
0
1
1
3
1
2
1
0
3
2
1
1
1
2
0
0
0
1
1
0
1
0
1
1
1
2
0
1
3
2
0
0
0
3
0
2
1
0
1
0
3
2
0
1
1
1
0
1
2
0
1
0
2
0
0
0
1
1
1
2
0
2
1
3
0
2
1
1
1
1
2
1
0
2
0
2
0
1
1
1
4
1
4
0
1
0
2
0
0
0
2
1
0
1
2
1
2
0
1
2
0
0
2
2
0
0
3
4
0
0
0
2
2
2
0
2
0
1
0
2
0
2
0
1
1
3
2
1
0
1
0
0
1
1
1
0
1
1
2
0
3
0
0
2
0
0
1
0
0
2
0
2
1
0
0
0
0
1
0
0
1
2
1
3
1
0
0
0
0
0
1
0
1
0
3
2
1
2
1
1
0
0
0
2
1
1
1
2
0
0
0
1
0
0
0
3
0
0
1
2
0
1
1
1
0
1
0
2
0
1
1
2
0
0
0
3
3
1
1
2
0
0
2
0
1
2
1
1
1
1
1
2
2
1
0
0
0
1
1
0
1
1
0
2
0
2
1
1
3
0
0
1
0
1
0
0
0
0
2
1
0
1
0
2
1
0
0
2
0
0
1
1
2
1
0
1
0
1
2
0
1
1
1
0
3
1
0
1
0
2
2
0
0
1
0
1
0
1
0
1
0
1
0
1
2
1
1
0
1
1
1
1
1
0
2
0
0
0
0
0
2
0
2
0
1
1
2
0
0
2
1
0
1
1
0
0
2
1
0
0
0
1
1
1
0
3
0
0
1
0
2
3
3
1
0
0
1
2
1
3
0
1
0
0
0
1
0
0
1
2
2
0
0
0
1
0
0
1
1
1
1
0
1
2
1
1
1
1
1
1
0
1
0
3
0
1
3
2
1
0
1
2
0
0
0
2
0
2
2
2
0
1
0
0
0
2
1
1
1
1
0
0
0
1
1
1
2
2
1
0
0
1
2
1
1
0
2
1
0
1
1
1
0
1
0
1
1
0
0
1
1
0
3
1
2
4
1
1
5
0
1
1
0
0
0
1
4
1
0
1
0
1
4
1
0
1
0
0
1
0
0
0
3
1
4
0
0
1
1
1
1
1
2
1
2
0
0
1
0
1
1
0
2
0
1
1
1
1
1
2
0
1
0
3
0
0
1
0
1
1
0
0
1
1
1
1
0
0
0
0
2
0
1
0
0
0
2
2
0
1
1
0
1
1
0
1
1
2
0
0
0
1
0
0
3
1
0
0
2
1
2
2
1
1
1
2
0
0
1
0
0
0
1
0
0
1
1
0
2
2
0
1
1
1
2
0
0
2
2
0
0
0
2
0
0
1
0
0
0
2
0
0
0
0
2
0
2
1
0
0
0
1
0
1
2
1
0
2
0
1
1
1
0
1
0
2
2
2
0
1
0
1
1
1
0
1
1
1
0
1
1
1
0
3
0
2
1
1
0
1
0
1
0
0
0
0
1
0
0
0
0
3
0
1
0
1
0
0
0
3
1
1
0
0
0
1
0
0
0
1
1
3
2
2
3
1
0
1
0
1
1
0
0
2
0
0
0
0
1
0
0
0
0
0
1
1
0
0
1
0
0
0
1
0
0
1
0
0
0
1
1
2
1
1
1
0
2
0
1
1
0
1
0
0
0
0
0
0
0
0
1
2
2
0
0
1
1
0
2
0
0
2
1
1
0
1
0
0
2
0
0
0
1
1
0
0
1
0
0
1
0
1
1
1
0
3
0
0
0
0
0
1
1
0
0
1
0
0
0
0
0
1
0
0
0
2
2
0
0
2
0
0
1
0
1
1
0
0
0
1
0
0
0
1
2
0
1
0
0
0
0
2
1
1
0
0
0
0
2
1
1
1
0
0
1
0
0
1
1
2
0
0
0
2
0
0
1
0
0
4
0
0
1
0
0
1
0
0
0
2
0
0
1
1
0
0
0
1
0
0
0
0
1
1
0
0
0
0
0
0
2
1
0
1
0
1
0
0
0
0
0
1
1
0
1
0
0
1
1
0
2
0
0
1
0
1
1
0
1
1
0
1
0
0
1
0
1
1
0
2
0
0
1
1
0
0
0
0
1
0
1
0
1
0
0
1
0
1
0
0
1
0
0
0
1
0
1
1
0
0
0
0
0
0
1
0
0
1
0
1
0
0
1
0
1
1
0
1
0
0
0
0
0
0
0
0
0
0
1
1
0
0
1
2
0
0
2
0
0
1
0
0
0
1
1
0
0
1
1
1
0
0
1
0
0
0
0
0
0
1
0
0
0
0
0
0
1
1
1
1
2
2
1
0
0
0
1
0
0
0
0
0
0
0
1
0
0
0
0
0
0
1
0
0
0
1
0
1
2
0
1
1
1
1
0
2
0
0
0
0
0
0
0
0
1
0
2
0
0
1
0
0
0
0
0
2
1
0
0
0
1
1
0
0
0
0
0
0
1
0
2
0
0
0
1
2
0
0
0
0
0
1
1
0
0
1
0
0
0
0
0
0
0
2
0
1
0
0
1
0
0
0
0
1
0
0
1
0
0
2
0
1
0
0
2
1
0
1
1
1
0
0
1
0
0
1
0
1
0
1
0
0
0
1
0
0
0
0
0
0
1
0
0
0
0
0
0
2
0
0
0
0
0
1
0
1
0
1
0
2
0
0
0
0
1
3
0
0
0
1
0
1
0
1
1
0
0
0
0
1
0
1
0
0
0
0
0
1
0
1
4
0
0
0
0
0
1
0
0
2
1
0
0
1
0
0
1
0
1
0
0
0
1
2
0
0
1
3
1
2
1
1
1
0
2
0
2
1
0
1
1
1
0
0
0
2
0
0
1
1
2
0
1
0
1
1
1
0
2
0
0
0
0
1
0
0
1
1
0
2
1
0
0
0
0
1
1
0
1
0
1
1
1
1
2
0
0
1
1
0
1
0
1
1
0
1
1
4
1
1
1
0
1
3
1
0
2
0
0
1
0
2
0
0
0
0
0
1
1
2
1
0
2
0
1
0
0
1
0
1
1
1
1
1
1
0
1
3
0
1
2
0
1
0
0
0
2
2
0
0
2
1
0
0
0
0
0
0
0
1
0
0
1
2
0
0
0
0
1
2
0
0
0
2
0
0
1
1
0
0
2
0
1
0
4
1
1
0
0
0
1
1
0
2
0
0
0
0
0
1
1
1
1
0
1
1
1
1
0
0
0
0
1
1
0
2
0
0
1
0
1
0
2
0
0
0
0
0
0
0
3
1
1
0
0
0
1
2
0
0
0
2
1
0
0
0
1
0
1
0
1
0
0
1
0
0
0
0
0
1
0
0
0
0
3
0
2
0
0
0
0
0
1
0
0
0
0
0
0
0
0
1
0
0
0
0
0
0
0
0
0
1
0
0
0
0
0
0
1
1
1
0
0
0
0
0
0
0
0
1
0
0
0
0
1
0
0
1
0
0
1
1
0
1
0
1
0
2
0
1
1
0
0
0
1
1
0
1
1
0
0
0
0
1
0
0
0
1
0
0
2
0
1
1
0
1
0
2
0
0
2
1
1
0
1
1
0
1
0
1
0
0
1
0
0
0
0
0
1
0
0
0
1
0
1
0
1
0
0
0
2
0
0
1
0
0
1
0
0
0
1
0
1
0
