0
0
0
0
0
0
0
0
0
0
0
0
0
0
0
0
0
0
0
0
0
0
0
0
0
0
0
0
0
0
0
0
0
0
0
0
0
0
0
0
0
0
0
0
0
0
0
0
0
0
0
0
0
0
0
0
0
0
0
0
0
0
0
0
0
0
0
0
0
0
0
0
0
0
0
0
0
0
0
0
0
0
0
0
0
0
0
0
0
0
0
0
0
0
0
0
0
0
0
0
0
0
0
0
0
0
0
1
0
0
0
0
0
1
0
0
0
0
0
0
0
1
0
0
0
0
0
0
0
0
1
1
1
0
0
0
0
1
1
1
0
0
1
0
1
1
1
1
2
1
1
3
0
2
1
2
3
3
2
3
2
1
4
3
5
8
5
3
6
5
8
12
15
13
10
17
20
20
31
21
33
31
31
39
37
27
43
49
36
55
64
54
76
85
88
81
74
75
83
68
89
79
83
83
81
78
90
88
81
106
96
72
94
102
80
89
90
106
99
103
102
87
85
70
90
80
89
94
82
91
86
79
86
84
81
89
83
95
87
81
73
82
91
94
92
80
97
72
76
87
81
86
78
103
81
91
106
93
86
81
76
93
66
95
108
84
97
83
78
90
98
87
94
99
87
87
92
85
84
93
98
90
89
106
112
109
126
87
108
104
93
91
108
99
102
104
102
100
95
116
127
117
111
126
105
118
119
115
107
119
94
106
102
121
107
100
90
109
106
109
109
123
126
88
124
106
94
89
92
124
95
97
105
105
112
116
111
108
106
87
95
97
106
108
93
118
82
112
77
95
95
107
84
89
99
106
88
99
105
106
90
102
98
97
77
101
113
89
80
82
98
96
73
91
91
96
73
75
94
94
78
79
100
104
73
75
96
89
90
70
101
74
92
70
78
72
90
83
84
93
94
61
70
92
93
93
76
95
77
98
71
79
98
77
93
72
78
79
89
79
81
78
79
79
96
92
75
76
88
64
83
94
77
80
75
61
86
97
88
99
70
75
79
87
93
100
84
82
86
85
85
75
83
78
87
89
76
71
87
72
83
77
88
91
73
82
79
77
71
67
78
94
83
75
91
82
83
80
93
67
67
64
74
76
80
67
71
81
64
65
76
80
67
77
63
77
65
84
74
58
88
54
67
53
68
82
83
70
77
80
77
70
99
71
75
58
80
85
68
65
86
72
54
78
64
72
76
67
70
63
84
83
83
69
69
84
74
71
78
75
66
66
69
81
76
69
65
58
68
64
81
73
77
66
82
86
83
67
67
72
68
82
63
70
52
63
60
71
70
57
58
68
65
77
64
53
61
71
57
69
61
84
62
74
68
64
66
63
48
65
63
67
56
59
72
62
41
64
54
45
71
50
60
64
58
65
63
54
78
55
50
64
52
49
53
42
53
59
49
51
51
47
45
53
59
50
60
59
40
74
62
64
59
51
50
53
46
44
48
60
47
53
57
54
50
44
58
43
48
53
48
57
40
47
53
46
43
46
59
40
53
51
48
56
49
50
41
49
42
42
53
48
41
42
48
38
47
37
50
47
55
38
31
33
45
45
40
43
45
48
52
31
47
39
45
46
43
51
53
50
53
49
50
44
39
41
40
41
41
29
38
32
35
45
37
43
26
36
34
44
30
43
53
36
33
41
44
40
34
44
38
27
40
42
31
47
25
39
28
46
34
34
48
33
40
39
42
30
45
42
33
44
37
25
41
28
24
46
42
30
30
32
41
38
37
41
24
38
32
32
40
36
35
38
33
39
35
34
31
29
27
36
41
29
34
26
31
35
30
27
28
48
30
34
36
37
40
35
38
27
25
36
48
22
37
31
22
31
29
36
33
28
36
38
16
30
33
29
34
35
31
36
31
33
44
37
21
36
25
33
35
30
31
40
42
30
32
35
29
23
26
42
24
26
38
23
39
29
25
29
30
24
23
31
41
21
26
29
33
35
27
29
37
33
31
26
24
25
25
37
19
29
21
32
34
29
26
31
23
29
33
25
26
23
27
32
35
33
36
22
30
27
28
33
26
30
24
34
30
27
31
26
24
36
34
30
28
33
29
21
30
34
37
33
27
32
27
22
34
25
23
31
28
31
33
22
23
29
29
24
27
23
27
29
30
24
27
21
18
36
28
29
30
24
23
34
22
22
25
21
24
19
38
29
21
21
22
31
32
24
21
36
28
22
30
15
28
29
24
20
28
19
28
24
21
31
30
38
29
29
33
25
21
29
18
26
27
31
37
32
41
26
28
28
25
32
31
22
19
34
17
22
21
24
30
28
27
32
32
24
26
24
27
28
23
25
20
20
19
33
25
18
29
15
24
24
22
21
29
30
22
23
19
23
17
19
28
18
26
26
27
18
28
25
20
29
20
33
26
23
22
31
30
16
27
22
23
26
24
19
29
19
25
25
25
18
23
21
21
11
25
28
21
25
17
22
27
13
22
29
13
23
18
24
20
26
25
28
27
21
17
26
25
18
23
8
16
28
26
19
26
25
30
16
20
22
15
26
26
13
27
21
32
28
23
22
26
24
23
25
31
26
29
29
21
24
23
23
17
18
27
18
17
15
27
27
16
20
16
24
19
16
19
22
21
21
32
21
19
26
23
19
16
27
21
31
30
27
30
17
17
23
21
33
27
16
25
26
19
19
21
22
22
27
24
20
20
17
19
15
26
19
20
20
25
20
23
32
15
25
23
23
29
20
29
21
16
18
26
14
18
17
27
27
24
21
22
24
16
25
28
20
20
24
20
20
18
24
28
18
29
25
18
14
24
25
31
18
15
22
19
21
26
22
19
24
18
18
24
18
23
16
19
17
23
24
24
17
13
12
17
23
23
21
28
15
21
20
14
21
15
21
19
20
15
20
17
22
16
21
17
23
20
21
18
15
21
14
15
18
17
16
17
20
15
17
23
19
14
19
14
15
11
21
20
15
13
15
22
15
21
12
16
13
13
15
21
16
14
18
16
14
18
13
17
15
13
18
19
18
21
13
16
10
21
14
12
15
15
7
10
14
8
21
8
12
8
14
12
10
9
16
16
7
12
20
15
6
11
9
8
7
10
15
6
12
14
6
12
11
12
8
16
7
11
5
10
11
7
14
10
6
9
12
6
6
8
16
16
8
11
10
11
8
10
14
8
16
12
12
8
6
12
11
7
8
7
10
12
9
7
9
9
5
11
14
5
9
8
9
5
10
7
6
9
8
12
14
10
6
12
11
9
13
10
10
5
7
10
8
13
7
7
8
9
7
5
10
6
10
10
9
15
8
14
8
12
12
9
10
6
8
6
3
7
5
8
3
6
7
8
7
6
7
11
6
7
4
10
14
10
9
9
8
7
10
9
5
9
5
5
8
8
10
8
10
15
6
5
6
7
2
6
7
8
9
10
8
9
10
5
6
10
8
6
9
7
4
11
8
4
7
7
7
6
4
10
13
9
7
7
12
15
6
9
11
4
13
10
9
3
6
7
6
8
5
8
8
12
6
9
7
7
10
5
9
9
8
5
7
5
11
10
8
7
5
5
10
3
6
9
11
7
10
3
8
9
11
10
6
10
8
6
6
9
6
7
7
14
6
10
2
9
3
10
9
13
5
6
9
4
5
7
7
9
1
12
10
11
7
8
8
8
13
6
5
6
9
10
8
8
9
8
2
8
11
14
9
8
8
9
7
2
9
9
13
8
13
17
14
6
11
13
14
12
8
12
7
12
12
13
13
14
11
11
11
16
15
11
5
10
18
12
12
10
11
21
15
11
16
10
10
8
9
8
15
13
11
14
17
15
11
22
12
14
8
16
13
14
20
17
6
24
19
19
17
25
20
25
21
26
31
22
20
21
31
28
31
28
25
21
21
29
25
25
27
27
24
22
36
26
26
20
31
26
36
42
27
41
47
37
34
32
31
40
41
52
49
48
39
31
51
44
40
55
47
41
45
48
45
51
54
57
43
41
53
58
62
59
61
48
60
50
49
56
56
65
49
52
69
61
58
53
62
73
83
76
62
69
63
82
67
69
63
84
71
75
85
74
77
74
69
71
65
83
77
100
76
62
89
82
84
86
88
71
91
80
76
75
84
69
72
90
100
77
85
95
82
89
84
80
77
90
90
71
71
78
79
97
86
84
73
82
73
68
83
75
94
72
83
82
71
56
68
75
74
60
69
62
75
62
70
62
66
73
62
62
70
60
75
60
68
58
55
60
44
64
63
50
59
54
51
48
44
45
49
52
39
45
37
35
28
47
45
39
40
42
44
45
44
45
29
33
25
38
34
38
28
32
25
29
30
32
29
28
21
27
22
33
24
25
20
27
19
22
20
21
17
20
16
21
13
21
16
11
12
23
27
13
12
11
15
6
16
8
13
5
16
14
12
4
11
13
10
12
7
10
10
4
9
6
11
4
4
7
3
4
7
8
4
5
8
6
4
2
12
11
4
5
9
4
4
6
6
7
4
3
8
4
4
1
4
5
2
4
3
3
3
6
2
6
3
1
3
2
0
2
2
4
0
2
2
3
1
1
1
1
8
2
1
3
2
2
1
1
5
3
5
1
3
1
1
4
2
3
3
4
2
4
1
2
5
1
3
1
1
0
0
3
1
0
2
1
1
2
3
0
0
2
1
3
1
1
1
2
2
2
1
0
3
1
0
3
2
2
0
1
1
0
2
3
3
0
0
4
1
2
1
0
1
1
1
1
1
1
1
0
1
3
2
1
1
3
1
3
2
2
2
0
2
1
2
0
0
0
1
3
2
0
2
1
3
0
1
0
0
2
2
1
1
1
1
2
0
0
3
0
2
1
1
0
0
2
1
1
1
0
0
2
1
2
4
0
0
0
1
1
1
1
1
2
0
2
2
0
0
0
1
3
2
1
1
3
1
2
3
1
2
0
1
0
0
1
0
1
3
3
1
1
4
4
0
0
2
1
2
3
0
2
1
0
4
2
1
1
0
3
1
1
0
2
2
3
0
0
2
3
0
1
4
2
1
1
0
3
0
0
0
0
0
0
2
2
1
0
0
1
2
2
2
0
1
1
6
0
2
0
3
3
0
0
0
1
1
1
0
2
1
0
0
1
2
1
1
0
1
0
1
0
0
0
2
2
2
0
0
2
0
0
1
1
1
2
0
0
3
2
1
1
0
2
2
2
1
0
0
1
2
1
2
0
2
1
1
0
0
0
0
1
2
0
0
1
2
1
0
1
1
1
3
3
1
1
2
0
4
0
0
1
3
0
2
3
0
0
0
1
2
0
0
0
0
2
0
2
0
0
3
0
2
2
2
2
2
1
0
0
1
2
1
1
2
0
0
3
1
3
4
0
4
4
2
0
3
0
1
2
2
3
4
0
3
0
1
1
0
1
3
0
0
1
2
0
2
0
4
3
0
0
0
2
4
1
1
0
2
2
0
2
1
0
0
2
2
0
1
1
4
1
1
0
1
1
2
0
3
3
0
0
2
0
0
0
1
0
2
2
0
4
0
0
0
0
0
0
2
3
0
2
1
0
1
0
2
3
1
2
2
3
3
2
1
1
0
1
1
1
0
0
3
1
1
2
0
1
1
1
1
0
4
0
2
0
1
0
2
0
3
3
0
2
1
0
3
0
0
1
3
2
1
1
0
0
2
3
1
1
0
0
1
1
1
0
0
0
0
1
0
0
1
3
1
1
0
0
3
3
2
0
1
0
1
2
1
0
0
0
3
0
1
3
1
0
2
0
0
2
0
1
1
0
1
1
0
0
0
1
0
4
0
4
2
1
2
1
1
0
1
3
1
3
0
0
1
0
2
1
1
1
2
0
1
2
0
2
2
3
1
0
2
2
1
3
0
2
2
0
2
1
0
0
2
0
1
0
2
0
2
0
2
0
0
0
1
2
1
0
2
0
1
0
2
2
3
1
0
1
0
0
0
0
2
3
1
1
1
2
1
0
1
3
0
1
0
3
1
0
1
0
0
1
0
1
0
2
0
0
2
0
1
0
3
2
1
0
5
1
1
0
1
2
2
0
1
1
0
1
1
1
1
0
1
3
1
1
0
0
1
0
2
0
0
1
1
0
0
0
3
0
2
1
0
0
1
0
0
1
2
1
0
1
1
0
0
0
1
1
0
0
1
1
0
0
2
1
2
2
1
0
0
0
0
0
1
0
0
0
1
0
2
1
0
0
0
1
1
0
1
3
0
1
0
2
1
2
1
0
2
1
0
0
0
2
1
0
1
1
0
0
0
1
2
0
0
2
1
1
1
0
0
0
2
1
0
1
0
0
0
1
1
0
1
1
0
1
0
2
3
1
1
0
0
0
1
0
0
0
0
1
1
1
1
0
0
0
1
0
1
0
0
0
0
1
0
0
0
1
0
1
0
0
1
1
1
1
0
1
1
0
1
0
1
1
0
0
1
1
2
1
1
1
2
0
0
1
1
1
1
1
0
0
0
2
0
0
1
1
1
1
2
0
0
2
1
3
1
1
0
1
0
1
1
2
0
0
1
1
0
1
3
0
1
0
0
0
1
0
1
2
1
1
1
0
0
4
0
0
1
0
0
0
1
0
2
1
0
2
0
1
0
1
1
1
1
0
1
0
2
2
0
0
0
1
2
0
0
1
1
0
0
0
1
0
2
2
1
0
0
1
2
0
0
0
0
0
1
0
1
0
1
0
2
2
2
2
0
1
1
2
0
0
0
1
0
0
2
1
1
1
1
3
1
0
2
0
0
0
2
0
1
1
1
1
1
0
1
0
0
1
0
0
0
0
1
0
1
5
0
2
0
1
2
1
0
0
1
0
1
1
1
2
2
0
1
1
1
1
0
0
0
2
2
2
2
2
0
0
0
0
1
0
1
1
2
0
1
1
1
1
0
0
1
1
0
1
0
0
0
1
0
1
0
1
1
1
1
1
1
0
1
2
0
1
0
0
1
1
1
0
1
1
0
0
2
0
1
0
0
0
1
1
2
1
1
2
0
1
0
2
0
1
1
0
1
2
0
0
0
1
0
1
0
0
1
1
1
0
1
1
2
0
0
1
0
1
0
2
0
0
0
0
1
0
0
0
0
1
0
1
0
0
0
0
2
1
0
1
1
0
1
0
0
1
2
1
0
1
0
2
0
2
0
0
0
0
0
1
1
0
1
0
1
0
0
1
0
0
0
0
0
0
1
2
0
1
0
1
1
1
1
0
0
0
1
1
0
0
1
1
0
0
0
1
1
0
1
1
1
1
0
3
1
0
1
1
1
0
0
0
1
0
2
0
2
0
1
0
0
1
0
0
0
0
0
1
1
1
1
2
0
1
0
1
0
1
0
1
0
1
0
0
1
0
0
0
0
1
0
0
0
0
1
1
0
1
1
1
0
1
1
2
0
1
0
0
1
0
0
0
0
1
0
1
1
0
2
0
0
0
1
0
0
0
0
0
1
0
0
1
0
0
0
0
0
0
0
0
0
0
0
1
1
1
0
2
0
1
1
0
0
1
1
0
0
0
0
0
3
0
0
0
3
1
0
0
2
1
0
1
1
1
0
0
1
0
0
1
0
2
0
0
0
0
0
0
1
0
0
0
1
0
1
0
0
1
0
1
0
0
0
1
1
0
2
0
1
0
0
0
0
0
0
0
0
1
0
0
1
0
1
0
0
0
1
1
0
0
0
0
1
0
1
0
0
0
1
1
0
0
0
0
0
0
2
0
0
0
0
0
1
0
0
2
0
0
1
0
0
0
0
3
0
0
0
0
0
0
1
0
0
0
1
0
1
0
1
0
0
0
0
1
1
0
1
0
2
0
1
2
0
0
0
0
0
1
1
1
0
0
2
0
1
0
0
0
0
0
0
1
0
0
0
1
0
0
1
2
0
0
0
0
0
0
2
0
0
0
0
2
0
0
0
0
2
0
1
1
0
0
0
0
0
0
2
0
0
0
0
0
1
0
0
0
0
0
0
0
0
0
0
1
0
1
1
0
1
1
2
0
0
1
1
1
0
0
0
1
0
0
1
1
1
1
0
0
0
2
0
0
1
0
1
1
1
0
0
0
1
0
1
0
2
0
1
2
0
1
1
1
1
1
0
0
0
1
0
1
0
0
0
0
0
0
1
0
0
0
1
0
0
0
1
0
0
0
0
0
0
0
0
1
0
0
1
0
0
0
0
1
0
0
0
0
0
0
1
0
0
0
1
0
1
2
0
0
1
1
0
0
1
0
0
0
0
1
0
0
0
0
0
0
3
1
0
1
1
1
0
0
2
1
2
0
0
0
1
0
1
2
1
0
0
1
0
0
1
1
0
0
0
0
0
0
1
0
1
0
3
0
1
2
0
2
0
0
0
0
1
0
2
1
0
0
1
1
0
4
0
0
0
1
0
1
1
0
1
0
0
0
0
0
1
4
1
0
0
1
1
2
1
0
0
1
0
0
0
0
0
0
0
1
0
1
1
1
0
2
0
0
0
0
0
1
1
2
0
0
1
1
0
2
1
0
1
1
1
0
0
0
3
1
1
0
1
0
0
2
1
0
1
1
0
2
0
1
0
1
0
0
0
0
1
0
0
1
1
0
1
2
0
1
0
0
1
0
0
0
0
1
1
1
0
0
1
2
1
1
0
1
1
2
0
1
0
1
1
0
0
0
2
0
1
2
0
1
3
1
0
3
1
1
1
1
1
1
0
1
0
2
1
1
1
2
1
1
0
1
0
0
2
0
1
0
0
0
0
0
3
0
0
0
2
1
0
1
0
2
0
1
2
1
2
1
1
3
1
0
0
1
0
0
1
0
0
1
1
2
1
0
3
1
0
4
0
1
0
1
1
1
1
0
1
2
0
0
0
0
1
1
1
0
1
1
0
0
0
1
0
0
0
0
0
0
1
0
0
0
0
0
1
0
0
0
1
0
1
1
0
0
0
1
1
1
1
1
0
0
1
0
0
0
0
0
0
1
0
0
0
1
1
1
0
0
0
0
0
1
1
0
1
0
0
0
0
1
0
0
0
0
0
1
1
0
0
0
1
2
0
1
0
0
0
0
0
0
0
0
0
0
0
1
0
0
0
0
0
0
0
0
0
0
0
0
0
0
0
0
0
0
0
0
0
0
1
0
1
0
1
0
0
1
0
0
0
1
0
0
0
1
0
2
0
1
0
0
1
0
0
0
0
0
0
1
0
0
0
1
1
0
0
0
0
0
1
0
0
1
0
1
0
0
0
0
0
0
0
0
1
0
0
0
0
0
0
0
1
0
0
1
0
0
1
0
0
1
1
0
0
0
1
1
0
0
2
1
0
