0
0
0
0
0
0
0
0
0
0
0
0
0
0
0
0
0
0
0
0
0
0
0
0
0
0
0
0
0
0
0
0
0
0
0
0
0
0
0
0
0
0
0
0
0
0
0
0
0
0
0
0
0
0
0
0
0
0
0
0
0
0
0
0
0
0
0
0
0
0
0
0
0
0
0
0
0
0
0
0
0
0
0
0
0
0
0
0
0
0
0
0
0
0
0
0
0
0
0
0
0
0
0
0
0
0
0
0
0
0
0
0
0
0
1
0
0
0
0
0
0
0
0
0
0
0
0
0
0
2
0
0
1
0
1
0
1
0
1
0
0
1
0
1
0
1
5
1
0
2
0
0
1
0
2
2
0
2
1
2
4
3
7
4
4
5
6
5
14
9
10
10
12
7
23
17
20
24
25
26
27
40
27
39
40
47
41
47
48
61
66
58
63
72
71
92
73
73
84
88
78
75
67
99
102
91
87
92
84
90
109
89
89
89
96
71
86
98
88
86
78
99
85
86
108
95
85
84
105
88
75
72
105
72
74
82
76
109
67
102
73
78
66
82
93
92
64
81
74
86
81
88
83
73
75
76
98
78
91
93
104
99
74
86
80
71
95
92
95
86
97
88
93
86
102
90
70
84
115
89
88
98
97
92
91
80
97
107
114
115
98
98
107
99
109
97
124
123
108
117
103
110
102
101
112
128
103
95
105
111
105
96
107
87
116
99
93
132
110
113
121
112
107
115
108
98
113
110
107
101
116
86
108
100
106
108
91
97
104
105
99
107
109
99
93
94
94
108
126
101
81
104
117
102
82
103
87
81
87
69
83
87
93
91
83
78
76
89
103
86
116
90
108
103
98
82
96
74
92
79
84
77
71
81
81
72
90
76
71
76
92
70
86
92
84
84
85
89
76
73
92
96
95
72
69
72
84
77
94
86
80
80
78
88
89
93
83
88
87
68
85
77
80
75
86
87
83
87
80
63
73
81
79
74
78
85
81
83
83
77
75
82
84
73
78
63
75
76
81
86
71
95
72
78
84
60
92
69
64
84
70
64
72
72
71
71
74
66
81
81
84
77
90
76
92
70
76
79
66
85
74
72
86
67
73
70
82
79
74
79
76
76
83
80
79
83
91
69
64
77
82
63
61
64
77
75
73
72
81
64
91
60
60
46
78
76
68
62
77
73
77
75
78
62
81
67
71
70
79
91
86
71
78
67
81
75
79
74
78
64
69
69
74
81
79
88
55
82
70
68
61
60
65
71
73
72
92
62
71
62
57
54
65
79
66
60
70
70
63
75
63
55
63
58
60
68
63
51
80
81
64
45
65
67
69
36
66
82
72
61
58
53
48
58
61
55
45
48
54
59
58
61
50
49
57
66
65
69
45
52
64
59
40
47
63
44
72
51
63
42
65
50
52
54
54
51
53
65
31
55
71
54
38
46
50
44
42
58
46
56
48
43
37
53
56
44
59
50
52
46
67
51
46
52
53
40
39
32
50
51
58
49
43
44
48
37
52
47
37
48
43
45
35
50
52
50
53
36
35
46
50
42
40
59
35
45
38
39
32
37
41
41
50
41
37
52
27
46
42
34
43
41
35
34
42
41
35
39
30
36
38
52
43
32
31
40
24
41
41
34
43
35
42
38
42
40
37
47
30
32
39
33
36
33
36
29
33
34
50
26
30
30
37
38
34
40
38
33
32
38
33
24
49
37
34
36
29
40
30
40
29
23
33
33
26
39
29
35
33
36
26
34
27
40
30
41
35
31
22
27
38
42
19
35
21
30
34
35
33
21
36
29
26
30
32
44
31
28
28
22
31
27
27
25
36
26
16
30
29
24
31
28
25
37
25
23
29
25
35
29
26
28
31
26
24
35
27
38
30
35
26
35
31
22
33
37
36
25
37
34
30
23
27
28
28
34
28
22
27
28
32
21
35
29
36
34
26
23
19
25
27
31
32
26
32
35
24
28
18
28
28
25
13
19
31
30
30
25
20
30
30
30
33
20
27
21
31
29
25
22
18
28
22
26
28
31
23
33
35
30
34
23
25
33
31
18
16
28
34
27
25
27
26
16
17
24
22
30
31
23
19
23
18
28
33
30
25
25
20
29
28
35
22
23
25
25
18
17
15
23
16
24
23
24
32
23
30
27
23
28
19
28
21
26
35
18
29
30
17
19
26
32
25
33
26
32
22
24
22
28
23
28
24
20
20
26
26
28
27
26
29
32
19
23
33
17
25
18
19
25
23
28
15
24
22
18
32
27
29
20
21
28
34
22
27
28
23
27
16
21
15
28
20
21
25
20
19
28
21
24
21
32
20
25
19
25
18
19
15
26
30
19
18
23
24
25
17
21
20
20
21
29
17
20
17
21
24
19
20
18
31
28
22
23
19
22
27
21
10
17
21
22
20
22
22
16
20
23
20
31
21
23
22
20
17
23
16
20
24
20
15
20
16
17
14
22
27
16
23
20
25
26
21
21
27
22
20
19
19
16
18
19
22
35
18
19
25
26
22
32
25
31
20
16
19
17
20
20
18
22
23
23
21
21
18
9
21
30
23
13
22
32
26
29
21
23
22
12
20
18
25
17
20
14
23
26
25
19
26
26
17
17
14
11
26
27
17
13
16
20
23
18
26
25
14
27
19
22
16
15
19
19
21
21
17
24
23
23
25
18
16
28
23
26
22
26
20
21
21
16
27
23
24
20
18
18
19
19
11
16
17
17
16
21
18
16
12
13
31
23
21
18
28
19
14
24
18
22
14
20
12
21
22
13
25
21
16
14
21
21
16
12
11
14
15
17
15
19
21
16
18
9
20
22
18
19
22
11
13
10
28
13
15
20
17
14
20
16
14
15
24
16
18
19
20
18
15
13
13
15
17
20
15
19
19
12
18
13
12
12
17
16
20
15
14
14
21
16
7
14
16
11
18
13
17
12
22
12
12
10
18
10
11
14
15
16
6
16
11
8
14
14
6
9
18
11
11
13
11
4
7
15
14
12
13
11
7
7
11
8
10
9
14
10
13
6
10
12
10
15
9
16
7
12
12
11
4
9
4
10
9
11
14
8
7
9
12
8
13
7
11
14
5
4
10
4
14
6
9
10
12
9
4
8
12
10
8
13
8
9
6
6
10
9
7
6
16
6
7
5
13
5
11
7
4
9
7
18
11
8
8
9
7
15
7
9
10
7
5
7
13
5
9
7
11
15
7
5
4
5
7
5
7
6
4
9
9
6
7
14
13
7
9
15
10
9
7
7
7
10
9
7
7
7
6
8
8
9
8
11
7
7
8
9
10
6
9
4
12
7
6
8
7
3
6
6
13
8
8
8
8
5
8
7
7
6
4
2
15
5
10
9
5
5
10
7
6
15
12
8
7
6
7
7
1
6
10
7
9
12
6
8
9
7
8
7
5
7
10
11
8
7
4
4
10
9
11
5
7
6
6
9
7
10
6
10
4
7
9
2
7
11
8
8
8
9
4
7
13
4
9
5
10
4
7
8
7
10
9
8
10
11
7
4
6
5
8
8
3
5
7
9
4
9
6
8
11
5
11
7
10
5
5
9
8
12
7
11
4
3
5
4
8
7
9
10
6
13
11
8
8
11
10
7
9
4
10
8
11
6
9
12
10
8
3
6
14
11
6
8
11
11
6
8
8
8
10
9
8
11
9
7
3
14
5
10
13
6
14
12
5
11
7
8
14
9
7
7
9
11
9
3
13
6
7
8
16
9
11
15
12
9
6
13
12
10
14
8
13
18
12
8
22
12
14
14
21
9
11
14
21
13
7
19
11
21
8
16
12
19
22
23
10
12
13
15
18
13
21
11
22
17
19
18
23
20
22
21
24
23
27
25
24
17
33
29
22
28
37
37
29
27
34
40
20
28
40
30
26
34
30
42
29
39
39
32
53
47
30
34
37
44
48
39
57
39
52
44
46
56
44
46
51
50
56
50
68
55
49
53
61
46
59
59
57
64
58
54
56
59
58
67
60
60
53
53
63
71
66
77
80
76
52
62
72
75
62
62
81
58
62
76
85
72
70
95
94
74
71
81
72
79
91
69
73
83
69
68
77
74
70
59
75
78
85
80
75
78
74
69
65
73
59
71
65
61
78
62
64
88
90
61
57
78
56
73
67
56
74
69
63
63
63
71
73
67
66
56
56
59
63
53
67
56
54
70
53
62
51
73
53
61
57
58
57
50
59
51
42
55
38
43
40
43
45
37
43
29
49
46
50
36
33
47
43
44
33
38
36
28
36
32
38
41
28
34
32
35
24
20
35
28
21
24
28
20
20
22
18
28
16
23
20
20
19
27
20
18
15
17
15
18
18
9
17
11
13
20
13
11
13
12
13
10
8
6
20
9
10
6
11
7
19
10
7
9
9
9
9
5
7
4
8
3
6
7
12
7
8
4
3
6
7
4
7
5
7
4
2
4
2
4
4
6
5
3
5
4
2
4
3
2
6
3
5
0
3
2
3
3
0
6
2
4
7
6
4
4
4
3
5
2
4
1
2
5
1
0
1
3
2
4
1
3
1
2
3
2
1
1
2
2
4
0
5
3
0
2
2
2
6
2
5
2
2
0
2
3
0
3
1
3
0
1
2
1
1
1
2
5
1
1
1
1
1
1
2
2
2
2
3
1
2
1
0
2
3
1
1
1
1
0
2
1
3
1
1
2
2
1
2
0
2
4
1
0
2
3
0
2
0
1
3
1
4
0
0
2
1
2
1
3
3
0
3
3
1
0
2
1
1
1
7
2
2
2
1
4
2
2
0
1
2
0
0
3
1
1
0
2
1
1
2
0
3
1
0
1
1
0
4
6
1
2
0
3
1
1
2
2
1
1
0
3
1
3
1
3
1
2
2
1
2
0
2
2
0
0
3
1
1
1
2
2
3
1
2
0
1
3
1
1
1
3
0
1
2
2
0
0
0
2
0
0
0
2
2
0
0
1
4
0
1
0
2
1
1
1
0
0
2
2
3
1
2
1
1
0
2
2
0
2
1
0
0
1
2
1
5
1
0
2
3
0
2
2
1
0
0
0
3
0
2
1
1
5
1
0
1
0
4
2
1
0
2
2
0
2
0
1
0
0
0
2
0
1
1
1
3
3
1
1
1
0
1
0
0
2
2
3
1
1
1
0
0
0
1
3
0
1
3
0
2
3
1
1
0
0
2
2
0
3
2
0
0
1
2
1
4
0
0
0
1
1
1
1
2
2
2
0
0
0
0
3
1
0
1
2
2
0
2
1
4
2
2
0
0
1
0
0
0
2
4
2
2
1
3
1
0
2
1
0
2
5
0
1
1
1
2
2
1
1
4
2
2
1
2
0
1
2
6
0
1
1
2
2
5
0
0
1
0
2
2
1
0
1
0
1
2
1
1
2
1
2
1
0
2
2
1
1
3
2
1
2
0
0
4
1
2
3
0
0
3
0
0
1
0
0
1
1
5
0
3
3
2
1
2
2
0
0
0
1
2
1
2
1
1
0
4
0
1
0
1
0
1
2
2
1
1
0
2
2
1
1
0
2
0
0
0
3
1
2
1
1
1
1
2
3
1
1
0
2
1
2
1
0
0
3
2
3
0
0
1
0
3
1
0
3
2
0
1
2
1
0
1
2
4
1
2
0
2
0
0
1
2
0
1
3
3
2
3
0
0
0
0
0
2
3
1
1
2
1
3
3
1
0
1
1
1
2
2
0
0
1
2
1
1
0
0
2
1
2
1
0
3
2
2
3
0
0
0
1
0
1
2
1
3
0
0
2
2
1
1
0
1
0
0
1
3
3
0
1
1
0
0
0
1
0
1
0
1
3
0
2
3
0
0
1
0
0
2
0
0
1
0
2
0
1
1
1
0
1
0
2
0
2
3
2
6
1
0
1
1
2
0
1
1
2
0
2
1
0
0
0
0
0
1
2
1
2
1
1
2
0
2
0
0
0
1
1
1
1
1
0
0
2
1
0
1
2
1
0
0
1
0
0
1
0
1
0
2
2
0
1
1
0
3
1
0
0
0
0
0
1
1
1
0
0
1
1
0
0
1
1
1
0
0
0
0
0
0
0
2
3
2
0
2
2
1
0
1
0
2
0
1
0
0
1
1
0
0
1
1
2
1
1
1
2
2
3
0
0
0
2
1
1
1
0
0
0
0
3
1
1
0
0
2
0
1
0
0
1
0
1
1
0
1
1
0
0
0
0
1
1
0
0
0
0
2
0
0
0
1
0
0
0
0
0
0
2
0
0
3
0
2
0
1
1
0
0
0
0
0
2
0
0
1
0
1
0
2
0
0
0
1
1
2
0
0
0
0
1
0
1
2
0
2
1
1
2
1
0
1
1
1
1
2
0
2
0
0
2
1
1
1
0
0
0
0
0
0
2
0
1
1
0
0
0
0
1
2
1
0
0
0
0
0
0
0
2
2
0
1
0
1
1
0
2
1
0
0
0
2
1
0
3
0
0
0
1
3
2
1
1
3
0
1
0
2
1
0
1
1
0
1
0
0
2
2
1
2
1
2
1
1
0
0
0
2
2
1
1
1
2
0
3
1
0
1
1
1
0
3
0
1
0
0
2
2
2
1
1
0
2
2
2
1
2
2
0
0
1
1
2
1
2
0
1
2
3
1
1
0
0
0
0
1
0
0
1
2
1
2
1
2
1
2
1
0
0
0
0
0
1
0
2
1
0
1
0
1
1
0
2
0
0
0
2
0
2
1
1
3
1
0
2
0
0
0
1
0
0
1
0
1
0
0
1
1
1
2
4
0
0
0
0
2
1
1
1
0
1
1
2
3
0
2
0
0
4
1
3
1
0
0
0
0
0
0
0
1
2
0
1
1
1
0
2
0
6
0
0
0
0
1
0
0
1
2
2
0
0
0
3
2
1
1
0
1
2
0
2
0
1
1
0
0
0
0
0
0
0
1
0
0
1
0
2
1
1
2
0
0
1
0
0
2
1
0
1
0
0
1
1
0
1
0
0
4
0
0
2
1
0
0
0
1
1
1
0
0
0
0
1
0
1
0
0
2
0
1
1
1
0
2
0
1
0
0
1
0
2
1
0
1
1
2
1
1
1
0
0
0
0
1
1
1
1
1
1
0
3
1
1
0
0
0
1
0
1
0
0
2
1
1
1
0
1
0
1
0
0
0
0
2
1
0
0
1
1
1
1
1
1
2
1
1
0
0
0
0
1
0
1
0
0
1
0
0
1
1
0
0
0
0
0
0
1
1
1
0
0
1
1
1
0
0
0
0
2
0
2
1
0
1
0
0
0
1
0
0
1
0
1
2
1
0
0
0
0
0
0
0
1
1
0
1
0
1
2
0
1
0
2
1
0
1
0
1
0
0
0
1
1
0
0
1
0
0
0
0
0
2
0
0
0
0
1
0
0
0
0
0
0
0
0
0
1
0
0
0
0
0
0
0
0
0
0
0
2
1
0
1
0
1
0
0
0
0
0
0
0
0
0
0
3
1
0
0
1
0
0
0
0
0
0
0
1
0
1
0
0
0
1
0
0
0
0
1
0
0
0
2
1
1
0
0
0
0
0
0
0
0
0
0
0
0
0
0
0
1
0
0
1
0
0
1
1
0
2
0
1
0
0
1
0
0
0
0
0
0
1
1
0
0
1
0
0
0
1
0
1
0
0
0
0
1
0
0
2
0
1
0
0
0
0
0
0
0
0
1
1
1
0
0
0
0
1
0
0
0
1
0
2
0
0
0
0
0
0
1
0
0
0
1
0
1
1
1
0
0
1
0
1
0
0
0
1
0
0
0
1
0
1
0
0
1
1
2
1
0
0
0
0
0
0
1
0
0
0
0
0
0
0
0
0
0
1
1
1
2
1
0
0
1
1
0
0
1
1
0
1
1
1
0
1
1
0
0
1
0
0
0
0
1
0
1
0
2
0
0
0
1
0
2
0
0
0
0
0
0
0
0
2
0
1
0
0
1
0
0
0
0
0
0
1
0
0
0
0
1
1
0
1
0
0
1
0
1
0
1
0
1
0
0
1
0
0
0
0
1
1
1
1
0
0
0
0
0
0
0
0
0
0
0
0
1
0
1
1
1
0
1
1
0
0
0
1
0
0
0
0
0
2
1
0
0
0
1
0
0
0
0
0
0
0
1
2
0
2
0
0
0
0
1
0
0
0
0
0
1
1
0
2
0
0
1
1
0
0
0
1
0
0
0
1
0
0
1
1
0
0
0
0
0
1
0
0
3
0
0
2
0
0
1
1
0
0
1
0
1
0
0
2
0
1
2
1
0
2
0
0
1
0
0
0
1
0
1
0
1
0
1
1
0
1
1
0
1
0
0
0
0
0
1
0
1
1
0
0
3
1
0
0
1
0
0
1
1
1
2
0
0
2
1
1
0
0
0
2
0
0
0
0
2
1
0
0
0
1
1
2
0
2
1
0
1
1
0
0
0
2
0
0
1
0
0
0
0
0
2
0
0
1
0
0
1
1
1
2
0
1
0
1
0
0
0
3
0
1
1
0
1
0
1
2
0
0
1
0
0
1
0
2
0
0
0
1
0
1
2
2
0
0
2
1
1
1
0
0
0
0
0
1
1
1
2
1
1
0
1
0
3
0
1
1
0
3
0
0
0
1
1
1
0
2
0
1
0
0
1
0
0
1
3
2
0
1
0
1
0
1
2
1
1
1
0
1
1
1
1
1
0
1
0
2
0
0
1
0
2
0
0
0
1
0
1
1
1
0
1
1
1
0
2
1
0
1
0
0
2
0
0
1
0
1
0
0
0
0
0
1
0
0
2
0
3
0
0
0
2
0
0
0
0
0
0
1
0
0
1
1
1
0
0
1
1
0
0
0
0
0
1
1
0
2
0
1
0
0
0
2
0
0
0
0
0
1
0
0
0
1
1
0
0
0
0
0
0
0
1
0
0
0
0
0
2
1
0
0
0
0
0
0
0
1
1
0
0
0
0
0
0
0
0
0
0
0
1
1
0
0
0
2
0
0
0
0
0
0
0
0
0
0
0
0
0
0
1
0
0
0
0
0
0
0
0
1
0
0
0
0
0
0
0
0
0
0
0
0
0
0
0
0
1
0
0
0
2
0
0
0
0
0
0
0
2
0
0
0
1
0
0
0
0
0
0
0
1
0
0
0
0
0
0
0
0
0
0
0
0
1
0
1
0
0
1
0
0
1
0
0
0
0
1
0
1
1
0
1
0
0
0
0
0
0
1
1
0
0
0
0
1
0
0
0
0
1
0
0
1
0
0
1
0
0
