0
0
0
0
0
0
0
0
0
0
0
0
0
0
0
0
0
0
0
0
0
1
0
0
0
0
0
0
0
0
0
0
0
0
0
0
0
0
0
0
0
0
0
0
0
0
0
0
0
0
0
0
0
0
0
0
0
0
0
0
0
0
0
0
0
0
0
0
0
0
0
0
0
0
0
0
0
0
0
0
0
0
0
0
0
0
0
0
0
0
0
0
0
0
0
0
0
1
0
0
0
0
0
0
0
0
0
0
0
0
0
0
0
0
0
0
0
0
0
0
0
0
0
0
0
0
0
0
0
0
0
0
0
0
0
1
0
0
0
0
0
0
0
0
0
1
0
0
0
0
1
0
1
2
3
0
2
2
4
4
1
5
2
6
3
9
4
5
11
10
14
8
14
18
11
16
15
20
23
29
22
29
24
40
45
50
43
43
55
59
58
58
69
72
86
76
77
102
80
90
71
83
89
94
84
84
81
97
73
92
89
94
95
77
99
94
89
96
80
90
79
90
88
88
93
90
72
89
83
110
81
80
70
89
71
91
72
63
93
77
85
86
85
85
68
77
87
78
77
72
96
92
96
82
88
83
75
83
88
90
78
100
87
96
77
75
95
84
72
92
77
98
78
86
82
77
102
88
92
81
91
113
100
91
101
97
110
85
84
79
110
101
90
104
82
99
94
101
110
108
117
120
115
117
93
83
114
86
106
131
91
92
103
92
120
112
88
127
84
109
97
103
94
91
107
105
108
105
109
97
84
111
75
91
103
95
94
104
100
123
107
89
102
106
86
91
91
102
106
96
100
92
103
98
84
99
98
87
90
85
81
85
88
86
78
94
89
68
88
89
70
91
86
84
80
108
87
81
69
92
76
85
84
87
85
85
83
90
73
88
62
92
79
89
88
89
91
112
80
77
68
87
81
73
74
83
75
85
77
76
85
87
79
91
69
62
69
100
80
63
85
73
75
78
81
69
69
85
80
63
60
79
71
73
77
77
77
90
59
82
69
83
85
91
85
67
79
71
74
72
83
86
68
71
77
74
81
65
72
71
86
69
79
81
68
92
73
78
68
76
65
81
82
51
60
64
78
81
76
76
67
55
82
71
66
72
87
69
74
74
70
68
70
60
58
71
78
78
82
77
69
77
62
74
74
72
80
73
72
84
71
84
89
65
72
58
97
66
71
79
64
70
71
71
73
71
71
68
81
75
78
62
70
74
75
67
54
80
65
88
47
68
66
65
76
69
67
78
82
84
53
68
71
69
78
69
87
66
71
72
70
58
62
60
71
62
56
71
61
63
60
61
60
52
63
68
59
44
58
55
53
53
70
58
60
52
60
67
55
60
64
63
45
56
57
46
50
63
57
63
62
49
70
63
52
62
44
65
57
48
57
58
52
65
45
53
65
46
57
50
42
45
57
74
66
34
48
54
49
58
47
48
48
42
71
38
57
57
41
48
46
63
50
36
58
51
54
54
44
49
45
37
39
35
48
57
50
53
41
48
44
48
47
47
58
46
45
45
44
43
53
38
37
42
43
28
55
49
41
47
30
46
47
28
51
29
58
47
43
39
44
35
39
43
39
30
50
39
37
41
47
45
44
39
44
32
31
39
29
32
32
30
42
37
40
36
41
49
30
43
36
46
35
36
39
39
44
34
36
39
39
38
43
41
31
40
39
25
33
40
46
44
36
38
38
30
30
38
20
34
39
30
33
34
35
25
33
46
35
30
31
37
35
26
34
44
25
29
29
21
39
33
29
32
34
28
32
23
34
29
27
24
32
23
23
38
29
39
45
31
31
41
30
32
41
29
40
32
35
37
34
30
22
40
35
31
32
29
22
24
25
28
30
38
33
17
35
35
31
27
24
36
24
33
20
26
23
31
23
31
26
38
27
33
35
27
21
31
38
32
22
26
36
36
24
34
25
26
25
29
35
25
33
23
29
24
27
20
30
23
24
14
35
31
20
23
22
29
20
14
31
30
30
36
28
16
22
26
34
22
26
25
20
23
32
30
22
29
27
24
36
32
28
26
30
30
35
26
19
27
34
25
38
27
26
28
30
18
22
31
30
22
27
22
16
19
30
26
28
24
26
31
23
21
33
30
32
34
28
40
24
24
26
28
27
33
26
31
26
34
28
22
24
22
25
21
24
27
36
15
23
24
23
29
26
31
37
27
14
21
19
22
30
28
32
28
28
22
14
28
20
24
25
21
17
24
17
25
33
21
19
17
28
18
29
27
21
26
17
23
26
19
31
16
27
17
21
30
27
23
16
25
20
18
23
24
34
33
30
18
24
31
26
20
20
18
17
30
24
24
25
31
14
21
22
24
28
25
28
24
19
22
23
21
9
23
31
26
26
24
13
21
32
30
25
19
28
22
24
25
21
22
22
25
25
22
20
20
20
22
12
18
24
23
31
19
16
25
21
27
11
16
18
27
10
16
19
25
19
16
15
17
14
31
14
30
19
21
25
14
26
16
24
17
20
24
19
15
27
20
15
15
17
18
21
28
20
15
30
20
20
21
19
18
18
25
19
19
18
14
19
18
20
23
24
18
21
22
21
24
13
21
13
18
20
21
16
27
22
30
23
15
24
25
22
18
24
10
17
23
10
20
17
21
16
25
16
20
18
24
25
20
17
20
14
25
17
14
16
26
29
19
18
21
20
20
15
15
26
26
21
23
20
23
28
16
20
25
13
26
19
20
20
17
15
21
21
24
13
20
21
18
19
22
12
21
23
14
9
27
14
11
21
20
21
22
27
22
13
18
22
19
16
17
14
19
18
13
16
11
19
17
11
16
15
16
16
17
19
15
23
24
15
24
18
16
22
18
22
15
17
32
14
15
21
18
10
13
15
21
8
23
10
14
19
15
8
12
18
17
13
18
13
7
16
13
15
9
19
11
12
18
21
17
17
19
10
20
14
18
15
8
16
12
8
14
15
14
18
22
22
15
17
14
16
10
16
11
12
13
17
14
18
16
13
8
17
12
19
13
14
11
14
11
9
12
9
11
12
15
14
21
15
17
11
9
11
18
13
5
18
16
16
13
7
10
9
16
9
4
11
16
11
12
9
6
8
16
13
13
6
11
11
11
10
9
13
7
8
6
16
13
15
10
18
6
10
8
4
3
9
9
14
9
10
8
9
14
9
12
19
12
8
10
7
8
7
8
7
11
8
7
8
9
8
5
6
8
9
6
7
8
9
11
6
8
9
5
7
12
5
5
12
9
10
7
10
6
10
7
10
10
3
7
6
8
9
9
6
10
6
15
3
12
9
8
10
9
10
13
9
10
4
9
8
5
12
6
6
14
5
7
7
8
6
4
4
4
7
10
5
5
7
12
15
10
9
2
8
8
4
9
7
13
3
7
2
12
5
10
7
2
14
6
9
9
10
4
3
6
9
5
13
6
4
5
5
6
6
6
7
7
4
4
7
6
3
7
11
6
4
6
2
10
11
13
6
8
3
7
4
10
11
5
5
10
3
6
9
8
7
2
3
6
10
6
9
5
10
10
15
8
7
10
9
6
11
4
10
13
10
14
11
7
9
6
8
10
3
13
14
7
14
9
3
5
9
1
11
5
7
7
9
10
8
7
9
9
12
7
14
4
9
8
11
9
5
8
9
3
8
5
6
7
5
7
12
5
9
6
5
5
6
9
5
7
10
7
8
8
8
6
5
2
12
13
7
8
9
10
10
12
11
4
12
11
6
11
11
10
11
7
9
10
11
7
7
13
13
10
11
13
10
12
5
6
18
12
14
10
12
10
11
14
9
11
10
16
20
18
13
16
18
13
11
18
14
17
14
15
11
20
19
19
20
24
23
17
24
26
10
21
19
16
31
25
16
22
19
21
26
18
25
34
36
25
25
21
27
23
25
27
29
25
30
40
35
40
35
35
24
34
29
41
30
28
37
43
34
41
41
43
32
38
44
37
53
40
42
48
43
50
41
40
45
48
49
48
44
53
60
57
43
51
51
72
51
54
46
58
52
47
65
65
66
61
57
70
75
41
73
75
71
83
64
77
67
50
58
80
56
81
85
69
86
73
72
71
65
47
68
81
90
75
70
87
68
69
76
80
73
88
74
74
79
66
81
73
90
83
74
72
92
74
75
66
72
110
69
74
90
71
84
73
70
72
77
63
69
62
61
74
50
74
54
78
60
64
64
59
71
48
55
76
56
61
61
69
56
56
51
51
44
62
61
51
43
37
54
42
47
60
47
55
40
48
47
34
58
49
48
32
54
41
52
32
35
37
45
31
30
34
33
31
26
40
31
36
30
27
27
33
37
29
25
17
27
20
18
16
17
19
24
20
20
14
15
15
18
17
13
16
16
15
20
16
21
16
14
18
6
14
13
18
14
14
9
8
9
10
10
11
11
7
10
9
7
14
7
7
15
8
7
12
7
5
8
10
7
7
3
12
7
4
2
7
5
8
4
5
2
4
2
3
4
3
3
4
2
3
4
4
1
2
4
0
5
4
1
4
4
3
8
4
6
3
2
2
5
0
3
2
4
4
0
1
3
2
2
3
2
1
2
3
4
3
3
6
2
2
1
0
4
4
1
0
1
1
3
1
2
2
0
2
1
0
5
2
2
0
3
1
1
0
1
3
2
2
4
3
1
2
2
0
2
0
2
2
4
1
2
0
1
2
2
1
2
0
4
1
2
0
2
1
1
2
2
3
2
1
2
3
1
1
1
2
3
0
1
1
0
1
3
0
5
1
0
6
1
2
1
1
2
1
3
1
2
2
2
2
0
1
2
1
1
0
2
2
1
1
2
0
2
2
1
2
1
0
3
3
0
2
0
0
3
1
3
0
1
1
0
0
1
0
2
2
1
1
1
1
1
1
0
1
0
1
1
3
3
0
3
0
1
2
0
1
2
0
2
1
2
0
0
2
0
1
0
0
2
0
4
1
2
2
0
1
1
4
3
0
3
3
1
1
2
0
0
1
1
0
1
2
0
0
1
3
1
0
0
0
1
2
2
1
1
0
1
2
0
3
0
0
2
2
0
0
0
1
1
0
0
0
1
2
0
0
1
0
1
1
1
1
0
1
0
0
1
2
0
1
0
2
0
1
1
0
1
1
0
2
3
0
1
1
0
2
2
1
1
1
3
1
1
1
1
1
2
2
2
0
1
1
0
3
0
3
1
1
2
1
0
0
2
2
2
2
0
2
2
0
3
1
2
0
2
1
1
1
1
1
2
3
0
1
0
0
0
1
0
0
2
1
0
2
3
0
1
1
0
0
3
1
0
2
1
3
0
0
0
2
0
0
0
1
4
0
0
1
0
1
1
3
0
2
0
0
0
1
0
0
1
1
0
2
2
2
1
1
2
1
0
1
2
1
2
0
0
1
1
0
1
1
1
0
0
1
0
1
2
3
0
0
2
0
1
0
0
2
1
3
3
0
0
1
1
1
2
1
0
0
1
1
0
1
1
2
1
1
2
2
2
2
0
1
0
0
1
1
0
1
3
1
1
0
0
0
1
5
2
1
5
0
1
3
1
1
2
0
1
1
1
2
4
0
0
3
0
1
0
2
4
2
1
2
0
0
0
0
1
2
1
1
1
1
1
0
2
0
1
3
0
0
3
1
1
2
1
0
4
3
3
4
2
2
1
0
1
2
1
1
0
1
3
2
1
2
0
1
1
0
2
2
1
1
0
0
1
2
0
1
2
0
0
2
1
0
1
0
0
0
1
1
1
2
0
0
1
1
2
4
2
1
2
0
0
3
0
3
0
0
3
1
1
2
2
1
2
3
1
2
0
1
1
1
0
1
4
1
3
1
0
1
1
2
2
1
2
1
0
0
3
2
0
0
5
2
1
1
2
1
0
0
2
2
2
0
1
1
1
2
4
1
2
0
0
1
0
3
2
2
3
1
1
1
1
0
3
0
1
1
1
0
1
1
2
1
0
2
2
2
0
2
0
5
0
0
1
0
2
0
1
1
2
1
0
1
1
0
2
1
2
1
0
1
1
2
1
1
0
1
1
0
1
1
0
0
0
1
0
1
1
0
0
0
0
0
0
0
0
1
1
0
1
0
2
1
0
1
1
1
1
2
0
0
1
1
2
0
0
0
2
0
2
1
1
1
1
0
1
1
1
0
0
3
0
1
1
1
2
2
1
1
0
0
0
2
1
2
0
0
1
0
1
2
0
1
3
0
0
0
1
0
1
0
1
0
0
0
0
2
0
1
4
0
2
1
0
1
2
2
3
1
2
0
1
0
0
0
1
1
0
0
1
1
1
0
2
0
3
1
1
1
1
0
1
2
1
0
1
1
0
1
0
2
4
1
2
0
1
1
0
2
2
3
0
0
0
1
0
0
1
1
2
0
0
0
0
2
0
1
1
0
1
0
0
0
0
1
1
1
1
0
1
1
1
3
1
1
3
1
0
0
2
0
0
3
0
3
2
1
1
0
1
0
1
0
0
0
0
1
0
3
0
0
1
0
1
0
0
0
1
0
2
2
1
1
0
0
1
2
1
0
0
0
1
0
1
1
1
2
1
0
2
1
0
1
1
0
2
0
1
0
2
2
2
0
1
0
2
2
0
0
1
1
1
0
0
0
0
0
1
2
1
1
1
2
1
1
0
0
1
0
0
3
0
2
1
1
0
0
2
1
1
1
1
0
0
1
0
0
0
1
0
0
1
3
1
0
1
0
0
2
0
0
1
0
0
2
3
0
2
0
1
1
2
1
0
2
0
2
0
1
0
2
1
2
1
0
2
2
1
0
0
1
1
1
0
0
3
0
0
0
1
0
0
0
1
0
0
0
0
0
1
0
0
1
2
0
1
0
0
1
1
1
1
0
0
0
2
2
0
0
1
1
2
1
1
1
0
1
1
1
3
1
2
0
1
2
0
4
0
0
1
1
0
0
0
0
0
2
2
1
0
2
0
2
1
1
2
1
0
2
1
0
1
2
0
1
0
3
1
2
1
0
0
0
0
1
1
1
0
0
0
3
1
0
2
2
1
1
0
1
0
0
0
0
2
2
1
1
1
0
0
1
0
1
1
0
2
0
2
1
0
1
0
0
0
0
0
0
0
1
0
1
0
1
0
3
2
0
0
0
1
0
2
0
1
0
1
0
0
1
0
1
0
2
0
0
0
1
0
1
0
0
1
0
0
1
0
1
1
1
0
0
0
1
2
0
1
1
0
0
2
1
0
1
0
0
0
1
0
0
0
0
0
0
0
0
0
0
0
0
1
2
2
0
0
0
1
1
0
1
0
0
0
0
1
2
1
1
0
1
0
0
0
0
0
0
2
0
2
0
0
1
0
0
1
0
0
1
1
1
0
0
0
1
0
0
0
0
1
1
1
0
0
1
1
0
0
0
0
0
0
0
1
0
0
1
0
0
4
0
0
0
0
0
0
1
0
1
0
1
1
0
0
0
2
0
0
0
0
0
0
4
2
2
1
0
0
0
0
0
0
0
0
0
0
0
0
0
0
0
1
2
0
0
2
1
0
0
0
2
1
0
1
0
1
0
0
2
0
0
0
0
0
2
0
0
1
0
1
0
1
1
0
1
2
1
1
1
0
0
0
0
0
1
2
0
0
1
0
0
4
0
0
0
1
0
0
0
0
0
0
0
0
1
0
0
0
0
0
0
0
0
0
0
0
0
0
1
0
1
0
1
1
0
0
0
0
0
0
1
0
0
3
1
0
0
0
0
1
0
0
1
1
0
0
0
1
1
0
0
0
1
1
0
0
0
0
0
1
0
0
1
0
1
0
0
0
0
0
0
0
0
3
0
0
1
1
0
0
0
0
0
1
0
0
1
1
0
1
0
1
0
1
1
0
1
0
1
0
0
0
0
0
1
1
0
1
0
0
1
0
0
0
0
0
0
0
0
1
0
0
0
0
0
2
0
0
0
0
0
0
0
1
0
0
1
1
0
0
0
1
0
2
1
0
0
0
0
1
0
0
0
0
0
0
1
0
0
0
1
2
1
0
2
1
1
0
0
0
0
0
0
0
1
0
0
0
0
0
0
0
0
0
0
0
0
0
0
0
1
0
0
1
1
0
0
0
0
0
1
0
0
0
1
0
1
0
1
0
1
0
1
0
0
1
1
0
1
0
1
0
0
3
0
0
1
1
0
0
0
0
1
0
0
0
2
0
0
0
0
0
0
0
0
1
1
0
0
0
0
0
0
1
0
0
0
1
0
0
0
1
1
0
0
1
0
0
0
0
0
0
0
0
2
1
0
0
1
0
0
1
0
0
1
0
1
0
0
0
0
0
1
1
0
0
0
0
1
0
0
1
0
1
1
1
0
0
1
2
2
1
0
2
0
0
0
1
0
0
0
0
0
0
0
0
0
0
1
2
1
2
0
2
0
0
2
2
0
0
0
2
1
0
1
0
0
0
1
1
4
1
0
2
0
0
1
1
0
0
2
0
0
0
0
0
0
0
0
1
1
2
0
0
4
0
0
0
1
2
2
1
0
1
1
0
0
1
0
0
0
0
2
2
1
2
1
2
0
0
0
1
1
0
0
0
0
0
1
2
1
0
1
1
1
1
1
0
1
2
1
0
1
2
1
0
2
1
1
0
0
0
0
3
0
1
2
1
0
3
2
0
1
1
2
0
2
2
0
1
0
1
0
0
1
1
4
1
1
0
1
0
1
2
1
2
1
3
0
2
0
3
0
5
2
1
0
0
0
2
3
1
1
2
1
2
1
1
1
0
1
1
1
2
1
1
1
3
3
1
0
1
1
1
0
1
0
1
0
1
1
0
0
2
0
0
1
0
0
0
2
0
0
0
1
2
1
0
0
0
0
0
1
1
0
2
0
0
0
0
1
0
0
0
0
0
0
1
0
1
1
0
0
0
0
0
0
0
1
0
0
0
0
0
1
0
0
1
0
0
0
0
0
0
0
0
1
1
0
0
0
1
1
1
0
0
0
0
0
0
1
0
0
0
0
0
0
0
0
1
0
1
0
0
1
0
2
0
0
2
2
0
0
0
0
0
0
0
0
1
1
0
0
0
0
1
0
0
0
0
0
2
0
2
0
0
0
1
0
0
0
1
1
0
0
0
0
0
1
0
0
1
0
0
0
1
0
0
0
0
0
0
0
0
0
0
0
0
0
0
0
1
2
0
0
0
0
0
0
0
0
0
0
1
0
0
1
0
1
0
0
0
2
0
0
0
1
0
0
0
1
0
0
0
0
1
0
0
1
0
0
2
0
1
0
0
0
0
0
0
0
0
0
0
0
0
0
2
0
0
0
0
0
0
0
