0
0
0
0
0
0
0
0
0
0
0
0
0
0
0
0
0
0
0
0
0
0
0
0
0
0
0
0
0
0
0
0
0
0
0
0
0
0
0
0
0
0
0
0
0
0
0
0
0
0
0
0
0
0
0
0
0
0
0
0
0
0
0
0
0
0
0
0
0
0
0
0
0
0
0
0
0
0
0
0
0
0
0
0
0
0
0
0
0
0
0
0
0
0
0
0
0
0
0
0
1
0
0
0
0
0
0
0
0
0
0
0
0
0
0
0
0
0
0
0
0
0
0
0
0
0
0
0
0
0
0
0
0
0
0
1
1
2
1
1
1
0
0
0
1
0
2
0
1
1
3
0
0
1
1
2
6
3
5
2
3
6
3
2
9
5
8
12
9
9
12
12
11
11
15
11
19
17
29
28
33
33
42
38
33
47
52
49
57
59
67
78
62
83
72
75
82
80
94
88
83
76
88
82
81
87
106
82
75
86
100
80
91
84
97
96
81
91
65
88
82
88
85
90
86
87
99
76
88
92
80
94
93
72
84
77
75
112
94
90
80
89
81
90
92
67
80
88
93
69
97
80
89
91
77
94
83
75
94
90
83
83
86
99
74
91
86
103
91
98
85
88
92
96
88
110
78
96
102
96
104
106
101
103
110
119
103
98
109
79
105
83
95
105
111
122
114
84
114
117
93
96
102
93
102
102
113
118
102
102
95
104
109
96
102
96
112
120
116
123
106
104
97
107
113
120
121
122
132
117
102
121
124
95
96
100
100
106
97
87
108
94
88
112
100
106
102
86
97
93
105
91
82
94
104
107
101
81
110
100
89
87
69
105
104
99
103
81
89
97
95
99
81
85
89
95
86
84
93
102
85
75
79
86
93
109
98
83
104
91
86
98
73
69
87
99
74
79
78
86
102
82
86
80
83
78
107
80
74
74
87
93
85
101
91
84
92
72
96
82
82
88
85
80
80
83
76
52
85
74
76
75
87
95
85
81
73
92
84
68
85
85
71
75
79
82
71
66
63
95
75
73
80
72
83
79
81
96
77
70
89
92
77
80
70
75
79
115
66
76
79
82
75
69
64
89
76
69
72
73
73
78
70
84
79
79
89
77
78
81
73
66
73
80
79
75
79
75
67
66
71
74
70
82
80
82
68
81
91
74
92
87
74
67
80
77
76
103
69
72
70
74
76
86
79
67
87
76
70
86
76
70
75
61
80
79
73
57
68
85
60
70
61
70
72
70
63
63
66
79
66
85
63
67
52
79
74
74
57
71
62
79
71
59
73
68
64
68
67
65
80
59
76
63
66
68
61
78
77
70
56
51
56
56
67
87
51
62
63
72
75
64
65
61
55
57
57
59
63
52
55
57
57
52
63
70
66
56
66
67
49
58
73
67
63
71
56
52
62
54
42
58
55
60
52
42
53
46
55
48
52
55
49
43
47
61
56
41
56
55
63
47
40
56
50
57
44
55
52
55
47
53
43
53
43
49
43
52
43
60
54
45
49
53
46
40
58
49
64
47
45
48
45
39
43
45
50
43
40
48
37
49
44
40
44
56
35
51
46
48
40
49
38
47
45
31
47
41
33
33
33
47
41
41
42
39
44
33
35
23
34
31
36
42
30
42
44
30
42
36
28
37
29
44
37
48
49
43
35
38
30
41
33
39
34
31
49
37
43
36
30
40
39
27
26
36
37
43
46
51
41
38
43
28
37
33
35
44
29
42
33
33
34
42
33
26
39
26
41
32
33
34
32
38
29
34
26
33
23
22
36
29
40
33
23
35
35
29
35
26
37
35
30
36
34
28
32
33
42
40
37
38
36
35
23
37
35
30
23
36
38
31
29
40
31
27
21
38
36
40
26
14
37
34
26
32
18
28
31
25
28
35
32
32
35
40
25
24
29
38
35
34
21
27
32
31
30
37
24
21
27
26
28
26
28
31
32
32
33
32
28
29
27
23
23
19
27
28
26
33
30
26
27
24
25
24
28
33
29
24
30
30
24
34
30
29
31
20
31
24
27
34
25
26
28
19
32
27
16
35
23
19
25
28
19
22
21
37
16
30
23
21
23
25
27
17
29
24
30
22
33
31
24
34
18
32
34
27
24
24
27
37
28
22
26
29
26
34
24
25
25
25
23
30
36
31
33
25
27
27
30
21
34
24
22
19
23
18
25
26
18
26
34
30
24
25
28
29
30
28
17
37
27
28
27
25
21
27
23
33
20
27
23
25
32
26
27
32
31
16
18
12
24
31
7
26
23
23
28
25
28
19
29
27
19
27
24
25
29
31
29
21
11
25
27
22
28
20
29
23
30
27
23
24
22
28
36
13
21
16
27
27
23
19
25
24
31
23
25
16
19
23
33
22
21
16
16
15
19
27
25
23
34
21
27
16
30
20
29
26
21
24
24
20
19
23
30
19
24
24
29
38
25
16
25
16
19
17
25
25
18
32
20
26
26
18
15
22
20
22
23
22
30
15
20
18
22
18
19
25
20
16
24
30
33
21
19
24
17
18
19
13
27
28
19
26
26
23
23
20
24
25
17
22
23
18
16
30
19
25
15
21
24
20
27
18
21
20
16
33
22
26
15
26
29
23
17
23
18
21
21
21
21
21
24
29
30
22
24
31
20
13
23
22
14
28
24
11
24
23
17
22
21
18
27
26
26
19
24
26
23
17
21
20
21
26
16
18
22
17
15
18
17
20
18
17
21
22
21
19
29
29
17
16
17
17
18
26
18
23
15
24
18
21
30
12
30
18
14
21
15
17
21
18
15
23
12
30
21
28
25
25
25
19
26
15
18
14
27
26
22
16
19
17
19
18
15
16
22
19
18
14
20
23
20
13
12
16
23
14
12
20
16
16
21
20
19
16
12
12
14
17
13
13
15
15
15
16
11
14
21
23
12
18
18
15
10
14
13
15
22
20
19
12
11
15
17
13
16
15
18
13
16
14
13
12
15
21
14
6
14
14
12
14
13
12
16
17
14
11
12
13
9
20
13
13
14
11
10
13
11
7
13
17
14
10
19
16
9
16
10
5
9
6
19
13
21
4
6
15
14
5
12
12
17
9
15
12
8
12
13
11
5
11
10
5
7
11
10
8
9
13
7
8
11
7
11
11
10
11
11
9
8
7
8
7
10
7
8
12
8
9
5
5
10
7
11
16
12
7
8
13
7
13
10
6
12
6
12
9
8
4
12
12
8
10
10
11
7
11
7
10
5
9
7
12
10
7
10
6
9
5
12
5
7
7
10
7
9
5
7
9
9
11
12
7
9
8
6
7
6
9
4
11
11
7
7
12
10
9
3
5
7
7
8
5
8
10
10
7
5
6
12
9
9
10
10
10
9
6
8
9
5
1
9
9
6
8
10
8
10
7
8
13
4
4
13
8
13
5
7
6
8
5
18
7
5
8
8
4
4
10
10
6
11
9
6
8
9
8
7
4
14
8
6
6
7
9
3
7
5
8
8
5
9
6
11
15
9
7
8
4
7
5
8
10
6
9
10
4
9
13
9
10
7
12
9
9
8
8
5
11
4
4
12
8
10
7
8
5
6
7
8
8
7
9
7
7
8
12
7
6
11
9
13
9
6
9
6
6
9
0
4
5
5
6
7
3
8
7
6
4
5
7
7
11
6
13
9
10
8
10
12
12
2
8
6
8
7
12
6
9
13
4
12
5
9
3
10
9
11
8
9
11
12
15
8
6
12
17
8
8
8
12
7
6
12
9
7
11
11
8
9
13
14
10
7
8
7
14
9
12
14
14
18
19
16
14
8
17
12
17
14
7
16
10
15
21
10
23
13
15
27
26
15
18
16
16
29
16
17
18
13
28
23
21
24
32
17
32
23
30
25
27
28
26
16
35
26
29
18
24
27
33
32
30
37
30
23
34
46
44
40
39
51
35
33
24
44
34
31
44
32
45
46
36
46
54
51
46
48
44
47
57
50
44
62
63
57
57
58
53
53
48
64
72
68
85
53
57
64
72
73
62
54
65
75
74
73
73
63
66
89
75
50
78
81
65
83
61
70
84
73
76
61
56
74
87
81
78
85
82
75
91
79
79
104
65
69
68
80
82
76
80
76
85
100
77
71
91
95
86
64
71
86
73
86
83
69
76
67
66
74
73
81
67
67
66
75
73
60
71
77
60
67
62
66
61
68
65
64
60
60
68
58
64
57
84
55
58
47
65
58
62
67
52
45
47
63
48
49
56
41
45
53
45
44
46
39
51
50
46
39
35
44
49
36
39
34
37
43
23
39
41
39
35
33
27
38
34
29
27
31
44
26
25
24
24
29
25
24
21
15
23
26
21
12
13
16
19
18
25
23
14
14
12
13
14
18
11
13
11
12
13
9
6
10
13
14
15
15
14
11
11
4
10
12
9
10
10
5
8
7
8
7
11
8
6
7
7
5
2
4
4
3
9
5
5
4
3
3
6
5
6
3
4
5
4
2
7
7
6
1
4
2
5
2
1
5
1
2
2
5
6
0
2
1
0
2
3
3
4
2
2
3
2
0
1
4
4
6
0
1
1
3
1
0
1
2
4
3
5
3
1
1
3
1
2
1
2
1
2
2
2
0
3
2
0
0
3
2
3
2
3
1
3
1
2
1
2
1
0
2
1
0
1
3
0
0
1
1
2
0
1
3
2
0
2
4
1
2
2
1
1
2
1
2
0
1
0
1
2
2
1
1
1
2
0
4
0
1
6
2
1
1
0
0
2
0
1
2
0
1
2
0
0
1
4
2
0
1
3
0
0
1
3
3
4
2
3
3
0
3
0
0
4
1
1
0
1
1
3
2
0
1
3
1
1
2
1
0
2
3
1
1
1
0
2
1
0
0
1
2
2
0
1
1
0
2
1
4
0
2
2
3
1
1
1
0
0
0
1
0
0
1
0
4
2
0
2
1
2
4
1
2
2
2
0
0
2
0
3
2
4
1
2
2
0
2
2
2
0
2
1
2
0
1
2
1
1
0
1
0
0
1
0
0
0
2
2
0
4
2
0
2
2
2
1
0
1
1
0
0
5
0
0
0
0
2
2
1
1
1
5
1
4
2
5
1
1
2
1
1
2
0
3
0
2
1
1
2
1
1
3
0
0
1
2
1
0
2
0
3
3
0
2
0
2
2
1
0
0
1
0
0
3
0
0
0
0
0
2
1
1
1
3
1
1
1
0
0
2
1
1
0
2
0
1
1
1
1
1
2
0
2
0
2
0
2
1
2
1
0
1
1
2
0
2
1
3
2
2
1
0
1
0
0
1
2
3
4
2
1
1
1
1
1
0
3
1
2
1
1
2
1
1
1
2
0
2
1
3
3
0
0
0
1
1
1
1
0
0
2
1
3
0
4
0
1
0
1
1
2
1
3
1
1
2
1
2
2
1
0
2
4
2
1
2
2
0
2
1
2
2
0
3
1
0
0
3
0
1
1
1
2
0
0
2
0
0
2
2
2
1
0
3
2
1
1
1
0
2
0
3
2
2
1
2
0
1
0
2
1
0
1
0
2
1
1
1
0
2
1
2
0
1
1
1
1
3
2
2
0
1
1
2
1
0
0
1
1
2
0
1
2
0
0
1
0
1
2
0
3
2
0
2
2
0
0
0
1
2
0
1
0
0
1
3
1
4
1
0
5
1
1
1
3
0
0
1
2
0
1
1
1
1
0
1
1
2
0
3
2
1
1
2
1
1
1
2
0
0
2
2
1
0
1
0
0
2
3
2
0
2
1
1
2
1
1
4
0
1
0
1
2
0
1
0
2
0
3
2
0
0
2
0
0
1
0
0
1
0
1
1
0
0
2
1
1
1
1
1
1
0
1
0
2
0
1
1
1
0
0
0
1
0
1
0
1
2
1
0
1
2
2
0
1
2
2
2
0
1
1
1
2
0
0
0
1
0
1
1
0
1
0
4
2
2
1
0
1
1
0
1
1
0
0
1
2
1
1
0
2
0
1
0
0
0
0
2
1
0
1
0
0
1
0
1
1
0
0
0
1
0
1
2
1
0
1
1
1
2
3
1
0
1
0
1
0
1
4
0
0
0
1
2
0
0
2
1
1
2
1
0
0
0
1
0
0
3
2
0
1
1
0
1
0
1
1
0
2
3
0
1
2
0
1
0
0
0
2
1
1
0
0
0
1
1
1
1
1
0
0
0
2
0
1
2
1
0
1
1
0
1
1
2
0
2
1
1
1
1
1
0
1
0
2
1
1
0
0
1
2
1
1
0
1
1
1
0
0
1
0
0
1
1
0
0
0
0
0
1
0
0
1
0
0
1
0
1
0
0
0
2
1
0
1
2
0
1
2
0
1
1
0
1
0
0
0
1
0
0
1
0
1
0
0
1
1
0
0
0
1
0
0
1
0
0
0
0
0
1
0
0
1
3
0
0
1
0
1
1
0
0
1
0
1
1
0
1
0
0
0
1
0
1
0
0
0
0
0
1
0
0
0
1
0
0
0
1
0
2
0
0
1
1
0
0
1
0
2
0
0
1
0
1
2
1
0
0
1
1
1
0
1
0
0
0
1
0
0
2
2
1
1
2
0
0
0
0
1
1
1
0
0
0
1
1
1
0
1
1
1
0
0
1
1
0
1
2
0
0
0
0
1
2
1
2
0
0
0
0
1
1
0
0
0
0
2
1
2
1
0
1
2
2
0
0
0
3
2
1
0
0
3
1
1
1
2
2
0
1
2
0
2
0
0
3
1
0
0
1
0
0
3
1
2
2
0
1
1
0
1
1
2
0
2
1
3
0
2
0
0
0
0
1
0
2
1
0
0
1
0
0
2
0
1
0
0
1
2
0
1
1
1
0
0
0
1
4
2
0
1
0
1
1
2
1
1
2
2
0
0
0
1
1
1
1
1
1
1
0
0
1
0
1
0
0
0
1
1
1
0
1
0
1
1
0
0
1
0
3
2
1
0
1
1
0
0
0
0
0
0
0
1
0
0
0
1
1
0
2
0
0
0
0
1
0
0
0
2
0
2
0
1
1
0
0
0
1
2
0
0
2
2
0
1
1
1
2
1
0
1
1
1
0
0
0
0
0
0
0
0
1
0
0
0
0
0
0
0
2
1
1
0
0
0
1
0
2
0
1
0
0
0
1
2
2
0
0
2
1
0
0
0
0
1
1
1
0
0
0
1
0
0
1
2
0
0
0
1
0
0
0
0
0
0
0
0
0
0
0
1
2
1
1
0
0
0
2
1
1
0
2
0
0
0
1
0
0
1
1
2
0
0
0
0
0
0
1
1
0
0
0
0
0
0
0
0
0
1
2
0
1
0
1
0
0
0
1
1
3
0
1
0
1
0
2
1
1
1
0
0
1
1
0
0
1
1
2
2
0
0
0
1
0
1
0
1
0
0
1
1
0
2
0
1
0
1
2
0
0
0
1
0
0
1
1
1
0
0
1
0
0
0
0
1
0
0
0
0
0
0
0
1
1
1
2
0
1
0
1
0
0
2
1
0
1
1
3
0
0
0
0
0
0
1
0
0
0
1
1
0
0
0
1
2
1
1
0
0
1
0
0
0
1
0
0
2
2
0
0
0
3
1
0
0
1
0
0
0
0
1
1
0
1
1
0
0
0
0
0
0
0
0
0
1
1
1
4
0
2
0
1
1
0
1
0
3
0
0
1
0
0
0
0
0
0
0
1
0
1
1
0
0
0
0
1
0
0
1
1
0
0
0
0
0
1
1
0
0
0
0
0
0
2
0
1
0
0
1
0
1
1
0
1
0
0
1
1
0
0
0
0
0
0
0
0
0
0
0
0
0
0
0
0
1
1
1
0
0
0
0
1
1
0
0
1
0
0
1
0
0
0
0
0
1
0
0
0
0
0
0
1
1
1
0
1
0
0
0
0
0
0
0
1
1
0
1
0
1
0
0
1
0
2
0
0
0
0
0
1
1
0
0
0
1
0
0
0
0
0
0
0
1
1
1
1
0
0
0
0
0
0
0
0
1
0
0
0
0
1
0
0
1
1
0
0
1
0
0
0
0
0
0
2
2
0
0
0
1
0
0
0
0
0
0
1
0
0
0
0
0
2
0
0
0
0
0
1
0
1
1
0
0
0
0
2
1
1
1
0
1
0
0
0
0
0
0
0
2
1
0
0
0
2
0
0
0
0
2
0
0
0
1
0
1
1
1
1
0
1
0
0
0
1
0
0
0
0
1
1
0
1
0
0
1
1
0
2
1
0
1
1
1
0
0
0
1
0
0
2
0
0
0
1
1
1
1
2
0
1
1
1
0
1
0
0
1
0
0
0
2
1
1
3
1
0
3
2
0
0
0
1
0
1
0
0
0
0
0
0
0
0
0
0
0
0
1
0
3
0
0
0
0
0
0
2
0
1
0
1
0
1
0
1
1
1
0
0
1
1
2
1
0
0
0
0
0
0
0
0
2
1
2
2
0
0
0
1
2
0
3
0
0
0
0
0
1
0
2
2
0
1
1
0
0
1
2
0
2
0
0
2
0
0
0
0
0
2
0
1
2
0
1
0
0
0
1
2
0
2
1
0
1
3
0
0
0
0
2
2
1
0
1
1
0
1
0
1
0
0
1
0
0
0
0
2
1
0
0
0
0
2
1
0
0
1
0
1
1
0
0
3
0
0
1
2
0
1
3
0
0
3
1
1
2
0
1
0
3
0
0
2
0
1
1
2
0
0
1
0
1
3
1
1
0
0
0
0
1
1
0
0
0
0
0
1
1
0
2
2
3
0
1
0
2
2
0
0
2
1
0
0
1
0
1
1
0
1
0
1
1
3
1
0
1
0
1
0
0
1
2
0
0
0
0
0
0
1
1
0
0
0
0
0
2
1
1
0
0
2
1
0
1
0
0
0
1
0
0
0
0
1
0
1
0
0
0
0
1
0
0
0
0
0
0
0
1
0
0
2
0
0
0
0
1
2
0
1
0
0
2
0
1
0
0
2
0
0
1
0
0
0
0
1
0
0
0
0
0
1
0
0
0
1
1
0
0
0
0
0
0
0
0
0
0
0
0
0
1
0
0
0
0
0
0
1
0
0
0
0
0
0
0
0
0
1
0
0
1
0
0
0
1
1
0
0
0
1
0
0
0
0
2
1
0
1
1
0
1
0
0
0
0
0
0
0
0
0
0
0
0
0
0
0
1
0
0
0
0
0
0
0
0
0
0
0
0
0
1
0
0
0
0
1
0
0
1
0
0
0
0
0
0
0
0
0
0
2
0
0
0
0
2
0
0
0
0
0
0
0
1
0
2
0
