0
0
0
0
0
0
0
0
0
0
0
0
0
0
0
0
0
0
0
0
0
0
0
0
0
0
0
0
0
0
0
0
0
0
0
0
0
0
0
0
0
0
0
0
0
0
0
0
0
0
0
0
0
0
0
0
0
0
0
0
0
0
0
0
0
0
0
0
0
0
0
0
0
0
0
0
0
0
0
0
0
0
0
0
0
0
0
0
0
0
0
0
0
0
0
0
0
0
0
0
0
0
0
0
0
0
0
0
0
0
0
0
0
0
0
0
0
0
0
0
0
0
0
0
0
1
0
0
0
0
0
0
0
0
0
1
0
1
0
0
0
0
0
1
0
2
0
1
0
1
3
0
2
0
1
1
1
2
2
4
0
2
4
2
3
2
2
5
9
5
3
9
8
10
12
17
17
13
23
15
26
21
26
33
46
34
33
42
44
40
45
52
49
60
61
64
67
66
70
68
85
81
89
90
100
83
93
79
79
87
91
78
63
80
80
70
91
78
86
73
67
80
86
75
79
81
70
81
94
94
70
95
71
101
84
69
78
62
84
80
77
97
83
77
71
58
72
89
88
79
73
66
81
63
72
78
69
68
78
87
87
74
84
71
73
74
85
65
78
89
96
100
77
69
88
88
81
77
82
74
73
80
75
103
73
66
83
94
83
92
79
75
95
99
99
78
106
107
98
98
80
89
75
100
103
84
101
100
90
95
119
93
81
94
74
96
80
90
84
86
70
84
82
113
93
77
80
90
85
102
111
80
90
89
87
95
91
100
88
100
94
86
90
97
84
87
92
96
88
85
90
81
88
78
80
85
79
89
102
87
82
104
84
87
89
86
71
71
75
97
74
69
87
73
75
78
78
85
68
68
81
76
88
77
78
72
61
64
83
68
81
88
86
69
68
74
75
69
76
70
56
62
73
72
70
73
68
65
76
92
86
73
72
66
55
68
72
73
73
73
60
63
61
70
69
74
77
72
71
78
57
65
60
73
61
74
62
72
56
70
91
59
88
59
69
60
67
54
78
68
65
73
58
62
79
69
68
62
79
61
64
76
78
56
71
83
64
85
65
66
57
63
59
69
63
66
65
67
64
63
61
65
67
68
70
66
63
71
67
63
69
74
54
55
69
61
69
46
49
55
62
62
51
73
68
54
58
63
59
67
69
67
61
54
72
66
66
53
76
44
72
67
44
67
62
45
60
61
45
67
67
60
47
49
55
49
61
69
72
77
49
65
54
58
61
66
53
62
66
47
78
75
52
53
59
62
58
58
50
50
62
63
53
67
49
49
61
58
56
53
62
44
63
40
62
45
71
51
60
37
57
48
52
58
62
47
46
50
41
48
56
54
44
59
59
58
50
40
41
36
51
42
57
30
41
47
50
41
48
57
59
43
43
47
43
42
52
54
40
59
50
51
54
42
42
43
40
52
35
38
50
47
40
58
52
40
45
31
43
47
47
36
48
42
38
40
32
39
46
52
37
38
31
42
39
47
46
42
26
35
41
36
32
45
38
45
46
48
43
45
47
46
45
43
32
35
27
37
51
43
42
31
35
38
37
32
30
36
39
27
35
33
32
38
40
28
40
40
44
46
29
33
31
30
35
30
28
36
31
34
37
22
30
25
34
25
31
29
44
29
29
28
22
33
25
31
31
31
28
22
31
24
28
32
25
19
20
17
26
27
23
36
22
30
24
21
27
20
24
31
20
38
24
22
23
24
16
30
22
19
25
31
24
18
19
24
23
21
35
25
24
21
21
28
32
24
16
20
28
26
27
27
23
18
19
27
24
11
13
20
19
18
20
24
21
18
26
20
22
28
18
22
15
25
23
15
28
22
27
28
15
18
25
21
19
24
24
20
21
25
24
18
20
15
12
13
14
14
20
8
19
15
14
17
23
25
15
15
23
22
19
20
14
22
21
13
12
24
21
21
24
21
17
13
17
22
20
9
17
16
18
22
22
15
19
17
13
21
13
25
18
26
15
19
21
21
15
19
6
10
13
22
14
19
19
13
26
18
21
10
20
10
15
23
21
23
19
24
18
16
18
13
19
17
14
18
10
19
17
19
10
11
13
12
22
16
14
13
12
11
16
16
14
16
17
18
11
16
19
13
18
19
16
21
10
17
15
22
16
22
15
19
14
12
13
12
7
11
16
7
9
12
17
15
18
11
13
11
11
15
18
17
14
12
15
17
7
17
10
11
12
10
14
12
12
15
10
6
18
13
18
16
21
17
5
18
18
16
15
13
9
16
15
12
5
17
10
13
10
13
14
12
15
16
15
12
7
18
10
14
16
12
14
15
16
12
13
13
7
19
10
13
12
10
7
15
15
13
8
8
9
15
15
7
17
16
19
15
15
11
8
12
13
7
16
11
5
13
17
12
11
13
12
10
14
11
11
9
10
14
12
8
12
10
4
9
11
18
15
10
14
12
12
16
13
10
17
8
11
12
7
18
18
8
9
6
11
20
6
16
14
9
11
13
14
16
13
13
12
11
6
14
10
12
14
12
14
11
3
9
9
7
14
6
10
13
12
12
10
12
11
13
9
13
11
12
12
13
11
6
7
8
14
9
6
12
9
11
5
5
8
8
9
11
7
14
7
6
14
13
10
10
11
9
7
11
12
9
14
9
13
13
11
10
10
14
11
9
6
7
14
9
12
8
9
14
12
13
15
10
7
2
15
15
7
13
12
9
12
5
15
13
12
9
16
11
8
8
8
12
8
15
9
10
9
11
3
7
14
6
8
13
9
13
8
10
11
12
7
10
7
11
7
9
17
10
12
13
12
5
8
13
7
9
10
8
5
7
5
6
6
8
7
12
9
8
13
8
6
9
9
10
5
8
9
14
5
9
7
14
10
14
4
12
6
6
4
10
7
9
8
4
12
13
8
6
8
4
10
7
9
5
4
14
7
10
4
6
14
3
4
7
7
7
8
7
10
2
8
4
10
7
8
4
9
7
5
5
5
5
9
10
12
14
3
6
3
6
5
14
11
8
3
3
8
3
7
4
7
6
6
11
3
5
7
5
1
3
4
10
7
6
6
8
8
7
8
5
11
6
7
2
2
7
4
6
6
6
5
5
3
10
3
6
4
10
6
6
2
7
6
4
6
4
4
6
7
6
4
7
2
2
6
5
3
10
4
3
8
2
3
4
4
3
6
2
9
4
4
3
10
5
5
1
5
2
8
4
3
3
10
1
5
4
7
4
3
6
5
6
3
8
5
5
7
12
4
7
4
5
2
6
5
6
9
7
3
5
3
5
2
7
8
11
4
2
5
4
3
5
6
6
4
6
5
3
3
6
5
5
9
6
6
5
5
7
6
6
3
4
4
5
9
8
8
4
1
5
3
10
7
3
8
1
3
4
3
8
3
2
7
5
9
3
8
5
3
7
3
7
6
2
1
1
2
7
3
7
2
1
3
4
2
2
2
4
3
3
5
2
5
4
5
0
10
3
4
4
3
3
7
4
3
1
0
3
4
4
6
5
6
7
5
3
7
4
4
4
9
5
0
5
4
4
2
6
6
4
3
5
5
3
3
3
3
1
2
3
3
3
4
9
3
6
7
4
5
3
1
4
6
4
3
5
3
6
5
5
5
5
6
4
8
6
5
4
2
2
3
9
4
3
4
4
8
3
2
7
0
2
3
7
4
4
9
7
4
6
1
4
7
5
10
6
6
11
4
11
4
6
4
6
8
4
3
5
4
7
11
7
7
6
7
6
3
6
7
11
9
10
8
11
6
6
10
12
11
5
8
6
5
9
7
6
5
12
10
11
6
6
7
6
5
12
10
14
7
9
8
10
9
6
6
14
12
16
10
7
13
2
6
13
9
23
10
10
8
17
11
11
13
6
9
8
18
12
14
18
17
9
9
18
15
8
16
15
8
11
17
13
13
20
16
13
14
16
19
12
18
26
25
16
19
14
21
19
25
16
22
19
23
21
23
25
29
27
19
20
19
21
29
22
18
22
23
28
25
29
28
30
31
34
28
26
25
38
33
29
34
30
37
31
27
35
32
37
23
30
31
29
22
48
32
29
32
41
29
24
31
20
29
37
30
33
37
28
22
29
39
33
21
36
31
37
32
25
31
35
31
36
27
35
47
24
26
29
35
31
37
28
25
32
32
16
34
24
29
37
28
21
24
33
33
30
33
22
29
28
28
28
22
25
30
19
29
29
26
27
23
28
21
28
23
22
23
24
13
17
21
27
14
18
19
22
19
17
21
23
15
20
12
19
15
9
19
7
24
16
10
18
11
12
14
15
13
12
10
19
10
16
5
14
5
9
9
6
10
13
7
13
12
12
6
7
9
6
7
3
5
8
5
2
6
8
12
6
9
4
4
9
7
7
4
5
9
4
9
4
4
7
7
6
3
4
5
4
2
3
4
4
9
4
6
5
4
2
2
5
3
6
2
3
2
5
4
6
4
3
2
3
3
1
2
1
3
2
3
3
3
1
5
2
1
2
2
2
3
0
0
2
1
3
3
0
7
3
1
2
1
4
2
2
2
2
5
2
6
1
1
1
2
4
2
1
0
2
5
1
0
3
1
2
1
2
3
2
4
1
2
1
0
2
0
2
0
1
1
2
2
1
4
1
2
3
0
2
0
0
1
0
2
1
2
0
2
0
2
0
3
5
0
2
2
1
2
2
1
0
0
0
1
0
3
1
1
2
1
1
2
1
1
2
1
1
2
0
1
0
3
1
0
0
1
2
0
1
2
1
3
3
1
2
2
1
0
2
2
4
1
0
2
2
0
2
3
1
1
3
3
2
0
1
0
0
2
0
1
0
2
1
0
0
2
0
0
2
2
0
1
1
2
1
0
5
1
3
2
1
1
4
5
1
1
0
0
2
0
1
1
2
2
1
3
3
2
3
0
1
1
1
2
1
0
0
4
0
2
1
3
1
1
3
4
1
0
0
0
0
0
0
0
3
0
1
1
2
2
0
0
2
2
0
1
3
1
1
1
1
0
0
0
2
1
0
0
1
3
0
3
1
0
4
1
3
2
0
0
1
4
0
2
5
2
2
1
0
0
1
1
0
0
3
3
1
1
0
0
2
0
0
1
1
1
2
0
1
2
4
3
1
3
1
1
2
2
1
1
2
1
0
3
1
1
1
1
3
2
4
0
1
2
0
0
0
1
1
3
2
1
1
1
0
3
0
0
0
3
2
0
1
1
1
2
2
0
1
1
2
0
0
4
0
2
1
1
0
2
1
0
1
1
1
0
3
2
2
1
1
2
0
1
2
2
0
0
0
0
2
5
1
1
0
1
1
0
1
0
3
1
2
0
0
2
1
1
3
0
1
3
1
1
1
0
0
1
1
2
2
2
1
1
0
0
0
2
2
0
1
0
0
1
1
1
0
0
1
0
2
1
1
2
1
1
1
0
1
1
1
1
1
2
0
0
1
0
1
0
0
1
2
1
2
1
0
3
2
4
0
0
3
3
0
2
3
2
1
0
1
2
2
0
1
3
1
0
0
1
2
1
1
1
1
2
4
1
2
1
0
0
2
0
1
1
0
2
4
0
1
2
0
1
2
1
2
2
2
0
0
1
1
0
2
0
1
2
0
3
2
2
3
2
0
1
0
3
2
2
0
2
0
3
0
1
2
2
2
4
0
2
1
3
1
0
3
2
1
0
1
3
1
0
4
3
1
2
3
3
0
0
1
2
1
1
2
2
0
0
0
1
0
0
1
1
1
0
0
1
2
1
2
4
0
0
2
2
0
0
0
1
0
1
1
3
1
1
4
1
2
1
1
3
1
0
0
0
2
1
1
1
0
2
1
1
4
0
2
1
3
1
4
0
3
0
1
1
1
1
2
0
1
0
2
1
2
1
3
0
1
2
1
1
0
2
1
0
0
1
1
0
3
1
0
0
1
1
1
2
0
1
1
0
1
2
2
1
1
2
2
2
1
3
0
0
0
1
1
1
1
1
1
1
1
1
2
0
3
1
0
1
0
0
0
0
1
0
1
0
2
0
1
0
0
0
0
0
0
1
0
3
1
0
0
0
3
1
1
3
2
0
0
2
1
0
0
2
0
0
1
2
1
1
0
1
1
2
2
1
0
0
0
0
2
0
0
0
1
3
0
0
2
0
1
0
1
0
2
0
1
1
1
3
0
0
1
1
0
2
0
2
1
1
0
1
1
0
2
6
3
0
0
1
2
0
1
0
1
0
0
0
0
1
0
0
0
3
1
1
1
0
0
3
0
0
0
1
0
1
1
1
2
0
0
1
1
0
0
2
0
0
0
0
0
0
0
0
1
1
1
3
1
0
1
0
1
1
0
1
2
0
1
1
0
1
3
1
1
0
0
2
0
2
0
2
1
2
0
2
0
3
2
0
1
2
0
1
2
2
0
1
1
0
0
0
0
1
1
4
1
4
0
0
3
1
1
1
0
2
0
0
0
0
2
1
0
2
0
1
1
3
0
0
1
0
0
1
1
3
0
1
0
0
1
1
1
0
0
1
2
1
1
1
0
0
0
3
1
1
0
2
2
0
3
1
1
0
0
1
0
0
0
1
4
0
0
1
2
1
0
1
0
0
0
1
1
0
0
2
2
1
1
1
1
0
1
0
0
1
0
1
0
1
0
0
1
0
3
0
0
1
2
1
0
0
2
0
1
0
0
3
0
0
0
0
1
2
1
1
0
1
1
1
2
1
2
1
0
0
0
2
0
0
1
0
0
1
0
1
1
0
2
0
2
1
0
0
1
1
0
2
1
2
1
0
1
1
0
1
0
0
0
1
2
0
1
1
1
1
2
0
0
0
3
0
2
0
2
1
3
1
0
0
0
1
0
1
1
1
1
0
0
1
1
1
3
0
0
1
1
2
0
1
0
0
1
0
1
1
0
0
1
0
3
0
2
0
0
1
2
0
0
2
0
0
1
0
0
2
2
1
0
0
0
1
0
0
1
1
1
2
1
1
2
0
0
0
1
0
1
1
0
0
0
0
1
0
1
0
0
0
1
0
0
0
2
1
0
1
0
0
0
1
0
2
0
1
1
0
0
0
0
1
1
0
0
1
1
2
0
1
0
0
0
1
1
0
4
1
0
1
0
0
1
0
0
1
1
0
0
0
1
0
2
0
1
0
1
2
0
0
2
0
1
1
0
1
2
0
1
0
1
0
2
1
1
0
0
0
0
0
1
1
0
1
1
2
1
1
0
0
1
1
0
0
0
1
2
1
0
0
0
1
1
0
0
0
2
2
2
0
1
2
0
1
1
2
1
1
0
2
0
0
1
0
1
0
0
1
3
0
1
0
2
2
0
1
0
1
0
0
0
1
0
1
0
0
2
2
1
2
1
1
2
0
0
1
0
1
1
1
0
1
0
3
1
0
0
1
1
2
2
1
2
0
0
1
0
0
1
0
0
1
1
0
2
2
0
1
3
0
0
0
1
0
1
0
1
0
0
0
0
2
0
2
1
0
0
0
0
0
1
0
0
0
0
2
0
0
0
3
2
0
0
0
0
0
0
3
0
1
1
0
1
1
0
0
1
0
0
0
1
0
2
0
0
0
1
0
0
0
0
1
0
0
0
1
1
2
0
0
0
1
0
0
1
1
0
0
0
1
0
0
0
0
2
0
0
0
0
1
1
1
1
1
1
0
0
0
0
2
0
0
0
0
1
0
2
0
0
2
0
0
0
0
0
0
0
0
0
1
0
0
0
0
2
1
0
1
1
0
1
0
0
0
2
1
0
0
0
0
0
0
1
2
0
3
0
0
0
0
0
0
0
0
0
0
1
1
0
0
0
2
0
0
1
1
2
0
1
0
0
0
1
0
2
0
0
0
0
0
0
0
0
0
0
0
0
1
0
0
0
1
1
0
0
1
1
0
0
0
1
0
1
1
0
1
0
0
1
1
0
0
1
2
0
0
0
0
0
1
1
0
0
0
0
0
1
0
0
0
0
0
1
0
1
0
1
0
0
0
0
1
0
0
0
0
0
2
0
1
0
1
0
0
1
0
1
0
0
2
0
0
0
0
0
0
0
1
1
0
4
0
0
0
1
1
0
2
1
0
0
0
0
0
0
0
0
1
2
1
0
1
0
1
1
0
1
1
0
1
1
0
1
1
0
0
1
1
0
0
0
0
1
1
2
1
1
1
1
0
0
1
0
0
1
1
1
0
1
1
2
1
2
0
1
0
1
1
0
0
0
1
1
2
0
1
0
0
0
3
0
0
1
0
0
1
0
0
2
0
0
1
0
0
1
1
1
2
1
2
1
0
0
1
0
0
0
0
1
0
0
0
0
0
2
0
2
0
0
1
0
1
1
0
0
2
0
1
2
2
0
0
0
1
3
0
0
1
0
0
1
0
1
0
0
2
1
0
0
0
0
2
1
0
2
1
0
0
1
0
0
0
1
0
2
0
1
0
0
3
1
2
0
0
2
1
0
1
0
0
2
1
0
1
0
3
1
0
2
2
2
0
0
2
0
0
1
1
1
1
4
0
3
1
2
1
0
1
1
2
0
0
2
0
2
1
2
1
0
0
0
0
0
0
0
0
1
2
1
1
0
3
1
2
2
1
2
0
1
1
0
0
1
2
1
0
0
1
1
0
0
1
1
1
1
3
1
0
0
0
1
1
0
0
0
0
0
1
0
0
1
1
2
1
4
0
0
0
0
0
1
0
0
0
1
0
1
1
0
2
1
0
1
0
0
0
2
1
1
0
0
2
1
0
0
1
0
1
0
0
0
0
0
0
0
0
0
1
0
1
0
0
1
0
0
0
0
1
1
1
1
0
1
1
0
0
1
0
1
0
0
0
0
1
0
0
0
0
0
3
1
1
2
1
0
1
0
0
0
0
1
0
1
0
0
0
0
1
0
0
0
1
1
1
0
0
1
1
0
0
0
0
0
1
0
0
0
0
0
0
1
2
0
0
0
1
0
2
1
0
0
0
3
0
1
1
1
1
2
1
0
0
0
0
0
0
0
1
0
0
0
0
1
1
1
0
0
1
0
0
1
2
1
0
0
1
2
0
1
0
1
0
0
1
0
0
0
0
1
0
1
0
0
1
0
1
0
0
1
0
0
0
0
2
1
0
0
0
1
0
1
0
0
0
0
1
1
1
0
0
1
0
0
0
0
1
1
0
0
0
0
0
1
0
1
1
0
0
0
0
0
0
0
0
0
0
0
2
1
1
0
0
1
0
0
1
0
0
0
0
0
0
0
0
0
2
0
0
0
0
1
0
0
0
0
1
0
0
0
0
0
0
0
0
0
1
0
