0
0
0
0
0
0
0
0
0
0
0
0
0
0
0
0
0
0
0
0
0
0
0
0
0
0
0
0
0
0
0
0
0
0
0
0
0
0
0
0
0
0
0
0
0
0
0
0
0
0
0
0
0
0
0
0
0
0
0
0
0
0
0
0
0
0
0
0
0
0
0
0
0
0
0
0
0
0
0
0
1
0
0
0
0
0
0
0
0
0
0
0
0
0
0
0
0
0
0
0
0
0
0
0
1
0
0
0
0
0
0
0
1
0
0
0
0
0
0
1
0
1
0
2
0
0
0
0
0
0
0
0
0
0
0
0
0
0
1
0
0
1
0
0
0
1
0
0
1
1
1
2
0
1
1
1
2
2
1
0
3
2
6
4
7
1
2
7
7
5
8
12
9
6
15
12
12
13
20
18
19
30
31
29
34
46
45
34
33
50
61
53
53
73
84
78
66
81
81
81
59
77
77
75
92
80
77
83
78
106
74
87
77
88
84
74
90
86
95
74
90
90
76
72
83
65
78
71
90
86
82
84
79
71
97
69
71
73
75
78
77
67
81
65
74
73
66
69
70
75
73
87
72
72
76
87
77
82
72
82
63
65
66
72
83
75
75
72
82
67
92
76
81
95
92
74
90
89
86
65
78
75
76
82
87
103
75
109
85
71
87
78
115
97
85
84
94
94
102
108
101
85
112
101
81
101
106
100
84
106
107
91
106
108
114
78
94
104
99
90
102
88
105
98
98
83
63
96
80
112
98
112
93
86
101
107
71
100
98
98
89
91
99
106
62
92
82
81
91
89
91
83
86
83
81
95
80
63
74
76
83
63
85
86
84
87
84
82
70
69
77
69
76
83
87
70
69
70
58
77
84
63
80
70
86
76
78
77
79
83
67
78
60
77
70
75
69
82
68
53
68
75
73
68
63
74
64
86
88
88
69
62
71
72
62
71
83
77
53
69
67
62
60
60
69
73
66
71
75
68
78
71
89
81
80
59
77
77
86
66
68
60
51
73
63
72
64
56
74
76
63
70
68
66
74
60
71
68
59
59
54
59
68
67
73
58
71
65
62
71
74
76
76
58
67
53
60
61
71
61
67
65
45
68
56
63
78
75
63
54
61
65
60
65
58
70
69
65
67
47
55
57
61
59
74
69
70
46
67
56
75
66
64
56
53
57
53
86
50
49
61
46
56
65
61
49
64
65
61
58
62
78
72
51
66
46
59
58
54
65
65
62
61
68
42
68
42
63
59
69
72
52
47
65
63
64
50
63
57
63
58
60
55
52
55
64
50
60
57
55
62
51
58
80
55
57
48
43
36
48
60
59
49
57
49
50
50
51
38
54
48
52
55
58
58
44
51
52
59
63
55
50
53
58
47
40
54
32
58
55
51
49
40
50
54
73
50
48
50
43
42
51
64
39
49
35
37
41
47
57
43
56
46
40
35
52
39
49
47
45
50
45
57
45
41
48
48
47
45
49
32
29
47
29
42
40
36
43
39
42
34
33
42
41
39
36
35
37
34
47
37
37
39
36
28
34
30
44
48
39
35
38
35
37
35
44
31
35
38
32
43
24
35
24
37
46
25
34
36
33
33
32
26
29
31
36
42
31
34
36
48
35
37
36
27
37
21
30
25
29
27
33
24
29
28
20
27
24
31
26
25
23
23
17
24
23
22
24
33
32
23
27
35
27
27
26
38
22
17
20
24
24
27
21
22
29
24
32
22
23
19
18
17
31
22
25
21
22
22
22
30
17
28
31
25
27
34
22
15
18
20
21
28
18
18
20
19
20
18
26
19
24
23
25
27
24
18
18
25
22
22
30
25
24
23
25
16
14
23
15
26
26
21
21
24
18
16
24
20
23
22
14
24
23
26
14
19
25
17
20
24
24
30
17
16
20
24
19
27
24
15
20
19
19
24
15
13
23
18
15
19
18
28
17
15
18
20
21
20
19
20
21
19
22
22
15
20
14
15
23
18
29
19
24
16
22
14
21
22
17
14
9
20
11
13
20
15
16
13
20
14
15
15
18
20
15
22
18
11
11
22
21
17
16
21
24
14
27
13
22
9
18
19
14
14
13
28
18
25
21
16
18
20
16
18
14
20
16
18
19
20
17
16
12
16
17
16
14
23
14
20
14
14
15
18
17
12
14
18
16
18
21
18
20
30
16
15
12
17
13
16
7
17
21
18
7
19
17
16
10
20
16
23
15
16
20
16
17
12
16
17
20
9
19
14
15
15
15
20
9
16
16
11
14
14
23
16
20
16
16
12
16
19
17
15
11
10
10
18
15
20
15
12
18
16
20
16
15
12
17
15
14
12
20
20
15
14
20
16
20
12
16
14
13
12
14
21
22
16
18
7
12
17
14
12
13
10
15
11
13
16
10
11
9
17
9
10
13
16
18
13
17
17
16
10
12
14
16
11
13
15
15
8
16
11
13
15
11
6
13
10
13
15
12
6
13
18
11
15
14
16
13
12
17
16
16
15
14
13
16
13
9
3
15
13
13
14
14
8
7
6
12
14
8
14
12
6
12
15
16
19
13
9
11
12
18
10
12
7
12
6
13
12
5
15
9
9
11
9
12
8
7
12
10
13
10
14
8
10
16
10
11
13
10
8
15
16
10
7
17
11
9
9
11
10
16
7
14
12
13
12
12
11
10
13
14
12
11
6
8
15
13
11
12
9
12
9
14
7
6
11
12
7
15
7
17
13
10
5
12
8
5
10
12
18
13
9
12
17
5
13
9
11
14
9
10
9
10
8
13
6
11
10
8
8
5
4
12
9
6
11
11
10
13
16
13
9
7
7
11
11
13
7
9
5
9
11
9
9
14
19
9
8
12
12
7
6
9
7
10
7
11
10
5
11
8
10
8
7
9
8
9
9
8
11
18
10
10
4
12
6
5
12
8
8
14
5
10
6
10
11
12
5
12
8
12
5
5
6
7
9
7
4
12
8
10
2
12
6
11
6
7
9
9
7
5
5
9
11
6
9
9
2
14
6
7
3
7
8
5
6
8
2
5
11
3
8
5
7
7
6
8
8
4
6
5
4
6
6
3
9
6
7
8
4
5
13
7
7
8
4
5
8
9
6
8
8
12
14
3
6
4
6
6
3
6
2
4
4
9
9
3
7
6
2
9
5
6
6
5
2
7
6
3
3
6
6
0
4
2
9
5
9
3
5
5
4
5
4
3
5
8
4
7
5
5
5
4
4
4
7
0
5
4
2
3
8
5
2
1
5
4
3
5
10
3
7
9
8
5
5
8
2
4
4
8
4
3
2
4
4
4
8
2
3
7
4
5
5
5
7
3
5
8
1
8
5
3
5
7
3
3
2
7
3
9
3
4
9
6
3
7
7
8
3
4
7
5
2
4
2
2
8
1
3
7
6
7
4
5
6
3
7
2
8
7
7
3
2
5
3
1
5
9
4
6
5
2
4
4
1
5
3
8
4
0
4
5
5
6
4
4
3
3
5
5
2
3
3
2
8
4
5
2
3
5
9
8
7
3
2
5
3
3
9
7
4
9
1
3
4
4
4
8
7
4
3
6
3
2
0
2
7
5
10
6
8
3
2
3
3
7
7
1
4
4
2
4
1
5
6
5
6
5
6
3
2
5
4
8
3
3
3
7
8
6
7
3
5
1
5
5
8
9
5
4
2
3
5
7
6
9
4
10
6
11
7
4
2
5
1
7
4
6
6
7
3
8
6
6
6
12
3
9
6
8
7
3
4
5
6
5
9
7
5
6
8
5
4
6
8
7
10
13
6
5
11
6
6
8
5
8
9
10
11
10
4
14
8
16
11
11
11
8
5
6
18
6
8
10
11
17
4
17
15
14
10
15
12
12
10
8
14
8
10
23
15
19
18
13
15
9
19
14
12
19
17
25
12
16
26
17
21
19
19
29
26
23
20
17
19
20
19
23
17
15
25
22
25
28
25
25
17
28
14
30
29
28
22
22
19
23
32
21
23
34
32
38
34
37
25
32
30
39
32
39
40
27
42
22
30
29
37
36
31
44
31
39
30
32
34
30
37
35
32
41
37
29
28
35
42
29
40
32
31
49
36
42
38
29
34
30
31
30
28
30
35
33
37
34
37
34
37
35
32
39
31
38
32
31
30
31
39
36
40
31
42
41
34
42
30
28
39
37
27
26
22
24
25
30
36
25
29
30
25
24
31
26
31
29
28
27
22
20
27
39
20
31
26
21
25
27
14
21
27
19
18
18
32
19
29
11
20
24
20
16
25
15
18
11
19
9
18
17
17
17
14
11
16
17
20
11
12
14
9
14
11
13
13
8
16
10
8
11
12
7
11
12
10
8
9
7
5
5
7
5
9
10
9
5
7
8
10
6
8
6
2
8
3
4
6
2
6
4
4
4
3
5
3
5
6
6
4
4
4
6
1
6
4
4
3
4
2
3
0
3
5
3
1
1
6
3
6
5
0
4
1
3
4
0
1
3
2
3
2
1
2
1
2
1
3
4
2
3
2
3
1
3
3
4
2
1
4
4
4
2
3
2
2
2
0
1
1
5
0
5
1
0
2
2
2
1
3
2
5
0
3
5
1
3
2
2
5
3
2
4
0
1
2
0
1
0
0
0
0
1
2
2
1
0
4
1
1
1
3
0
1
1
3
1
2
2
0
4
1
0
0
2
3
0
1
3
3
2
1
2
0
0
1
1
0
3
0
1
0
3
0
0
4
5
0
0
2
1
1
1
2
2
0
3
0
1
3
0
0
2
3
1
0
1
1
1
0
0
1
0
1
1
0
1
4
3
0
0
2
1
1
0
1
0
1
3
2
3
0
1
2
0
3
0
0
1
2
1
1
5
0
1
0
2
3
1
3
3
3
2
2
1
0
2
0
2
1
1
1
2
0
2
1
1
1
4
1
3
2
2
2
2
3
1
1
0
3
1
1
1
0
1
1
2
1
1
1
0
2
0
0
2
0
1
0
0
0
1
1
0
0
0
2
1
1
1
2
0
0
0
1
1
1
1
2
0
1
1
0
0
2
1
0
1
0
2
0
3
0
1
2
0
1
1
0
3
1
1
0
0
0
2
2
2
2
2
3
0
3
0
0
1
2
1
1
2
0
1
2
3
1
2
1
0
0
2
1
2
1
0
1
0
1
2
2
1
0
4
3
2
0
0
2
1
3
3
1
3
0
0
0
0
2
2
0
0
0
2
2
0
3
0
2
0
1
2
3
1
1
2
1
3
0
1
1
3
1
1
1
2
0
1
1
2
0
0
0
2
1
1
1
1
1
0
0
3
4
2
1
1
4
1
1
0
1
0
1
1
1
2
1
2
2
1
1
4
1
1
3
2
2
0
0
2
2
3
1
1
1
2
0
1
0
0
3
2
0
1
1
1
0
0
3
1
1
0
1
3
0
0
1
0
1
2
0
1
1
2
0
1
1
0
1
0
1
0
2
4
3
2
0
0
0
1
3
3
1
0
2
0
2
4
1
3
2
0
2
0
2
0
3
1
0
3
2
2
1
3
4
1
1
2
0
3
2
2
1
0
2
2
1
1
4
1
2
0
2
1
2
2
0
0
2
0
2
3
1
1
0
2
0
0
0
2
2
2
1
1
0
1
0
0
1
0
0
3
2
1
1
2
0
1
0
2
1
2
2
1
2
0
2
1
0
0
1
4
1
0
3
0
3
0
2
2
0
2
1
3
2
0
1
1
2
2
0
1
2
4
1
1
0
0
1
0
0
1
1
0
2
2
1
1
0
1
1
0
3
0
1
1
1
2
0
1
1
0
2
2
4
0
1
0
1
0
3
5
2
0
1
3
0
0
1
2
2
0
2
0
1
2
3
2
1
0
3
0
0
3
1
1
2
3
0
2
2
3
2
2
0
0
0
3
1
2
0
0
4
0
2
0
1
0
4
1
2
0
1
1
0
0
1
0
1
0
0
1
3
5
0
2
1
0
1
0
2
2
0
1
0
2
2
1
2
1
1
0
2
1
0
0
1
1
2
2
1
2
2
0
2
0
2
1
1
2
0
3
0
3
1
2
0
1
0
0
0
0
2
1
0
1
0
2
3
0
1
1
1
1
0
1
1
0
1
0
0
1
0
1
0
0
1
0
3
1
0
1
1
2
0
0
0
0
2
0
1
0
0
3
0
2
0
4
0
0
1
1
1
0
1
0
2
1
1
0
0
1
0
0
0
1
1
0
1
2
0
1
0
1
1
0
1
1
0
3
0
1
2
1
0
0
2
0
1
0
1
2
0
0
4
4
2
0
2
0
1
3
0
0
4
2
1
1
0
1
1
2
0
1
0
1
0
0
1
1
2
0
1
1
2
1
1
0
2
0
1
1
1
0
0
0
0
1
2
2
0
0
1
0
3
1
0
0
3
0
0
1
0
2
1
2
0
0
0
1
1
0
0
0
2
0
1
3
1
1
0
0
1
0
1
1
1
0
4
1
0
1
0
1
2
1
1
2
1
0
1
0
0
0
0
2
1
0
2
2
0
0
2
2
1
0
0
0
2
1
1
3
1
0
0
1
0
0
1
0
1
1
0
1
1
1
0
0
1
1
0
2
1
3
0
4
0
4
3
0
0
1
1
2
0
2
0
3
0
1
2
0
0
0
1
0
0
2
0
2
0
0
0
1
3
3
0
1
1
0
2
2
2
0
0
2
0
2
5
1
1
2
1
1
0
0
2
1
3
0
2
0
2
0
1
0
0
0
0
3
1
4
0
1
0
0
1
2
0
1
0
2
0
1
0
1
0
1
1
1
0
0
2
1
2
1
1
0
2
3
1
0
0
0
1
2
0
0
1
2
0
1
0
1
1
1
1
1
1
1
1
0
0
1
1
2
2
2
1
0
1
1
0
0
1
1
2
1
0
0
0
1
2
0
0
0
0
1
0
2
1
0
2
0
0
2
0
0
0
1
0
0
1
1
1
1
0
0
1
1
1
1
0
0
0
0
0
0
1
0
2
2
1
0
0
3
0
1
1
1
0
0
1
0
0
0
1
1
1
0
0
0
0
2
0
1
1
0
0
2
0
0
0
1
0
1
0
0
1
1
1
0
0
1
1
0
1
0
0
0
1
0
0
2
0
0
1
0
0
0
2
0
1
2
0
1
0
1
0
0
0
2
0
0
0
1
2
1
0
0
2
0
1
0
1
0
1
1
0
1
1
0
1
0
1
2
0
0
1
0
2
2
1
0
1
1
1
0
0
2
0
0
0
0
0
1
0
0
1
0
0
2
0
1
2
0
2
0
1
1
1
0
0
0
1
2
0
1
1
0
1
0
1
0
0
0
0
0
0
0
0
2
0
1
1
0
0
0
0
1
0
1
0
0
0
0
0
2
1
0
2
0
0
0
0
0
2
1
1
1
0
0
1
0
1
0
0
0
1
0
0
0
1
0
2
0
1
1
0
0
1
0
1
1
1
1
2
2
2
0
0
1
0
0
0
1
0
2
0
0
0
0
1
0
0
0
0
0
1
2
0
0
0
2
1
0
1
0
1
1
1
0
0
0
0
0
0
0
1
0
1
0
0
0
0
1
0
1
0
1
0
1
0
0
0
0
0
0
2
0
0
0
0
0
0
1
2
1
1
2
0
0
0
0
1
3
1
0
2
0
0
0
0
1
0
0
0
0
0
0
1
1
0
0
0
0
0
1
0
0
0
0
1
0
0
0
0
0
0
1
0
0
0
0
0
1
2
0
0
0
0
0
0
0
1
0
0
0
1
0
2
1
0
1
0
1
0
2
0
0
0
0
0
0
0
1
1
1
0
0
1
1
0
0
0
0
1
0
0
1
0
0
0
0
2
0
0
1
0
1
1
0
0
0
1
2
0
0
0
0
0
0
0
1
0
0
0
0
0
1
0
0
2
0
1
0
0
0
1
1
1
0
0
0
0
1
0
0
1
1
1
2
0
0
0
2
0
0
0
0
0
1
0
1
0
0
0
1
0
0
0
0
0
0
1
1
0
0
0
0
0
0
1
0
0
1
0
2
0
0
0
2
1
1
0
1
0
0
1
1
1
2
0
0
0
0
1
0
0
0
0
0
1
2
0
0
1
1
0
1
0
0
0
1
0
0
0
0
0
0
0
1
0
2
0
0
0
0
3
0
3
1
1
1
0
0
0
1
0
0
1
0
0
0
0
0
1
1
0
2
0
2
0
2
2
1
0
0
1
2
0
0
0
2
0
0
2
0
1
0
1
0
0
2
0
1
0
0
0
2
1
0
2
3
1
1
0
2
0
0
0
0
1
0
0
0
1
0
0
3
0
1
0
1
0
0
1
1
1
2
1
0
0
1
0
2
1
1
0
1
0
1
0
1
0
0
0
1
0
1
0
1
1
0
2
0
1
2
3
0
1
1
1
0
1
0
0
1
0
0
1
1
0
0
1
0
0
0
0
1
0
0
0
0
0
0
0
1
0
1
2
2
0
0
1
2
1
2
1
1
0
1
1
2
0
2
1
0
0
2
1
0
0
1
1
1
0
1
0
0
0
0
1
1
0
1
0
0
3
0
1
1
0
0
0
2
2
0
1
0
2
1
2
4
2
1
1
0
0
3
2
1
0
1
0
0
0
0
2
1
0
1
1
2
0
0
1
1
1
0
0
1
1
0
1
1
2
1
1
0
1
0
0
0
2
1
0
1
0
1
1
2
1
1
0
1
0
1
1
3
0
1
0
2
0
2
0
2
0
0
3
1
1
0
2
1
1
3
1
0
1
0
0
1
4
2
1
2
2
2
0
0
1
1
1
1
0
2
1
1
3
0
1
0
1
0
2
0
0
0
1
0
2
0
2
1
0
0
0
0
0
0
0
3
0
0
0
1
0
0
1
0
0
0
0
0
1
0
0
0
1
0
1
1
2
0
0
2
0
1
1
0
0
2
0
1
1
0
0
0
0
1
1
0
1
0
0
0
1
1
0
0
2
0
0
1
0
0
1
1
0
0
0
1
1
0
0
0
0
0
2
0
0
1
0
0
1
0
1
0
0
0
1
0
0
2
0
0
0
1
0
0
1
0
0
0
0
0
0
0
0
0
0
0
1
2
0
0
0
0
0
0
0
1
1
1
0
0
0
0
0
1
2
2
0
1
0
2
0
1
0
0
0
0
1
1
0
0
0
0
0
2
2
1
0
0
2
0
1
0
1
1
2
0
1
1
0
0
0
1
0
0
1
0
0
0
0
1
0
0
1
1
0
0
1
0
0
1
1
0
1
1
2
0
1
1
0
0
0
1
2
0
0
0
1
0
