0
0
0
0
0
0
0
0
0
0
0
0
0
0
0
0
0
0
0
0
0
0
0
0
0
0
0
0
0
0
0
0
0
0
0
0
0
0
0
0
0
0
0
0
0
0
0
0
0
0
0
0
0
0
0
0
0
0
0
0
0
0
0
0
0
0
0
0
0
0
0
0
0
0
0
0
0
0
0
1
0
0
0
0
0
0
0
0
0
0
0
0
0
0
0
0
0
0
0
0
0
0
0
0
0
0
0
0
0
0
0
0
1
0
0
1
0
0
0
0
0
0
0
0
0
0
0
0
0
0
0
0
0
2
1
0
0
0
0
1
0
2
1
1
0
0
1
0
0
3
2
0
1
0
0
2
1
1
3
1
0
4
2
3
3
6
5
6
12
6
5
14
11
13
6
15
17
14
19
26
21
25
40
49
33
43
46
37
53
45
52
58
50
73
67
73
67
88
65
80
71
74
69
91
75
73
90
81
86
83
85
86
97
78
86
105
80
83
85
87
85
84
80
85
76
79
74
87
89
80
87
93
66
88
71
85
73
86
82
71
65
85
79
89
90
74
81
84
67
77
79
87
87
86
89
72
80
93
73
72
80
59
64
71
86
73
67
79
76
78
81
94
95
80
75
78
104
72
82
79
76
78
87
100
93
101
95
87
86
96
92
113
88
78
91
91
90
98
97
98
110
103
85
95
90
105
75
94
93
81
79
99
88
93
92
91
89
81
111
80
103
102
90
94
109
95
81
88
116
79
88
99
89
103
96
91
87
91
79
109
107
87
96
86
85
79
82
89
105
96
87
74
66
86
86
79
84
76
74
74
75
72
74
79
95
72
82
90
84
88
86
83
71
72
84
76
81
77
87
73
78
62
77
89
84
64
59
70
58
61
67
66
72
59
85
74
80
78
82
80
66
81
73
67
79
82
80
72
81
81
66
81
67
65
71
74
72
75
75
62
67
79
79
57
67
71
66
68
74
82
79
69
76
77
71
71
70
66
65
77
89
84
73
65
55
61
78
66
85
75
57
70
86
76
72
78
73
78
78
67
68
80
67
75
65
60
65
75
65
68
77
71
73
60
81
79
76
61
59
95
68
52
78
74
75
63
72
74
50
63
52
72
60
56
76
67
48
69
65
60
81
77
60
65
66
56
71
61
74
68
73
79
77
77
70
69
67
69
74
71
56
68
67
76
59
67
48
70
63
72
62
62
84
63
80
54
60
59
77
70
68
63
57
62
64
71
62
61
61
63
59
63
62
69
63
70
73
65
66
53
60
54
60
59
62
63
55
69
58
75
55
54
59
55
53
76
44
56
70
46
74
53
55
50
50
44
60
57
59
56
58
54
59
56
46
64
60
64
42
51
50
54
52
50
47
53
45
53
52
55
43
33
53
59
50
49
56
66
33
57
50
41
48
46
53
51
53
55
44
48
36
38
49
40
48
49
39
45
41
50
39
41
37
45
43
46
40
33
40
30
34
39
28
39
47
55
33
48
49
46
50
45
41
51
48
43
41
40
38
44
31
38
32
31
42
40
35
39
43
50
34
46
36
43
35
37
44
32
40
45
32
37
34
47
49
46
27
41
40
41
38
37
26
33
31
47
37
41
34
33
39
42
36
40
29
30
36
33
25
32
28
33
33
25
32
42
27
25
30
32
34
24
22
44
25
32
25
24
28
37
37
18
38
25
27
30
32
27
34
39
25
29
28
22
47
24
25
23
30
27
20
18
19
40
37
22
28
35
31
24
21
29
29
24
33
35
28
19
27
28
25
29
22
24
24
33
25
26
26
25
20
29
21
24
24
21
23
21
27
19
22
27
30
25
31
25
26
24
37
20
22
25
36
24
21
31
29
29
26
28
35
30
23
26
21
27
20
20
25
21
20
19
21
23
30
25
27
19
28
21
20
27
22
18
29
26
19
23
24
23
25
23
19
34
24
27
26
21
28
23
21
22
26
24
23
25
21
21
21
24
22
22
31
20
21
31
25
28
15
12
26
27
23
21
28
13
19
18
19
26
23
18
19
18
16
17
13
18
26
20
15
19
30
24
20
14
20
22
15
33
21
20
14
19
24
17
12
21
25
25
24
18
23
20
18
17
25
20
14
19
22
29
19
12
28
26
23
16
16
16
18
19
16
16
28
22
17
21
14
23
30
24
17
15
23
19
17
19
13
19
17
21
16
28
23
18
19
18
20
14
18
19
20
19
16
16
21
17
16
24
21
21
21
19
17
18
22
19
16
12
19
18
14
23
19
12
18
20
25
17
29
24
12
29
25
19
22
12
17
23
16
17
14
20
18
21
18
19
11
18
14
22
12
15
15
11
21
15
21
16
13
18
18
23
14
14
17
14
23
17
19
27
13
20
19
20
24
13
13
20
26
16
18
15
16
19
19
13
24
18
19
15
13
18
15
26
16
16
16
13
18
21
14
11
19
19
12
16
23
15
18
18
19
17
10
20
16
17
17
15
13
15
12
22
15
18
16
15
17
11
17
18
23
19
11
21
15
15
13
15
14
22
13
24
16
26
13
9
20
13
22
12
14
15
6
13
11
12
15
11
10
10
11
21
23
11
15
20
14
20
16
22
11
13
12
17
16
18
14
19
14
12
12
14
9
17
10
11
13
10
17
7
13
17
18
8
17
11
11
24
14
18
21
15
21
13
12
17
20
21
27
18
9
14
20
20
12
13
11
18
20
12
14
11
20
16
19
9
14
12
17
12
16
17
20
12
13
10
10
17
20
15
16
19
16
21
18
12
16
15
13
12
13
16
9
13
16
8
10
16
16
24
9
15
10
10
17
24
7
19
15
15
10
11
10
19
9
10
16
17
9
7
18
5
16
9
12
7
19
13
8
14
19
14
12
11
17
13
7
16
16
14
11
12
8
23
15
13
11
17
13
13
9
7
6
12
13
14
8
13
10
16
6
9
18
12
12
5
10
9
8
8
13
5
10
5
10
4
13
9
12
13
10
12
6
12
9
16
7
4
10
6
12
12
4
7
11
5
15
13
6
11
7
10
8
9
6
11
5
10
6
11
10
8
6
2
6
5
9
3
8
17
8
10
8
5
7
8
10
5
7
7
10
10
7
12
8
7
8
11
8
6
5
5
5
6
4
1
8
4
11
5
9
11
10
9
3
10
7
10
4
10
9
4
3
10
6
4
3
5
9
3
6
5
8
6
5
4
6
8
8
6
5
8
8
2
8
7
4
9
5
5
6
1
6
8
4
6
6
4
4
6
6
6
7
6
3
4
9
10
5
6
13
7
4
4
5
2
5
6
4
5
6
8
4
5
11
9
7
9
4
5
8
4
6
1
6
3
8
2
4
3
5
10
8
4
3
5
4
5
8
6
9
5
10
5
5
2
14
3
7
4
4
3
6
3
8
8
3
5
8
2
5
2
10
4
5
6
4
5
7
7
7
5
12
9
4
2
7
4
5
8
5
5
8
4
5
8
10
5
1
5
4
3
10
4
3
3
9
5
7
3
6
8
4
5
3
9
5
5
2
6
4
5
6
4
3
5
6
10
7
3
8
7
5
4
5
6
2
8
4
9
6
5
5
7
6
6
7
7
12
4
9
5
5
6
7
7
14
10
3
8
4
12
9
6
6
5
1
9
4
9
5
4
10
9
7
8
3
9
4
3
7
7
5
3
4
10
6
10
5
6
6
6
4
10
7
4
5
7
4
7
9
16
10
7
4
4
10
2
10
5
7
7
12
6
7
11
5
8
13
11
8
8
8
11
12
12
5
16
8
16
10
12
7
12
6
13
15
11
10
20
14
8
14
11
13
6
10
15
18
8
14
10
9
13
15
16
18
15
11
16
18
16
16
22
20
18
13
23
26
16
12
25
23
22
25
26
28
24
19
18
24
19
24
25
24
22
28
35
28
22
29
33
28
36
31
32
27
30
37
30
39
36
30
40
33
45
33
38
40
33
31
34
38
51
39
33
39
47
51
39
41
45
32
34
45
41
44
46
44
44
51
55
52
42
42
51
46
54
58
56
44
56
48
53
62
46
58
53
54
58
56
65
55
48
50
47
68
50
56
52
55
62
46
62
66
54
69
52
54
59
53
61
41
60
50
55
47
66
63
60
61
57
61
64
58
58
42
63
57
57
43
53
44
54
40
50
49
49
35
45
56
51
48
42
46
50
47
40
37
42
31
45
37
42
43
40
48
43
41
38
38
28
48
35
42
34
36
43
37
37
32
31
34
38
46
31
31
37
34
24
28
23
27
20
35
26
31
22
24
26
27
18
17
31
30
17
19
15
19
23
16
22
18
10
18
19
11
17
13
18
19
21
9
11
11
7
11
15
13
13
13
17
8
14
14
7
10
11
11
12
8
8
9
10
8
8
8
9
6
6
6
4
4
8
9
9
6
5
4
3
5
6
4
5
3
8
7
7
4
3
5
2
1
8
8
1
0
5
4
4
6
5
3
5
4
2
1
3
4
4
2
1
3
3
3
3
1
1
3
0
1
3
2
2
1
3
2
5
3
4
7
2
1
1
1
5
2
4
0
1
2
7
2
3
3
5
5
1
4
1
1
3
2
0
1
4
5
1
0
2
3
0
0
1
2
3
4
0
2
3
3
2
1
1
3
2
2
3
1
1
2
3
1
2
1
0
3
3
0
2
2
1
2
1
2
1
1
3
3
3
1
0
1
0
0
2
1
1
0
2
0
1
3
1
1
1
4
2
1
0
1
4
1
1
2
2
1
2
2
1
2
3
1
1
3
2
1
0
2
2
1
0
2
3
2
1
1
1
1
3
2
1
1
4
0
2
1
0
1
3
2
1
0
4
1
3
1
3
0
0
0
0
0
3
1
3
1
1
2
0
1
1
1
1
1
1
1
1
1
3
2
0
2
1
0
0
0
2
0
1
0
0
1
2
1
2
1
0
1
0
2
1
4
0
1
2
0
1
1
2
2
0
3
1
1
1
0
0
2
1
1
0
3
0
2
0
4
1
2
0
2
1
0
2
2
4
1
0
1
1
2
2
1
1
3
1
0
1
1
3
2
0
1
3
3
1
2
1
3
1
4
1
1
1
0
0
3
2
1
2
0
0
1
1
1
0
0
2
0
1
1
1
2
1
0
1
1
0
2
2
0
0
1
0
1
0
1
1
0
1
0
0
4
1
1
0
1
1
0
2
1
2
1
1
1
1
1
2
1
0
0
1
0
2
1
0
1
0
1
0
0
0
1
1
2
2
1
0
2
2
2
1
0
4
1
2
0
0
3
3
1
1
0
3
0
0
1
1
2
2
2
2
2
5
0
1
0
2
5
1
3
3
0
0
3
0
1
2
0
0
1
3
2
2
2
1
0
1
1
0
2
2
2
2
0
1
2
3
1
0
2
2
0
2
1
3
1
0
1
0
1
0
1
3
1
2
0
1
4
3
0
1
0
1
1
0
0
0
0
0
2
2
0
1
1
0
2
3
2
2
4
1
2
1
0
1
1
1
0
1
3
1
1
0
0
1
1
2
0
2
2
1
3
0
3
0
3
4
2
0
0
0
4
4
2
3
3
1
2
1
2
2
2
2
2
0
1
3
2
2
0
2
1
1
2
0
0
1
0
3
1
1
0
2
1
2
0
1
2
1
4
1
0
0
2
1
1
1
1
1
1
1
1
1
0
0
1
3
1
2
2
2
2
1
1
1
2
2
1
0
0
2
2
1
0
0
1
2
0
2
0
2
1
0
0
0
0
1
1
0
2
0
2
0
0
2
0
3
1
3
1
1
0
1
3
0
1
1
2
0
2
3
2
3
1
1
1
1
1
0
0
2
1
0
3
1
1
0
1
0
4
0
1
2
0
0
2
1
1
1
1
1
2
0
2
1
2
2
1
1
0
2
0
0
1
1
0
0
1
0
1
1
1
0
0
3
0
1
0
0
1
1
1
0
0
0
2
1
0
0
0
0
0
2
0
0
0
0
1
0
1
0
1
0
1
0
1
0
2
1
1
0
2
0
0
1
0
0
0
0
1
0
2
1
0
1
0
2
1
1
0
4
1
0
0
2
0
0
3
1
1
0
0
0
3
0
2
1
0
0
2
0
1
0
0
0
3
0
1
1
1
1
0
1
0
0
1
1
1
3
0
0
2
3
1
0
0
1
0
1
1
1
1
0
0
0
1
1
0
0
1
0
1
0
3
1
0
0
1
0
1
1
1
1
1
0
1
1
0
2
0
0
1
0
1
2
0
0
3
3
2
1
1
1
1
3
1
1
1
2
2
1
1
0
0
0
0
0
0
0
1
0
1
2
0
1
0
2
0
2
1
1
1
1
0
2
1
0
2
0
0
1
0
0
1
0
0
0
0
0
2
0
1
0
2
0
5
0
3
1
2
1
2
1
2
0
0
0
1
2
0
0
0
0
0
0
1
2
0
1
1
1
0
0
0
0
0
4
0
2
1
0
0
0
1
1
1
1
0
1
1
1
0
2
1
1
0
0
1
1
0
4
1
0
1
1
1
0
2
2
1
0
0
1
2
0
0
0
2
0
1
1
0
1
0
0
2
1
0
0
2
1
1
1
1
1
1
0
2
0
0
0
0
2
1
1
0
0
1
3
2
0
1
1
2
1
2
0
0
1
1
0
1
1
1
1
2
2
0
0
1
0
0
1
0
1
0
0
3
1
0
1
1
1
0
0
3
0
1
0
4
2
0
1
1
0
1
1
0
2
1
2
1
1
1
0
1
2
0
1
2
0
1
0
0
0
1
2
0
0
0
2
1
2
1
0
1
1
1
1
0
0
0
1
1
0
1
1
0
3
1
2
0
0
0
2
1
0
0
0
2
0
1
1
3
2
0
1
1
4
0
0
0
2
2
1
0
0
0
2
0
0
3
3
2
0
0
0
1
1
1
0
1
1
1
1
3
0
1
0
0
0
1
1
1
0
0
1
0
0
0
1
0
1
2
1
1
4
0
1
1
1
0
0
2
0
1
1
0
0
2
0
0
1
0
0
0
1
1
0
1
4
0
0
0
1
1
2
4
0
1
0
1
1
0
2
0
0
0
2
1
0
0
0
1
0
1
0
0
1
0
0
1
1
0
0
0
2
1
0
2
0
0
0
0
1
0
1
2
0
1
3
1
2
1
0
0
2
1
0
1
0
1
1
0
1
1
0
3
1
1
1
0
0
2
0
0
0
0
0
1
2
1
1
0
1
0
0
0
1
0
0
0
1
1
3
1
0
1
0
1
0
0
0
0
0
0
0
0
1
1
0
0
0
1
0
0
3
0
0
0
0
3
1
1
2
0
2
0
0
2
2
0
1
0
1
3
0
0
0
1
0
2
0
0
0
0
0
1
0
2
0
1
3
0
0
0
0
1
2
1
1
0
0
0
1
0
2
0
0
0
1
0
2
1
0
0
0
1
0
0
0
0
0
0
0
0
1
0
0
1
0
1
0
0
0
2
2
0
0
0
0
0
0
0
1
0
3
0
0
0
1
0
1
0
4
0
0
1
0
0
0
0
0
0
0
0
0
1
1
1
1
1
1
0
0
2
0
0
0
0
2
0
1
0
0
0
0
0
0
0
0
0
0
0
1
2
0
0
0
0
0
0
0
0
1
0
0
0
2
1
0
0
0
0
0
0
2
0
0
0
0
0
0
1
1
0
1
2
1
0
0
0
1
0
0
0
1
0
0
1
1
0
0
1
2
2
0
0
0
0
0
2
0
0
1
1
0
0
0
0
1
0
0
2
1
1
1
1
0
0
0
0
0
0
1
0
1
0
0
1
0
1
1
0
0
2
1
1
0
0
0
0
1
0
1
1
1
0
0
0
0
1
0
0
0
0
1
0
2
0
0
0
0
0
0
0
0
0
1
0
1
0
1
0
1
0
1
1
2
0
0
0
0
0
0
2
3
0
0
0
0
1
1
3
1
0
0
0
3
0
0
0
0
1
1
0
0
0
0
0
0
0
0
0
0
1
0
0
0
1
0
0
0
0
0
1
0
0
2
0
1
0
2
0
0
0
0
0
0
0
0
1
0
1
0
0
0
0
1
0
3
0
1
2
1
1
0
1
0
1
2
0
0
0
2
0
1
0
0
1
0
0
1
0
1
0
1
0
0
0
0
1
1
0
1
1
0
0
0
1
1
0
0
0
0
0
1
2
0
1
1
2
1
1
0
0
1
0
0
0
0
0
0
0
1
0
0
0
1
0
1
1
1
1
0
1
0
0
1
0
2
2
1
1
0
0
1
0
2
0
0
2
0
1
0
0
0
0
1
0
0
2
0
0
0
0
1
0
0
0
1
0
0
0
0
0
0
1
1
0
1
3
0
1
1
0
1
0
0
1
2
1
1
0
1
2
1
1
1
0
0
0
2
1
0
0
0
1
2
2
2
1
1
1
0
0
2
0
0
0
2
1
0
0
0
2
0
0
1
0
1
0
0
1
3
3
1
0
0
0
2
1
2
3
0
1
0
2
1
0
0
0
0
1
3
3
1
0
3
1
1
1
0
0
1
3
0
1
2
0
1
2
0
2
1
1
1
1
1
0
1
1
2
2
0
0
0
3
1
1
1
2
0
0
1
0
4
0
0
0
0
0
4
1
2
0
0
1
1
1
0
1
1
2
2
1
0
2
0
1
1
3
1
0
1
0
0
0
0
1
0
0
0
2
2
0
0
0
0
1
2
2
0
2
0
0
1
0
0
0
4
1
1
0
1
0
0
1
0
1
0
0
0
0
0
0
1
0
0
0
0
0
0
0
0
2
2
0
0
0
0
0
0
0
0
0
0
0
1
1
0
0
0
1
0
2
0
1
0
1
0
1
1
0
0
2
0
0
0
0
1
0
0
4
0
1
1
0
0
0
0
0
0
1
0
0
1
0
0
0
0
1
0
0
1
1
1
1
0
0
1
0
0
1
0
0
0
0
1
2
0
1
0
1
1
0
0
0
0
0
1
0
0
0
0
0
0
2
0
0
0
1
2
1
1
0
0
0
0
1
0
0
0
1
0
1
0
0
2
0
0
0
0
0
1
0
0
0
1
1
1
0
0
0
0
1
1
0
0
0
0
0
0
0
0
1
0
0
0
1
0
1
0
0
0
0
0
0
0
0
0
0
0
0
0
0
0
1
0
1
0
2
0
0
0
0
0
0
0
0
0
1
0
0
0
0
1
0
1
0
0
0
0
0
0
0
0
0
1
0
0
1
2
1
0
1
0
2
0
0
0
1
1
0
0
0
0
1
1
1
0
0
1
0
0
1
0
1
0
0
1
0
0
