0
0
0
0
0
0
0
0
0
0
0
0
0
0
0
0
0
0
0
0
0
0
0
0
0
0
0
0
0
0
0
0
0
0
0
0
0
0
0
0
0
0
0
0
1
0
0
0
0
0
0
0
0
0
0
0
0
0
0
0
0
0
0
0
0
0
0
0
0
0
0
0
0
0
0
0
0
0
0
0
0
0
0
0
0
0
0
0
0
0
0
0
0
0
0
0
0
0
0
0
0
0
0
0
0
0
0
0
0
0
0
0
0
0
0
0
0
0
0
0
0
0
0
0
0
0
0
0
0
0
0
0
1
1
0
0
0
0
0
1
0
2
0
0
1
1
1
1
0
0
0
0
1
2
0
2
2
2
2
3
2
2
7
5
3
5
5
5
4
7
9
9
12
11
15
15
11
9
20
20
26
30
38
25
31
27
35
35
40
41
59
57
65
70
69
72
50
77
80
75
92
61
68
75
90
74
66
69
80
69
73
80
80
77
85
78
75
78
75
87
89
84
63
73
71
76
75
85
77
76
70
77
89
67
79
54
60
97
85
78
76
87
73
76
64
77
86
83
73
76
94
75
61
78
64
70
70
69
75
73
61
57
63
90
69
66
90
82
65
70
78
74
73
84
67
84
78
75
84
66
92
65
83
91
87
88
105
81
77
81
85
98
90
77
101
97
100
81
95
81
74
98
88
104
91
76
100
96
88
102
100
100
86
98
69
85
93
91
105
81
105
100
100
93
97
113
77
85
97
87
82
89
99
94
93
83
92
94
107
73
78
72
58
78
81
84
88
77
69
92
66
87
98
78
68
80
66
76
85
62
81
82
69
70
86
62
67
76
88
76
98
74
89
69
62
78
72
78
68
72
69
71
52
64
70
74
69
82
53
77
71
61
61
61
60
64
70
83
62
69
72
73
76
64
79
59
51
69
54
49
82
68
63
72
50
76
76
74
63
65
75
83
68
53
76
67
67
56
54
75
71
67
58
54
78
67
69
73
69
66
69
69
78
54
76
63
59
65
68
61
55
67
76
63
69
63
65
80
57
63
56
61
58
68
72
61
57
66
70
49
61
72
78
61
58
65
62
65
73
61
66
58
40
61
52
59
77
75
57
76
48
57
64
65
59
56
48
52
60
60
56
48
55
49
51
60
64
65
57
61
66
58
71
73
72
51
74
61
56
54
56
63
45
65
54
65
68
57
59
46
63
45
64
53
55
55
52
58
54
59
68
47
73
65
57
58
60
57
57
51
49
63
57
44
59
61
49
57
64
58
49
55
57
56
51
53
62
51
49
67
47
41
52
49
61
63
48
62
53
60
46
54
57
48
63
59
51
56
55
60
50
47
45
47
53
44
49
43
54
42
55
52
39
51
42
55
44
40
43
42
48
53
42
52
46
45
53
43
55
44
37
42
46
43
35
43
45
35
41
55
42
39
38
38
29
39
38
45
37
34
46
49
42
40
38
42
39
29
42
39
44
49
34
48
42
40
42
40
42
38
36
39
37
38
31
39
33
28
38
46
34
46
49
47
35
30
39
44
37
19
28
47
41
35
32
32
31
38
28
38
29
25
32
35
33
26
43
31
38
25
36
35
29
34
31
31
31
25
32
27
31
29
31
22
25
27
31
29
18
32
25
24
24
26
28
26
35
15
32
35
23
32
34
23
25
26
20
27
29
28
30
26
33
27
20
21
16
25
23
21
24
29
29
22
27
23
29
29
22
19
26
20
18
27
25
24
18
16
32
26
26
20
22
27
27
23
15
20
22
26
20
21
26
26
19
21
15
33
17
23
17
22
18
25
22
21
24
16
19
21
14
26
25
20
18
25
26
18
27
30
22
25
19
21
21
18
28
10
22
25
23
25
15
19
17
19
28
23
25
24
13
22
18
24
20
20
21
18
19
22
25
14
15
24
18
24
18
21
10
17
22
23
23
19
27
22
24
17
23
21
14
14
21
25
17
16
12
12
18
11
22
19
12
20
19
21
19
21
14
16
16
13
16
16
19
15
23
20
21
23
22
13
16
23
17
15
14
10
18
14
18
15
10
20
25
16
15
19
24
16
15
15
19
23
16
10
15
22
16
14
16
12
14
19
20
16
18
22
22
23
14
19
16
17
18
23
20
15
24
13
14
16
18
13
15
18
13
17
17
9
22
19
20
17
12
21
18
18
16
14
14
8
14
17
15
19
12
22
21
21
22
12
20
17
12
12
14
14
20
19
13
15
23
14
15
16
11
21
15
16
10
14
16
8
15
14
14
22
18
19
16
21
19
12
12
17
9
21
17
13
15
23
17
16
9
19
22
10
16
11
12
15
15
13
13
15
16
13
16
14
17
10
17
11
16
8
17
12
23
12
10
15
13
13
17
14
12
13
13
12
12
8
12
21
8
15
13
13
13
13
8
15
9
18
17
16
15
13
20
10
21
15
16
16
5
17
9
14
16
14
10
9
18
5
9
18
15
10
9
16
8
15
12
13
10
11
16
17
11
12
9
18
13
14
13
7
10
14
12
14
13
12
17
10
15
15
8
7
10
9
10
10
11
15
11
12
9
12
7
8
15
13
12
14
20
14
9
13
9
15
13
5
14
10
7
12
9
9
12
11
12
14
15
14
8
11
13
12
13
11
17
13
10
18
17
12
14
6
15
18
16
5
7
20
12
8
12
8
15
11
12
8
14
12
10
10
9
11
14
10
8
9
13
12
5
13
9
6
11
16
15
12
10
12
9
9
15
9
8
4
19
10
8
7
10
14
6
12
4
12
9
10
15
12
12
14
9
11
11
10
13
7
9
15
7
14
18
11
17
12
11
7
11
13
14
13
12
10
18
9
11
9
17
12
11
10
7
17
10
10
7
12
13
9
17
16
9
6
12
9
12
12
12
9
7
9
6
3
11
9
4
12
12
8
7
8
10
11
9
5
4
9
12
8
13
8
10
10
10
10
9
12
11
7
13
7
7
8
6
7
7
7
11
5
8
8
11
9
7
5
8
5
8
6
8
3
4
9
7
5
4
6
5
2
8
3
8
10
4
7
6
4
6
7
5
6
7
4
6
8
6
10
9
4
10
8
13
3
12
6
2
9
6
10
6
2
3
6
6
12
5
6
5
8
4
3
5
5
4
4
5
3
9
4
3
8
3
5
4
6
4
4
4
5
7
4
9
8
9
8
4
8
6
2
4
3
10
4
12
9
3
6
3
5
6
6
7
10
4
10
4
4
4
9
6
6
8
6
8
7
7
4
4
4
3
3
5
4
7
4
2
3
4
3
6
4
4
5
7
1
7
7
3
2
4
1
10
2
4
4
4
3
3
5
3
4
3
5
7
5
4
6
10
3
5
5
5
5
3
7
1
4
9
5
4
3
7
5
2
9
3
6
8
5
6
4
6
3
9
6
1
0
11
5
3
1
3
4
6
0
6
2
2
4
1
2
2
4
8
3
4
6
6
9
3
1
8
3
5
6
0
5
6
2
2
7
6
3
4
3
4
7
6
5
8
6
7
1
6
6
5
5
3
10
1
5
3
4
0
5
5
9
4
5
6
5
5
5
9
5
8
12
3
4
2
1
5
5
5
4
3
4
11
0
4
3
10
4
3
6
5
4
4
6
8
3
1
6
11
6
6
3
6
1
5
4
3
8
4
3
5
9
4
5
4
5
6
7
5
12
4
6
6
1
11
6
2
8
4
6
5
11
3
3
5
8
12
4
3
5
7
6
5
9
6
6
1
5
4
6
7
9
10
6
6
5
9
7
6
9
2
8
6
8
6
7
9
2
10
7
8
6
8
6
4
17
15
5
10
11
6
9
14
7
8
14
13
10
10
12
12
17
18
7
13
13
14
18
12
15
13
14
15
14
16
7
17
13
21
12
15
15
18
26
18
28
12
18
18
19
19
16
20
12
14
23
17
24
21
31
25
17
17
26
16
15
22
23
22
25
22
27
23
26
38
29
27
34
28
28
26
29
31
29
39
34
39
30
35
37
35
26
36
47
27
32
30
42
31
38
30
36
32
35
33
44
35
28
34
37
31
43
48
51
30
37
44
30
30
31
46
37
24
37
46
37
37
36
42
29
34
33
45
41
29
45
35
41
34
50
40
34
39
37
28
29
34
32
40
37
29
33
33
24
32
37
36
38
34
35
23
20
29
36
34
35
29
27
31
29
26
29
23
28
25
32
31
30
30
23
28
20
32
29
26
29
26
22
23
14
30
24
25
17
29
28
14
19
24
25
13
11
13
27
11
12
18
17
17
18
12
23
19
17
19
18
16
15
20
12
14
12
13
13
11
10
13
7
8
8
17
13
7
10
5
20
7
7
9
9
9
7
7
8
7
16
5
9
10
8
7
5
7
6
8
9
5
8
5
3
7
3
6
6
8
6
8
6
11
5
5
2
8
6
6
4
5
3
2
3
3
4
2
4
4
2
4
5
3
3
3
2
1
1
1
4
2
6
1
3
1
3
2
2
7
4
4
3
2
4
4
1
5
3
1
2
2
1
0
2
2
3
1
3
1
1
2
5
0
0
2
1
3
2
3
2
5
3
1
4
2
1
1
3
3
1
2
2
0
2
1
2
1
3
3
0
0
2
0
6
1
1
3
1
4
1
5
0
2
4
3
0
2
2
4
1
2
2
0
1
0
1
0
2
2
0
3
2
2
1
1
1
1
3
0
4
1
0
2
1
1
1
1
3
1
1
0
4
1
1
1
0
0
2
1
3
1
2
3
1
1
1
4
1
0
2
1
1
3
1
1
1
0
1
1
0
1
1
3
0
2
2
2
0
2
2
0
1
2
3
3
1
1
0
0
0
1
1
0
1
2
1
2
2
0
2
3
1
1
1
1
1
2
1
1
0
2
1
0
1
0
2
0
5
0
1
1
2
2
3
1
3
0
4
1
1
2
2
1
0
2
4
1
2
1
2
1
1
1
0
2
0
0
0
0
2
4
0
0
1
4
3
1
2
0
0
2
1
4
1
0
1
0
0
2
1
1
2
2
2
1
0
3
2
1
2
1
0
3
0
2
0
0
2
0
0
1
0
2
3
1
1
1
1
1
0
0
0
0
1
0
2
0
3
0
1
1
4
4
0
1
1
0
1
1
2
1
2
2
2
0
2
1
2
0
1
1
1
1
2
0
0
3
1
2
0
1
1
0
0
1
2
4
2
2
0
5
2
2
0
1
0
1
1
1
2
0
1
2
0
0
3
1
1
2
1
0
1
1
3
1
2
0
1
4
0
0
3
0
0
0
0
1
1
0
3
1
1
1
3
2
1
2
0
4
0
2
2
1
1
2
1
2
1
0
0
0
2
1
1
1
1
2
0
1
1
2
1
1
1
3
0
1
1
0
1
2
1
2
0
1
1
1
0
3
2
3
0
0
1
0
1
1
0
2
4
2
3
1
1
0
0
1
2
5
3
0
1
0
0
2
3
3
1
0
2
1
1
0
3
1
0
2
0
2
1
0
0
2
4
2
0
1
2
0
0
0
2
0
0
3
0
2
1
0
1
1
0
1
1
1
1
4
1
1
1
2
1
1
1
2
1
2
2
3
4
1
0
0
2
0
1
3
2
3
1
0
2
0
1
0
3
2
3
3
1
1
0
0
1
2
0
1
0
3
2
0
0
2
0
1
2
1
0
2
2
1
1
0
2
0
1
4
0
5
1
3
1
3
0
1
0
1
0
2
1
1
1
6
1
2
4
1
0
0
0
2
2
2
2
3
0
2
0
3
0
2
1
0
0
2
1
0
1
1
1
0
2
2
1
2
0
0
0
1
1
2
3
0
0
0
1
2
1
2
1
2
1
2
1
2
2
1
0
1
2
3
1
1
1
0
2
0
2
1
0
1
0
2
2
1
2
3
1
3
2
2
1
1
2
2
2
1
0
3
0
1
2
2
0
0
2
1
0
0
0
0
0
1
1
0
1
2
2
0
0
0
2
0
3
1
0
1
1
0
0
0
3
0
1
3
0
1
0
1
0
0
0
1
0
1
1
0
1
0
2
0
0
0
0
3
0
2
0
0
1
0
1
1
1
1
1
0
1
0
0
1
0
2
0
1
3
2
2
1
0
1
2
0
1
1
1
0
0
1
1
0
1
1
0
1
0
2
0
0
0
1
1
2
0
1
0
0
0
1
0
0
1
0
2
0
0
1
0
2
0
1
2
1
3
0
1
2
3
1
1
1
0
0
0
2
1
0
1
0
1
2
1
1
1
1
0
3
0
1
2
0
0
0
1
0
1
1
1
3
0
1
0
0
0
0
0
0
0
0
0
1
3
1
0
0
0
0
3
1
0
0
1
1
1
2
3
0
2
1
1
3
2
0
1
2
1
1
0
0
0
0
1
1
1
1
2
1
1
0
1
1
0
1
0
1
0
1
1
1
0
1
1
0
1
0
3
0
1
0
0
0
0
0
0
1
1
1
0
1
1
3
0
0
1
0
1
0
0
1
0
2
1
1
1
2
1
1
1
1
1
2
0
0
2
0
1
0
1
2
1
1
2
4
0
0
0
1
0
1
0
0
0
2
3
0
1
1
2
0
1
1
2
1
2
1
0
0
1
0
0
0
0
1
1
0
0
3
0
1
0
0
3
1
1
0
0
0
0
1
0
0
2
1
0
1
0
1
0
0
0
2
1
1
1
1
1
0
0
0
1
0
2
3
1
0
1
2
1
1
2
0
1
1
2
3
2
2
0
0
1
0
1
1
0
1
1
0
0
1
0
0
3
2
0
1
2
1
1
1
0
1
2
0
1
2
0
0
0
1
1
0
0
0
1
1
1
0
0
0
0
0
0
0
2
1
0
1
0
0
2
2
2
0
1
1
0
0
0
0
1
0
1
0
0
3
1
3
0
0
0
3
1
0
0
1
2
1
1
1
1
2
1
1
0
0
0
1
2
1
1
0
0
0
1
1
0
0
0
1
0
0
0
0
1
0
0
0
0
1
2
1
0
1
1
0
2
0
0
0
1
0
1
1
0
1
1
1
2
1
2
0
0
0
2
0
0
0
0
0
2
0
1
1
1
2
0
2
0
1
0
1
2
2
1
0
0
1
2
1
0
1
1
1
1
1
1
1
0
0
0
0
1
1
1
0
0
2
0
0
1
0
0
1
2
1
2
2
1
0
1
1
1
1
1
1
0
0
0
0
0
1
1
0
1
1
2
1
1
0
0
2
2
1
0
0
1
0
2
0
2
0
0
1
1
0
0
1
0
2
1
0
0
1
0
4
0
0
0
0
1
0
1
1
1
3
0
1
1
0
1
1
0
0
0
1
0
1
0
3
0
0
1
0
0
1
0
0
0
0
0
1
0
0
0
0
1
1
2
1
1
0
1
0
1
0
1
1
0
1
0
0
0
1
0
0
1
0
1
1
0
2
1
0
0
3
0
0
0
0
0
0
0
2
1
1
1
1
0
0
0
1
0
0
0
0
0
0
0
0
0
1
0
0
0
0
0
0
0
0
0
0
2
1
1
1
0
2
0
0
0
2
0
1
1
1
0
0
1
0
1
0
0
0
0
0
2
1
1
1
0
1
0
1
0
1
2
0
0
0
0
0
1
0
1
0
0
0
1
1
0
0
0
1
0
1
1
1
0
0
0
1
0
1
0
0
0
0
0
0
0
0
0
0
1
2
0
2
0
1
0
0
0
1
0
0
0
0
1
1
0
0
0
0
0
1
0
0
1
0
0
0
2
1
0
0
0
0
0
1
2
2
1
1
0
1
1
1
0
0
0
1
0
1
0
0
0
0
0
0
0
0
0
0
2
0
1
0
1
0
0
1
1
1
0
0
0
0
0
0
0
0
0
0
0
0
0
0
0
0
0
1
1
0
0
0
2
0
1
0
2
0
0
2
0
1
1
0
0
0
0
0
0
0
0
0
0
1
0
0
1
1
0
0
0
1
0
0
1
1
2
0
0
0
1
0
0
0
2
1
0
2
1
1
0
0
0
0
0
2
0
0
0
0
0
0
0
0
0
0
1
0
1
0
2
0
1
1
0
0
2
0
1
0
0
0
0
1
1
0
1
1
0
2
1
1
1
0
0
0
1
1
1
1
2
0
0
0
1
0
1
1
0
0
0
0
0
1
1
0
0
0
1
0
0
2
1
1
1
2
0
0
1
0
0
0
0
1
0
0
0
0
1
1
0
1
0
1
0
0
0
0
0
0
2
2
0
1
0
0
0
0
1
1
0
0
0
0
0
0
2
0
1
0
0
0
0
1
2
0
1
0
0
0
0
1
0
1
0
1
1
2
0
1
0
0
1
2
1
0
0
0
1
1
0
0
0
1
0
1
1
1
0
1
0
1
0
2
0
0
0
0
0
1
0
0
0
0
0
1
2
0
0
1
2
1
0
1
0
2
2
0
0
1
0
2
0
0
0
0
0
0
1
0
1
0
0
1
1
1
0
0
1
0
1
2
1
0
0
0
1
0
0
1
2
1
1
1
3
1
2
2
2
1
0
0
0
1
0
2
1
0
0
1
0
1
0
0
2
1
0
0
1
0
0
3
1
0
1
1
0
1
0
1
1
3
1
0
0
1
0
1
0
2
0
1
0
1
0
0
1
0
0
0
0
0
1
3
2
1
2
1
0
1
2
2
0
2
0
0
0
0
0
2
0
1
0
0
0
0
1
0
0
0
0
0
0
0
0
0
0
1
2
0
0
0
0
1
0
1
1
1
0
0
0
1
0
0
0
1
0
0
0
0
1
0
0
1
1
2
0
1
2
1
0
1
0
2
0
0
1
0
0
1
1
0
1
0
0
1
0
0
1
0
0
0
0
1
0
0
1
1
0
0
0
0
0
0
2
1
0
0
0
0
1
0
0
2
1
0
0
1
0
1
0
0
1
0
1
1
1
0
1
1
0
0
0
0
0
1
1
1
0
1
1
0
0
0
0
0
0
0
1
1
0
1
0
0
0
0
0
0
0
0
1
0
0
0
0
1
0
2
0
0
1
0
2
0
0
0
0
0
0
0
0
0
0
0
1
1
0
0
0
0
0
0
0
1
0
0
2
0
0
1
1
3
0
0
0
0
1
0
1
1
1
1
1
0
1
1
0
1
1
0
0
1
0
0
0
0
0
0
0
0
1
0
0
0
0
0
0
0
1
0
1
0
1
0
1
0
0
0
1
0
1
0
0
1
0
1
1
0
0
0
1
0
0
0
1
0
0
0
0
1
0
0
0
0
0
0
1
0
1
0
0
0
0
0
1
0
0
1
0
0
1
0
0
0
0
0
0
