0
0
0
0
0
0
0
0
0
0
0
0
0
0
0
0
0
0
0
0
0
0
0
0
0
0
0
0
0
0
0
0
0
0
0
0
0
0
0
0
0
0
0
0
0
0
0
0
0
0
0
0
0
0
0
0
0
0
0
0
0
0
0
0
0
0
0
0
0
0
0
0
0
0
0
0
0
0
0
0
0
0
0
0
0
0
0
0
0
0
0
0
0
0
0
0
0
0
0
0
0
0
0
0
0
0
0
0
0
0
0
0
0
0
0
0
0
0
0
0
0
0
0
0
0
1
0
0
2
0
0
0
0
1
1
0
0
0
0
1
1
1
0
0
0
0
0
2
0
0
0
1
0
3
0
0
3
1
3
2
3
6
2
3
2
6
1
2
7
5
3
7
4
8
14
12
7
13
21
17
19
16
28
28
34
26
39
53
37
57
45
53
58
57
71
63
61
63
78
76
65
88
70
71
76
82
73
72
79
88
87
77
95
91
83
70
90
108
83
70
83
95
90
81
78
61
70
85
89
86
69
82
82
79
78
63
72
89
79
63
82
70
91
77
71
62
69
73
77
76
83
61
77
74
62
92
70
80
79
78
62
72
74
76
77
79
75
70
64
71
75
84
85
73
79
74
85
80
74
100
86
77
93
86
82
94
96
81
81
67
92
86
98
95
86
84
84
72
105
91
101
98
94
86
96
83
111
99
92
86
78
111
91
92
94
90
96
88
105
108
104
94
86
95
95
87
82
81
83
111
85
90
108
101
82
87
66
91
91
101
93
91
93
89
101
83
72
91
77
92
89
77
77
77
78
73
76
77
68
70
66
81
83
72
60
91
73
79
74
88
88
87
75
91
69
65
67
83
68
63
88
80
73
77
78
83
64
69
69
77
69
61
68
75
67
76
68
68
87
65
70
77
80
57
89
63
77
56
68
60
56
64
76
68
78
64
80
73
63
71
57
78
71
61
66
72
52
62
67
76
75
70
72
65
72
59
57
64
64
67
67
55
67
59
73
65
72
69
72
78
62
64
67
70
64
67
61
46
68
66
48
49
58
61
58
83
51
70
54
67
68
61
58
67
70
59
72
64
54
54
71
58
65
50
72
52
60
57
70
74
59
75
65
63
53
58
64
62
62
53
51
58
56
71
50
67
53
49
58
55
62
75
54
57
60
67
52
60
55
52
51
62
50
49
56
58
64
54
60
49
69
51
54
56
62
71
57
48
73
59
53
50
59
62
33
58
50
50
46
58
54
54
60
46
70
50
59
72
49
53
67
38
60
49
50
49
52
44
55
44
56
48
46
46
51
48
38
51
63
54
58
51
46
58
53
55
56
51
50
52
40
52
48
48
52
45
51
42
56
48
42
54
42
37
44
38
50
45
54
42
41
43
49
46
44
47
40
48
41
45
34
46
48
47
49
44
33
47
38
44
51
41
49
36
53
44
38
52
48
44
46
43
41
45
42
40
43
36
38
36
37
45
45
55
42
32
51
45
50
29
25
31
36
29
33
23
27
37
41
29
32
36
34
26
46
36
33
42
26
34
36
30
34
38
37
42
36
29
36
38
37
26
28
34
33
28
36
29
31
36
33
37
32
40
30
24
28
23
39
34
23
40
33
22
30
34
29
26
26
26
28
30
23
23
32
26
30
21
26
35
38
36
24
22
14
18
36
19
27
23
25
26
27
20
23
23
21
35
25
24
22
30
35
31
23
19
22
17
26
19
29
26
36
21
25
16
17
24
22
24
26
21
26
26
24
27
19
24
20
21
15
35
25
17
20
28
20
19
19
17
25
21
13
18
16
21
19
15
21
21
17
19
15
15
19
21
18
25
28
17
23
18
20
21
24
19
13
21
19
20
23
23
26
20
22
21
18
22
24
16
14
10
20
17
25
17
23
18
11
19
22
19
25
24
17
16
18
16
13
22
18
15
23
16
18
20
21
16
23
18
17
18
19
20
14
17
15
20
23
20
15
23
14
19
18
9
22
14
20
9
19
16
16
12
13
18
18
19
18
12
12
13
16
20
15
14
9
14
12
17
13
21
16
24
18
15
10
21
13
17
18
15
10
17
16
15
18
14
24
16
3
16
18
14
19
14
17
28
16
17
8
12
12
15
21
12
12
15
8
16
11
15
16
22
15
13
12
18
16
14
12
13
15
18
16
17
10
10
15
14
19
16
18
12
24
17
10
21
14
11
16
16
18
10
14
10
13
20
13
18
21
14
19
17
14
9
13
9
19
17
15
15
13
15
18
8
10
11
12
17
19
16
15
12
12
16
19
22
12
6
16
15
13
13
7
12
10
18
13
19
12
17
21
16
15
7
8
13
8
12
19
11
16
8
10
5
10
9
12
11
12
10
18
13
9
10
12
4
14
6
8
14
9
11
14
12
10
12
9
10
18
12
9
11
7
11
9
19
9
18
8
11
12
11
12
17
10
15
11
12
10
11
10
10
8
7
14
6
8
9
8
12
15
16
14
14
8
15
12
9
19
19
15
8
14
13
10
9
14
9
9
12
15
15
9
11
10
12
13
13
15
10
8
15
11
6
13
17
17
8
9
11
14
13
12
14
7
7
10
15
19
8
13
10
12
14
8
10
13
10
7
10
13
7
11
8
15
6
13
17
10
14
7
12
14
10
10
8
4
12
5
8
8
9
5
11
15
6
13
9
11
9
7
6
9
5
8
7
6
9
13
11
10
10
3
6
13
7
8
13
10
10
13
12
6
10
6
9
12
5
20
7
8
10
8
7
13
6
12
15
9
12
7
10
7
3
14
10
10
8
10
7
13
5
6
6
14
17
6
3
7
7
11
7
1
11
8
6
5
7
6
10
9
12
7
7
9
6
10
8
9
7
4
10
6
11
11
7
7
10
10
10
4
12
10
14
9
11
8
10
11
8
7
8
5
9
8
9
9
9
7
11
4
2
8
10
7
9
7
10
13
9
4
13
11
7
5
9
7
6
6
1
11
12
12
11
3
7
10
6
6
6
7
4
7
5
8
6
7
6
12
8
5
8
2
3
3
8
7
8
9
9
5
5
6
6
6
4
8
9
7
5
6
7
5
2
8
3
5
8
6
6
7
5
8
9
7
5
5
6
7
5
3
8
7
6
7
3
10
5
4
5
3
3
4
5
9
4
6
4
5
5
9
5
5
4
4
8
5
4
7
10
6
5
7
2
2
5
7
6
2
7
6
6
5
5
4
4
6
3
3
5
8
6
6
7
9
4
6
6
6
4
3
5
3
4
8
7
4
1
8
3
5
3
5
5
3
9
5
4
5
6
4
4
5
3
3
6
2
2
3
7
7
6
4
5
4
5
7
5
5
4
3
8
5
1
1
9
4
2
9
4
6
5
4
1
7
2
6
3
5
5
5
1
5
0
3
6
2
6
3
3
1
3
3
3
3
4
2
4
3
7
4
3
5
4
4
1
3
1
6
7
4
3
3
4
6
5
6
5
9
5
3
2
5
4
1
4
2
9
4
2
0
3
5
6
3
5
7
9
6
3
5
7
0
1
7
6
5
4
2
6
7
5
7
4
3
2
1
5
4
3
3
5
8
3
6
8
4
4
7
6
1
6
6
7
3
7
3
8
5
3
3
6
1
6
8
3
6
6
10
3
3
7
1
4
5
5
5
6
6
9
5
5
6
4
4
6
6
5
5
7
5
4
10
1
6
3
6
5
5
6
7
7
7
3
1
8
10
5
8
8
4
5
6
6
5
10
4
8
5
6
5
4
8
7
9
4
8
6
8
5
4
11
7
11
5
8
8
9
5
3
10
11
7
5
7
12
9
6
3
10
10
7
10
9
8
7
6
14
11
8
6
11
15
11
12
13
10
18
9
9
14
15
12
12
11
10
16
7
10
10
11
14
7
16
14
26
15
16
17
17
14
15
17
22
15
18
18
14
12
12
31
23
20
23
20
29
18
21
15
26
28
17
33
24
22
19
20
29
22
29
28
31
26
35
25
30
16
16
21
31
13
28
30
34
35
27
26
34
34
28
31
38
34
33
41
34
24
30
31
29
30
26
31
35
34
31
22
30
27
30
38
26
30
36
28
22
28
32
35
31
37
27
31
36
35
27
22
29
31
26
24
24
32
39
28
45
31
33
30
26
28
30
16
21
22
31
33
24
22
30
31
25
27
29
31
33
22
20
33
32
27
17
24
25
24
23
25
22
18
30
20
23
12
17
22
20
19
15
32
14
22
16
22
18
17
19
15
14
17
11
19
15
9
13
16
13
14
13
12
12
16
15
14
11
5
5
16
16
14
8
8
10
13
6
13
15
13
9
10
11
5
6
11
9
10
11
5
10
14
9
8
10
6
5
5
5
8
4
9
5
10
7
6
6
3
9
4
9
4
4
4
6
3
4
3
2
1
6
3
3
0
5
2
1
7
1
3
2
1
1
1
1
1
0
3
5
2
2
2
1
5
3
3
2
5
0
7
5
8
1
3
1
0
2
4
1
1
0
1
3
2
3
3
2
5
1
2
2
3
0
1
1
1
4
1
1
2
2
0
1
1
1
3
0
0
1
3
1
2
2
1
0
1
2
2
0
4
1
1
0
2
0
1
3
1
2
2
1
1
3
1
3
0
0
1
1
2
4
2
0
0
2
3
2
1
0
2
2
1
0
4
0
2
4
1
3
3
3
2
4
1
0
1
1
2
0
3
1
3
3
3
0
1
2
1
3
1
2
2
2
1
1
0
2
0
4
1
1
0
0
0
1
3
4
2
1
3
3
0
2
2
0
2
2
3
1
1
1
1
2
1
2
2
1
1
1
1
3
1
1
0
0
2
0
1
1
2
0
0
0
0
1
0
0
0
1
2
2
1
0
1
1
0
0
2
7
1
2
1
0
1
0
1
1
2
2
1
0
2
0
2
4
0
0
1
1
0
1
2
0
0
1
4
4
1
1
5
1
1
0
2
0
0
1
0
1
1
0
0
1
3
0
1
0
1
1
2
1
1
4
0
1
3
2
0
3
1
0
0
0
2
1
0
2
0
6
1
1
0
0
4
0
4
1
1
1
0
3
2
3
0
1
1
0
2
0
1
3
1
1
1
1
2
1
0
0
2
0
1
2
1
1
1
5
2
2
3
0
2
0
4
1
2
0
1
2
1
0
5
2
0
1
1
1
0
2
0
1
1
0
0
1
2
2
1
2
1
1
1
0
0
2
1
2
5
1
1
3
0
1
1
0
2
2
0
1
1
0
2
2
0
1
2
2
1
0
1
3
2
1
0
1
1
1
0
2
3
1
1
1
2
0
1
2
1
1
2
0
1
2
2
0
0
4
2
0
1
2
1
1
2
1
1
0
3
0
2
3
0
2
1
1
0
0
3
1
2
2
0
1
1
0
2
0
0
2
0
2
2
2
1
0
0
1
0
3
0
1
1
0
0
0
1
3
2
0
0
0
1
0
1
3
3
1
0
1
1
1
1
4
1
1
0
2
0
0
0
3
2
1
0
1
0
1
3
1
0
3
3
0
1
1
1
1
0
3
2
0
2
1
0
3
3
0
2
1
1
1
0
0
1
0
2
0
0
4
1
2
4
1
0
2
0
0
2
0
0
0
1
0
2
0
0
1
1
1
5
1
1
1
0
2
1
3
1
1
0
0
3
0
2
2
0
2
1
1
0
1
0
0
2
2
1
0
2
2
0
3
3
3
1
4
1
1
0
1
1
0
2
1
1
2
1
4
0
2
3
1
1
2
2
0
2
1
0
0
0
1
0
2
1
1
1
1
3
0
0
1
3
0
1
0
1
1
0
1
0
1
1
1
1
0
0
2
2
1
1
1
3
0
2
0
0
0
3
2
1
2
2
2
0
2
0
1
0
1
0
2
1
1
2
0
1
0
1
1
0
0
0
0
1
1
1
1
0
0
0
0
0
0
0
0
1
1
0
3
0
1
0
0
1
0
0
1
0
0
3
1
0
2
0
1
0
0
2
1
2
1
0
0
2
0
0
0
0
1
0
0
0
0
1
0
1
4
0
0
0
1
2
0
0
1
2
1
0
0
1
2
1
1
0
0
1
0
1
1
1
3
1
0
0
2
0
1
2
0
1
0
2
3
1
1
0
2
1
0
0
0
0
1
2
0
0
0
0
3
2
1
0
0
0
2
1
0
0
1
1
2
1
1
2
0
2
0
1
0
1
1
0
2
2
1
0
1
0
1
0
2
0
3
2
0
1
1
0
0
0
1
1
1
1
1
1
0
0
0
1
0
2
2
0
0
1
0
0
2
0
2
1
0
0
0
0
1
0
0
2
0
0
0
0
1
1
1
1
3
1
0
2
0
1
0
1
1
2
0
0
1
1
1
0
1
1
0
0
1
3
1
0
1
0
2
0
0
1
0
0
2
0
0
2
2
1
1
0
1
0
1
1
0
0
0
0
0
0
1
0
2
1
1
0
1
0
0
1
0
1
1
0
2
0
0
3
1
1
0
0
1
1
0
0
0
1
1
1
1
0
2
1
0
1
1
2
1
1
1
0
0
1
0
0
0
2
1
1
0
0
0
3
0
1
0
0
0
0
3
0
2
2
1
0
1
0
2
1
2
0
0
1
1
2
0
0
0
0
1
0
0
0
2
0
1
1
3
2
1
2
1
1
1
2
1
0
1
1
1
0
2
0
0
0
3
1
0
1
1
0
2
1
0
0
1
2
1
0
1
1
2
1
2
1
0
2
1
0
0
1
0
1
0
0
1
0
0
1
0
0
1
2
1
0
0
0
0
0
0
2
0
1
2
1
1
1
0
0
0
0
0
0
0
0
0
1
0
0
1
0
2
0
2
0
0
0
1
1
0
0
0
2
1
0
1
0
4
0
2
0
1
0
0
0
0
0
2
1
0
1
0
0
2
1
1
3
1
0
0
3
0
1
0
1
2
1
2
0
1
1
4
0
1
1
1
1
1
1
0
1
3
0
1
1
0
2
0
0
0
2
1
0
1
3
0
0
1
3
0
2
1
2
0
0
1
0
1
0
0
0
1
2
0
1
0
0
0
0
0
1
0
1
0
3
0
0
2
0
0
0
0
1
1
0
1
0
1
1
0
0
2
0
0
0
1
0
1
1
1
1
1
0
1
2
2
0
2
2
0
5
0
2
1
1
0
0
1
0
1
1
2
0
1
1
0
0
1
1
1
0
0
1
0
1
1
1
2
0
0
0
0
0
0
1
2
0
1
0
0
0
1
0
1
2
2
2
1
0
1
0
0
0
0
0
3
0
2
0
2
0
0
0
0
2
1
1
0
1
0
0
1
1
0
1
0
0
1
1
2
0
1
2
0
1
0
1
3
0
2
0
2
1
0
2
0
0
0
0
3
1
1
1
0
2
0
1
1
2
1
0
1
0
2
0
0
1
0
1
0
2
0
0
1
0
0
1
1
1
1
1
0
2
0
1
1
0
1
0
0
0
1
0
0
0
0
0
0
1
2
0
0
0
0
3
0
1
2
1
0
1
1
2
0
1
0
0
0
0
1
3
0
1
1
0
0
0
0
1
0
0
0
0
0
1
0
0
2
2
0
1
0
0
0
0
0
1
0
0
1
0
0
0
0
1
1
1
0
0
0
0
0
0
0
1
0
2
2
3
0
0
0
0
0
0
1
0
0
0
0
2
0
0
0
1
1
0
0
0
0
1
0
0
1
0
0
0
0
1
0
1
0
0
0
0
1
0
1
1
0
0
0
0
0
0
1
0
0
0
1
0
1
0
0
0
1
0
0
2
0
0
0
0
0
0
0
0
1
0
0
0
0
0
0
0
0
1
0
1
0
0
0
0
0
0
0
1
1
1
1
1
0
0
0
1
0
0
0
1
0
0
0
1
0
0
0
1
2
1
0
0
1
0
2
0
1
0
1
0
0
0
0
0
1
1
0
0
0
0
2
1
0
0
0
1
0
0
0
0
1
3
1
0
0
0
0
0
3
0
0
0
1
1
0
1
0
0
1
0
0
1
0
0
0
0
0
0
0
2
0
0
1
1
0
0
1
0
1
2
0
2
0
0
0
0
0
1
2
0
0
0
1
0
1
0
1
0
0
0
0
0
0
0
0
0
1
1
2
0
1
0
0
0
0
0
0
1
0
0
0
0
0
2
2
1
1
1
1
2
0
0
3
0
1
0
0
0
0
1
0
0
0
1
2
1
0
0
1
3
0
1
0
1
1
0
1
0
3
1
0
0
1
0
0
0
1
1
0
0
1
0
0
0
1
1
1
0
1
0
0
1
0
0
1
0
0
0
0
0
2
3
0
0
1
1
0
1
0
1
1
0
0
1
0
1
0
1
0
0
0
1
1
0
0
0
1
3
0
0
1
1
1
1
1
0
2
0
0
0
0
0
0
1
1
0
0
0
0
0
2
1
1
0
0
3
0
1
2
0
0
0
0
1
1
0
1
1
0
0
0
3
0
1
2
0
2
1
0
0
1
0
1
1
1
0
1
0
2
0
0
0
3
0
0
2
3
0
2
0
0
1
1
1
0
0
1
1
1
0
1
1
2
0
1
0
1
2
0
0
2
1
2
0
0
1
1
1
1
2
1
2
1
1
2
0
0
4
0
1
1
1
2
0
0
0
1
2
0
0
0
0
0
1
2
2
0
0
0
0
0
1
0
0
1
0
2
0
1
1
1
0
1
0
1
2
0
2
0
1
1
0
0
1
0
1
1
1
2
2
1
0
0
0
0
1
0
1
0
0
2
0
0
0
2
0
1
0
1
1
1
2
2
1
1
0
1
0
0
1
2
0
1
0
0
0
0
2
0
1
0
0
1
0
0
1
1
1
0
0
1
0
1
0
0
0
0
0
1
0
0
0
2
0
1
0
0
0
0
1
0
2
0
0
0
2
0
0
0
1
1
0
0
1
0
0
1
0
0
0
1
0
0
0
0
0
0
2
0
1
0
0
1
0
1
0
0
0
0
0
1
1
0
0
0
0
0
1
1
0
0
0
1
1
1
0
1
1
0
1
0
1
0
0
0
0
0
0
1
0
0
0
1
0
1
0
0
1
0
0
0
0
0
0
1
0
0
0
0
0
0
0
0
1
1
0
0
0
0
0
0
0
0
0
2
1
0
0
0
1
0
0
0
0
0
1
0
0
0
0
1
1
1
1
0
0
0
0
0
0
0
1
0
1
0
1
1
1
0
0
0
0
1
0
0
0
0
1
0
1
0
0
0
1
1
0
1
0
0
0
1
1
1
1
0
2
0
0
0
2
0
0
0
0
1
0
1
0
0
