0
0
0
0
0
0
0
0
0
0
0
0
0
0
0
0
0
0
0
0
0
0
0
0
0
0
0
0
0
0
0
0
0
0
0
0
0
0
0
0
0
0
0
0
0
0
0
0
0
0
0
0
0
0
0
0
0
0
0
0
0
0
0
0
0
0
0
0
0
0
0
0
0
0
0
0
0
0
0
0
0
0
0
0
0
0
0
0
0
0
0
0
0
0
0
0
0
0
0
0
0
0
0
0
0
0
0
0
0
0
0
0
0
0
0
0
0
0
0
0
0
0
0
0
0
0
0
1
0
0
0
0
0
0
0
0
0
1
0
1
0
0
0
0
0
1
0
0
0
1
0
1
1
1
2
6
0
1
2
2
2
2
1
9
1
7
3
4
7
7
5
9
5
14
9
11
10
13
17
24
19
22
25
26
35
33
45
42
48
42
50
59
56
63
71
64
57
84
64
78
67
67
75
73
92
66
79
82
75
80
89
93
87
81
73
95
91
72
93
93
83
82
73
85
76
84
90
94
59
87
78
81
74
74
78
82
70
76
72
73
73
64
74
68
73
62
74
63
69
82
61
62
81
72
83
76
73
77
64
80
72
85
73
64
78
62
77
84
83
85
67
88
78
96
76
62
85
67
74
70
88
82
92
79
85
75
100
77
88
78
85
97
102
101
105
75
85
88
80
85
98
97
75
103
96
104
92
88
101
91
102
81
98
91
106
81
106
106
76
85
94
77
84
93
83
101
91
83
81
86
87
84
97
96
101
93
92
80
89
99
92
104
98
78
83
86
84
81
86
99
69
89
75
77
60
81
81
101
80
70
85
87
76
81
75
67
68
72
77
77
67
85
84
68
64
76
73
71
75
72
73
64
72
84
66
82
67
76
79
77
72
59
70
74
81
84
68
82
55
72
70
75
79
71
78
76
71
64
63
54
62
60
58
58
67
75
74
83
70
76
78
74
79
91
66
68
64
80
77
58
61
79
57
64
63
68
63
68
67
57
71
57
67
72
69
70
89
65
68
77
68
56
80
73
76
87
70
60
79
73
69
64
63
48
62
61
63
70
59
60
74
66
54
67
66
77
66
51
59
54
70
56
57
66
59
67
60
63
57
58
59
56
55
68
54
41
68
59
52
57
71
64
66
68
69
63
57
53
62
61
48
72
56
73
46
57
61
45
51
58
53
60
66
56
61
60
45
61
60
45
46
55
60
70
65
51
67
58
48
46
61
65
64
61
63
46
55
43
64
56
65
57
57
54
52
60
61
40
52
58
49
53
52
59
67
51
59
56
49
65
46
44
44
58
46
45
50
58
46
52
41
45
44
50
61
49
53
42
60
48
62
68
44
61
54
62
48
51
39
46
40
48
38
55
51
42
44
34
41
47
41
50
47
47
51
46
50
57
47
44
36
49
47
39
47
40
55
51
25
49
40
43
50
26
40
47
45
37
40
44
30
43
38
51
39
35
41
38
32
42
49
25
46
27
36
39
32
46
40
33
43
49
35
36
40
34
33
31
38
36
29
36
18
36
31
31
31
40
36
45
31
29
28
33
35
36
37
35
38
32
35
36
36
30
34
32
33
34
29
28
32
19
30
38
33
29
34
39
33
30
28
25
33
41
29
28
31
26
19
46
26
31
22
31
31
22
30
30
27
27
29
21
26
25
32
24
32
29
23
25
30
29
24
34
32
14
29
26
26
33
31
23
18
26
25
33
24
26
26
23
29
28
21
21
23
12
22
22
20
20
23
18
30
24
24
18
21
19
13
30
22
21
29
23
12
23
18
30
26
22
23
16
30
22
27
15
21
25
24
25
22
21
32
29
21
11
16
19
11
19
17
18
18
26
16
22
19
12
15
19
23
18
21
27
14
21
16
22
24
29
21
22
17
23
16
28
25
17
20
21
23
16
15
15
22
18
24
15
19
22
18
17
22
16
14
24
21
18
15
14
17
14
21
23
11
15
11
24
17
22
22
23
26
20
21
21
18
15
26
18
21
20
19
16
12
13
11
14
15
16
14
18
25
13
14
15
20
22
8
16
14
16
13
15
23
19
17
16
22
18
20
19
17
16
20
16
13
10
15
28
12
16
12
23
12
13
18
11
19
10
25
14
18
18
17
13
19
19
12
17
23
13
14
13
11
13
16
11
20
11
16
10
16
14
24
22
11
16
10
17
19
13
10
17
16
13
15
12
21
11
8
18
11
18
11
16
8
14
18
16
13
22
17
12
11
14
22
19
19
12
18
19
19
17
13
13
16
17
13
13
10
19
20
16
17
21
10
19
13
17
13
15
17
17
13
14
9
17
12
11
9
7
19
21
7
20
11
9
13
16
13
15
11
12
13
14
7
8
20
22
5
17
14
9
14
6
14
18
13
15
7
12
8
17
6
18
9
9
13
11
7
15
17
15
11
10
10
7
6
9
19
17
14
9
9
12
14
16
16
11
18
13
16
13
11
14
7
12
14
8
13
12
11
14
6
6
10
15
7
4
8
8
13
14
8
11
12
9
5
10
8
10
11
9
12
7
15
18
12
8
8
13
16
15
12
11
11
10
10
11
10
15
10
17
7
10
9
17
14
11
11
14
8
9
11
18
14
8
12
7
12
11
7
17
9
9
8
23
6
9
11
7
7
12
12
7
7
10
18
6
10
13
10
7
13
9
15
11
11
8
3
13
8
7
11
13
15
8
12
12
10
12
4
16
14
11
10
11
14
10
17
12
13
10
9
14
11
6
16
10
10
8
10
9
10
12
7
13
13
8
8
15
8
11
12
12
8
8
7
12
9
11
8
11
7
11
11
13
17
11
9
5
9
11
12
7
8
14
10
8
13
7
10
9
9
12
9
6
10
6
8
10
9
9
6
11
3
12
9
6
10
5
7
8
11
8
13
4
4
8
2
9
7
10
10
8
13
7
9
9
12
4
7
6
7
11
14
9
4
11
10
9
8
16
8
15
8
9
13
5
12
6
6
10
1
6
4
11
3
8
9
4
6
3
6
7
10
5
8
4
10
7
11
6
9
10
4
6
6
5
3
7
8
9
3
9
12
10
8
4
7
10
7
6
7
3
6
7
9
4
6
4
9
3
7
6
0
4
11
4
10
6
4
6
5
9
5
5
6
10
8
5
8
7
6
4
5
6
10
5
4
11
1
4
8
2
5
4
4
1
3
6
2
9
4
3
7
7
6
2
8
3
5
5
5
3
12
5
7
6
4
4
2
6
5
11
4
5
8
2
3
2
5
9
4
3
5
4
4
6
3
2
4
6
8
4
3
4
3
8
4
2
5
5
1
7
5
3
3
10
4
4
4
5
3
2
5
8
5
7
5
5
2
5
3
8
7
2
4
4
3
7
1
9
4
4
3
3
4
5
3
5
4
7
3
4
2
6
2
6
8
6
3
6
7
0
8
2
4
2
3
7
1
2
1
3
4
8
1
6
5
7
7
3
4
6
6
1
5
2
5
4
7
3
4
3
7
2
3
5
2
3
3
10
3
5
2
4
4
5
2
6
1
6
5
5
5
5
7
8
5
5
5
5
9
5
2
5
2
5
7
5
3
5
6
4
3
2
8
4
2
6
4
3
5
6
5
4
7
3
6
4
3
5
6
2
8
6
8
5
4
9
7
8
6
3
6
4
5
3
2
9
6
4
8
5
6
5
5
5
4
5
5
8
2
2
6
4
5
9
9
2
6
4
6
9
7
7
6
3
8
10
7
1
5
3
5
6
6
11
5
9
4
5
11
8
7
10
7
10
13
10
4
10
5
7
10
10
11
6
6
9
11
18
8
8
8
18
7
6
8
10
9
8
10
8
10
14
12
9
5
14
12
13
12
9
11
11
15
18
16
18
11
11
6
14
10
15
8
14
15
15
21
18
18
12
12
11
13
17
14
15
21
23
20
22
18
19
15
15
16
11
28
25
21
21
20
17
27
18
24
24
26
31
37
19
21
24
20
38
20
26
31
25
31
28
32
30
26
31
27
22
28
27
30
34
32
38
25
24
25
25
30
37
31
28
38
31
33
25
39
36
34
45
36
31
41
33
33
35
34
28
38
32
31
37
28
42
32
29
33
42
35
34
22
31
34
35
35
37
40
42
31
36
30
42
26
36
27
39
36
34
30
29
33
35
25
29
28
27
28
35
35
31
21
44
20
34
26
35
26
28
17
34
23
31
35
35
27
22
31
22
20
28
25
20
31
24
25
28
14
24
24
27
20
15
25
24
18
27
18
15
17
20
24
16
10
18
22
20
10
15
16
19
20
7
12
8
16
11
6
21
15
9
15
16
10
13
12
7
13
4
5
8
4
5
9
12
10
5
8
12
3
9
9
6
7
9
6
0
13
10
3
5
3
6
5
7
4
3
5
8
5
5
2
4
3
6
7
7
2
6
6
2
2
5
2
3
6
4
3
2
4
3
4
3
2
3
4
1
2
3
1
4
7
3
4
4
3
3
1
0
1
1
3
5
1
4
4
2
1
2
5
2
1
3
3
0
4
4
1
2
0
1
2
3
3
3
2
3
2
4
1
2
4
2
3
2
2
2
0
4
2
0
0
2
2
5
1
2
0
4
0
2
0
2
1
1
2
1
1
2
0
3
2
1
1
3
0
3
0
2
1
1
3
2
2
1
1
1
5
2
2
0
0
2
0
3
2
2
1
0
0
1
0
1
1
2
2
1
1
0
3
1
0
1
3
5
2
1
0
0
1
1
1
1
1
1
1
1
2
1
1
0
2
0
0
2
1
0
1
1
1
1
2
1
2
2
6
0
3
1
3
2
1
2
0
2
3
2
0
3
1
0
2
1
0
1
0
1
2
3
0
1
0
0
0
0
2
1
0
1
2
1
1
2
1
1
1
0
0
3
1
1
3
1
0
2
0
2
0
1
0
2
1
1
0
1
4
2
0
1
2
1
1
0
2
2
2
0
0
0
1
3
0
2
2
1
0
1
1
0
3
0
2
3
0
0
2
0
0
2
1
1
3
4
2
1
2
1
0
1
0
0
1
0
0
1
2
1
1
0
0
3
0
0
1
3
1
2
1
0
0
1
0
1
1
2
2
0
3
1
1
1
0
0
1
0
0
2
1
0
1
2
1
1
0
3
1
2
1
0
2
1
2
1
0
2
3
2
1
2
1
0
2
1
3
0
2
1
0
2
2
0
0
0
2
4
1
2
0
0
2
0
6
0
0
1
2
1
0
3
2
0
1
0
2
0
0
5
1
2
0
0
0
0
4
3
1
0
0
2
1
2
4
1
2
2
4
2
1
0
0
3
5
2
3
1
3
1
0
1
1
2
3
0
1
1
0
2
2
1
1
0
0
2
1
2
1
1
0
1
0
1
1
1
0
2
1
2
1
4
1
9
2
0
1
0
0
0
1
1
1
1
3
1
3
2
1
0
4
1
3
0
0
0
2
1
3
2
4
1
1
2
1
1
2
0
2
1
0
0
0
1
0
0
2
0
0
3
1
1
1
3
0
1
1
1
2
0
1
1
1
1
0
1
2
3
3
1
0
3
4
3
1
1
0
1
0
0
4
1
1
1
1
1
2
1
1
2
1
2
0
1
2
1
0
0
3
0
2
1
0
4
3
0
1
0
2
2
2
0
0
0
1
0
1
2
0
1
1
2
3
2
3
0
2
2
0
4
1
1
0
2
2
1
1
2
2
1
0
1
1
1
2
2
0
0
0
4
3
1
2
2
3
2
0
1
0
5
0
1
1
0
2
0
0
0
0
2
4
2
1
1
1
1
4
1
1
1
2
2
0
0
1
0
1
3
2
1
1
0
2
1
4
2
3
0
1
1
0
0
2
2
0
0
1
0
1
2
3
1
1
4
0
1
2
2
2
4
1
3
2
0
0
0
0
0
1
0
0
3
0
2
2
0
2
1
0
1
1
1
1
3
1
0
0
2
1
0
1
3
0
2
1
2
2
1
2
2
0
0
2
1
1
1
1
0
1
1
1
1
0
1
1
1
1
1
2
0
0
1
0
0
0
0
1
0
0
3
0
0
2
0
1
0
0
1
2
0
0
0
0
1
1
1
0
2
2
1
2
0
2
0
2
1
1
0
1
1
0
1
0
0
0
0
0
1
1
0
0
0
2
0
2
1
0
2
1
2
1
0
1
1
0
0
1
1
1
1
1
2
1
2
0
0
0
0
1
2
0
2
1
1
0
2
1
1
6
0
1
1
0
0
1
0
2
1
0
0
0
0
3
0
2
1
2
0
0
1
3
0
2
3
1
1
2
1
1
0
0
1
1
1
0
3
0
0
0
0
2
0
0
0
3
1
1
2
0
0
0
0
2
1
0
1
1
0
1
0
0
2
0
0
1
3
0
0
0
1
2
4
1
0
0
2
0
0
3
2
1
2
0
0
1
3
0
1
0
2
1
0
1
1
0
1
2
1
0
0
2
0
1
2
0
1
0
0
0
1
1
0
1
0
0
1
0
1
1
2
4
1
1
0
0
2
0
0
2
1
0
2
1
1
1
0
2
1
1
0
0
1
0
2
1
1
0
1
1
3
0
0
2
1
0
0
0
0
3
0
2
0
0
1
0
1
1
1
1
1
0
1
0
3
2
0
1
0
2
1
1
0
2
2
1
0
1
0
1
0
0
0
1
2
1
0
2
0
0
0
0
1
0
4
0
1
0
1
2
0
1
0
1
1
0
0
1
2
1
1
0
1
2
2
1
0
0
2
0
1
2
0
0
2
0
2
2
0
1
1
0
0
0
0
0
0
0
1
0
3
0
1
1
1
0
1
2
0
0
2
0
0
0
3
0
1
0
1
0
0
2
2
1
0
0
1
1
0
2
1
0
0
0
1
1
0
1
1
1
0
1
2
0
0
0
0
1
1
0
0
0
0
1
1
2
0
0
0
2
1
0
2
1
0
1
0
0
1
0
0
1
0
1
0
1
0
0
2
2
1
0
0
2
1
2
0
0
0
0
1
2
0
2
1
0
3
0
2
1
0
0
3
0
3
0
0
1
0
0
1
0
0
0
1
0
0
0
2
0
1
0
0
1
0
0
1
2
1
0
0
1
1
1
0
1
0
1
0
0
1
0
2
3
0
0
1
0
1
0
0
0
0
0
0
1
1
1
0
0
4
0
2
0
1
1
0
0
1
0
0
1
0
0
2
1
1
1
0
0
1
2
0
0
0
1
0
0
0
0
0
0
0
1
0
0
0
1
1
0
1
0
1
1
0
0
0
1
1
1
0
2
0
0
0
1
2
3
1
0
0
0
0
0
0
1
0
0
1
1
0
0
1
2
2
0
0
3
0
0
1
1
0
1
0
0
1
1
0
0
0
0
0
0
1
0
0
1
0
1
0
0
0
0
0
1
0
0
0
1
0
0
0
1
0
0
0
0
0
0
2
3
1
0
0
1
2
0
1
0
0
1
0
0
1
0
0
1
1
0
1
0
0
1
1
0
0
1
3
0
0
0
0
0
0
0
1
0
0
0
0
0
0
0
0
1
1
0
2
0
0
1
1
0
1
1
0
0
1
0
0
0
0
0
2
1
0
1
0
0
1
1
0
1
1
0
0
1
2
1
0
0
1
0
3
5
0
1
1
0
0
0
1
0
0
0
1
0
1
0
0
0
0
2
0
0
1
0
2
1
0
0
1
0
0
1
2
1
0
1
0
0
1
0
1
1
0
0
1
0
0
0
0
0
1
1
0
0
0
0
0
0
1
0
1
0
0
1
1
0
2
0
2
0
0
0
0
0
0
0
0
1
0
0
0
1
0
2
1
1
0
1
1
0
0
0
0
0
0
0
2
0
0
1
0
0
0
0
0
1
1
0
1
1
0
2
0
1
0
1
0
0
1
1
0
2
0
0
0
0
1
0
0
0
0
0
1
0
0
0
1
4
0
2
0
0
2
0
0
1
1
0
0
0
0
0
0
0
0
0
2
0
0
1
1
0
2
0
0
0
0
1
0
0
1
0
1
0
1
0
2
0
0
0
0
1
0
2
0
0
1
2
0
1
1
0
1
0
0
0
1
1
0
0
1
0
0
1
0
0
0
0
1
0
1
2
1
0
2
0
0
1
0
1
0
0
1
0
0
0
0
0
0
1
1
0
0
0
0
1
0
0
0
1
1
0
1
2
2
0
0
0
1
0
0
2
0
0
1
1
0
0
2
1
2
0
1
0
1
1
0
1
1
0
0
0
0
0
0
0
0
0
0
0
0
0
1
1
2
1
0
1
0
1
1
2
1
0
0
0
1
0
0
0
0
0
0
0
1
1
3
0
1
1
2
0
0
0
0
1
0
0
1
0
0
0
0
0
1
1
1
0
0
1
0
1
0
1
1
1
0
1
0
0
1
1
0
0
1
0
1
2
3
0
1
1
0
1
1
1
0
1
0
0
1
0
0
1
1
0
0
0
1
3
1
1
0
1
1
1
0
2
3
0
0
0
2
1
0
0
1
0
2
0
0
2
1
3
1
0
1
1
0
0
0
0
1
0
1
0
0
1
0
1
0
1
1
1
1
0
1
1
0
2
2
1
0
0
0
1
1
1
0
0
1
1
2
0
0
0
0
0
2
0
0
0
0
2
2
0
1
1
1
0
2
1
1
1
2
1
1
0
1
0
1
1
1
2
1
1
2
0
1
1
0
0
0
1
0
0
1
0
2
0
1
1
0
1
0
1
0
0
2
1
0
1
0
2
1
1
1
0
0
2
1
1
1
1
0
0
1
0
1
1
4
0
1
1
1
2
0
0
1
2
0
1
1
1
1
0
0
1
1
2
1
0
1
1
0
0
0
0
0
3
1
0
1
0
0
1
0
1
1
0
0
0
0
0
2
1
0
0
0
0
0
1
1
1
0
2
0
0
2
1
0
1
2
0
0
1
1
0
0
1
0
0
1
0
0
0
0
0
0
0
3
0
0
1
0
0
0
0
2
0
1
0
0
0
1
0
0
0
1
1
1
0
0
0
1
0
0
0
0
1
0
0
0
0
0
1
0
0
0
0
1
0
0
0
0
0
0
1
0
0
1
0
0
0
0
0
1
0
1
0
1
1
0
1
0
0
0
0
0
0
3
0
1
0
0
0
0
0
0
0
1
0
0
0
0
0
0
0
0
0
0
0
1
0
0
2
0
1
0
0
1
1
1
0
0
0
0
1
0
0
1
0
0
0
0
0
3
0
0
0
0
0
0
1
0
0
0
1
0
0
0
0
0
0
2
0
0
0
0
0
0
0
0
0
2
1
0
0
0
2
0
0
0
