0
0
0
0
0
0
0
0
0
0
0
0
0
0
0
0
0
0
0
0
0
0
0
0
0
0
0
0
0
0
0
0
0
0
0
0
0
0
0
0
0
0
0
0
0
0
0
0
0
0
0
0
0
0
0
0
0
0
0
0
0
0
0
0
0
0
0
1
1
0
0
0
0
0
0
0
0
0
0
0
0
0
0
0
1
0
0
1
0
2
0
0
1
0
1
0
1
1
1
1
1
1
1
0
1
0
1
1
1
1
2
4
0
0
2
1
1
1
2
3
2
2
2
6
2
7
2
5
5
9
12
8
13
9
6
9
13
11
17
16
11
19
21
14
27
24
24
18
26
21
35
31
40
39
28
38
55
48
46
49
57
61
58
60
67
68
91
74
99
93
95
104
108
127
139
124
133
146
163
159
202
186
199
212
211
192
212
227
243
249
231
233
251
291
290
289
270
326
306
311
316
333
342
308
334
335
337
324
316
351
358
308
346
355
366
352
371
390
342
374
365
397
392
347
377
347
333
368
378
394
370
358
391
343
354
356
396
368
387
386
386
418
411
399
397
404
423
408
391
383
414
381
367
389
425
393
435
412
424
371
355
401
410
419
437
385
419
423
481
414
409
456
441
452
442
391
456
419
433
415
447
434
473
449
437
436
443
444
455
449
457
436
476
462
455
470
446
480
479
459
449
448
435
441
474
503
464
479
454
481
488
449
465
476
415
438
474
450
464
470
472
490
480
429
417
462
457
459
481
450
437
441
463
441
461
437
419
406
414
482
469
476
452
453
444
407
398
452
459
438
420
461
458
437
441
424
427
426
436
461
466
454
396
452
477
453
448
490
466
446
474
448
424
427
463
460
428
454
416
463
441
427
468
436
438
425
449
456
464
481
438
448
459
489
451
441
444
473
418
483
415
460
447
438
456
444
462
410
456
457
476
422
459
428
453
466
472
498
445
471
436
464
425
412
461
446
426
499
438
454
450
460
417
464
474
442
440
465
483
451
427
473
506
477
453
452
451
462
449
482
440
478
491
458
440
454
446
460
487
494
414
459
469
455
465
487
461
459
467
509
459
473
474
501
447
441
474
479
479
482
484
484
523
485
470
459
507
551
483
487
503
469
476
456
476
537
491
480
490
536
445
488
514
526
484
461
526
545
489
518
532
455
532
478
499
506
489
529
499
486
516
482
533
480
535
546
507
505
479
476
540
461
484
508
478
552
490
521
541
514
517
528
492
487
491
519
513
491
527
518
465
505
490
484
493
523
519
517
522
491
493
535
532
478
523
516
523
519
519
519
500
528
551
474
515
509
446
488
499
480
487
478
490
464
435
558
498
454
463
501
479
456
442
532
495
475
492
502
479
462
447
449
462
483
451
449
432
441
461
498
437
453
431
476
412
457
450
440
452
462
428
470
427
413
461
472
445
461
484
403
475
437
433
443
439
399
443
428
440
407
389
435
443
409
431
413
405
400
421
429
442
430
382
398
383
412
418
375
451
407
368
394
359
369
397
376
409
419
353
390
352
386
380
411
379
384
354
394
371
353
348
393
370
374
380
390
377
344
402
388
363
380
363
391
369
362
390
363
376
356
396
377
345
363
367
374
332
388
313
352
359
331
388
362
367
371
329
356
351
323
317
330
357
333
369
351
328
361
334
367
329
349
344
343
351
316
336
316
355
326
347
358
327
328
330
325
328
302
311
329
335
309
326
302
327
340
351
362
331
316
328
305
341
322
301
332
328
314
332
298
345
337
337
303
311
300
321
305
330
353
295
310
306
305
290
307
313
292
310
331
273
308
296
335
289
314
301
275
293
294
297
316
339
278
313
290
306
285
301
314
328
316
273
305
323
282
307
299
269
311
274
285
316
284
282
316
268
290
296
305
277
286
280
299
320
256
295
316
289
286
270
290
277
271
263
320
294
316
277
293
299
307
292
304
294
258
295
292
282
267
268
302
312
269
247
257
314
279
264
299
253
261
269
284
281
262
292
286
297
244
273
279
261
286
267
253
245
267
273
273
285
296
279
258
272
275
298
269
253
239
317
259
260
308
244
274
274
277
303
270
268
275
276
262
282
273
256
263
257
269
263
289
259
273
263
279
255
299
269
213
254
233
242
265
227
243
233
269
263
253
275
273
241
256
265
258
292
224
265
235
263
250
245
228
272
272
250
271
285
240
269
254
250
263
252
282
236
228
252
242
273
247
242
264
264
262
252
275
268
249
263
272
242
249
257
280
226
223
258
211
242
240
246
238
271
288
222
264
224
258
249
259
262
261
266
243
238
258
267
229
246
240
238
242
248
230
260
265
264
238
240
249
252
249
262
261
242
270
276
252
250
223
235
260
259
262
259
238
266
236
248
260
250
249
257
265
222
264
243
235
253
238
235
218
249
255
250
243
260
231
221
285
256
246
259
249
248
248
207
230
269
239
240
235
244
274
246
243
239
239
212
243
244
262
278
248
240
229
236
272
256
217
226
247
262
244
243
226
218
260
239
269
258
232
233
229
241
217
267
252
253
243
257
238
239
236
235
246
229
239
240
241
249
264
227
254
252
248
240
239
222
235
248
241
275
241
211
240
221
240
255
250
229
257
221
220
247
235
220
261
226
219
232
214
220
215
194
231
253
217
227
251
232
224
198
229
232
212
219
213
198
222
203
235
242
218
220
228
229
213
216
210
221
224
251
212
226
230
201
250
206
206
192
231
197
204
213
235
234
201
196
202
217
229
205
200
228
216
219
195
232
213
205
192
212
202
210
213
221
195
183
184
192
212
193
200
217
195
190
199
203
183
195
187
209
200
197
193
176
194
189
198
175
206
191
181
191
190
200
180
161
191
193
179
170
173
181
195
169
181
195
155
159
167
165
164
152
180
177
152
155
213
159
149
156
165
148
155
156
168
156
150
174
128
148
155
146
166
147
154
150
158
136
184
151
137
126
160
129
129
132
136
141
147
153
152
139
125
151
137
134
121
126
112
149
151
121
131
120
138
113
125
124
116
128
119
123
121
115
120
100
101
118
124
126
101
108
126
99
109
113
108
137
117
101
120
114
120
122
99
86
114
107
108
97
108
114
108
107
114
105
92
110
102
103
93
84
101
91
103
100
110
95
109
82
91
90
91
102
105
119
108
68
112
91
107
101
79
104
99
86
106
80
93
92
87
86
75
117
84
101
82
79
92
81
105
94
90
87
92
76
87
79
92
100
80
72
83
76
82
87
88
83
81
96
69
94
92
86
79
80
91
78
83
86
75
77
103
82
74
78
97
86
73
72
76
68
58
61
79
75
75
94
61
83
75
70
85
90
78
72
76
65
59
71
75
77
72
67
79
75
83
78
69
87
79
74
65
82
78
85
64
60
58
50
73
90
57
67
67
78
74
76
75
78
56
78
86
59
63
61
72
81
82
61
70
68
59
74
60
66
68
72
74
74
47
61
78
61
52
55
83
72
63
68
70
69
75
57
71
79
65
70
71
61
78
71
66
47
65
59
70
66
54
67
87
72
63
64
64
74
54
62
59
63
52
68
70
58
66
79
62
76
70
60
67
68
54
76
76
68
70
64
63
63
50
62
69
69
62
78
64
78
72
60
71
71
69
63
80
64
59
72
79
67
75
77
76
71
66
76
64
75
81
84
76
92
74
95
88
78
84
88
78
90
100
88
90
116
91
82
100
91
102
91
76
129
121
94
99
120
118
113
116
124
112
127
126
127
142
146
116
131
148
145
131
131
154
154
141
133
133
173
164
174
170
168
173
186
184
200
223
177
189
198
207
238
225
256
233
224
215
240
286
253
269
259
273
270
274
281
289
279
283
280
324
321
321
321
339
353
342
340
341
369
385
400
373
391
413
393
433
436
463
437
467
467
479
493
517
492
474
488
486
515
530
519
535
550
586
563
590
558
604
603
607
569
636
630
630
626
660
603
683
658
628
670
699
723
662
705
720
716
777
691
710
754
753
718
763
771
800
833
758
823
818
810
848
776
841
770
823
797
904
799
854
844
841
779
886
850
849
873
844
844
846
832
849
822
856
845
884
880
943
839
821
859
819
873
840
838
853
851
844
846
896
841
858
819
798
795
807
828
814
812
816
778
848
763
780
744
788
752
757
775
733
714
804
685
747
684
736
692
687
617
648
680
652
624
629
577
641
614
651
617
541
584
577
587
565
546
543
580
528
497
531
498
496
481
502
481
467
476
455
453
433
379
402
425
420
396
393
355
373
371
382
356
363
357
354
307
327
289
286
310
290
311
274
256
257
255
278
234
232
226
233
239
219
208
210
197
189
192
192
181
180
178
154
147
147
148
153
130
153
156
134
144
114
136
96
135
106
107
132
112
120
114
95
102
100
76
98
87
84
87
66
72
69
76
66
64
67
60
61
59
68
70
50
53
47
54
55
51
62
39
39
48
37
44
50
36
37
40
31
31
45
32
30
30
27
28
37
31
38
20
25
18
24
23
22
31
26
23
21
21
17
25
25
26
17
20
17
19
24
24
12
17
21
16
16
15
12
16
22
12
12
17
22
11
11
13
13
14
15
14
17
13
14
12
9
8
14
11
14
11
13
13
12
5
12
17
11
10
14
16
10
6
6
11
12
11
8
11
7
10
16
8
9
19
11
4
5
16
10
13
10
9
7
2
12
17
12
10
13
5
15
15
13
15
15
14
16
11
11
7
7
16
11
5
12
7
15
10
8
7
11
6
7
8
8
13
6
15
7
6
7
8
15
4
7
10
8
12
7
10
7
10
10
10
8
9
6
7
8
8
12
9
16
7
11
7
6
9
14
11
8
7
11
2
8
6
8
9
13
5
10
6
12
10
10
7
11
7
11
8
8
8
4
7
4
13
8
5
9
13
10
10
4
6
6
7
12
13
10
9
5
5
14
6
8
9
12
8
8
12
3
14
4
12
6
6
12
8
6
7
5
7
5
4
12
10
12
11
8
10
6
6
11
9
10
3
9
5
8
4
5
11
12
3
12
12
7
6
13
7
8
12
8
4
3
8
8
9
7
13
6
5
5
4
10
6
3
10
11
7
4
8
8
7
1
4
9
9
9
4
3
10
4
7
8
8
9
8
4
4
8
4
3
9
7
8
4
11
10
5
5
6
6
9
9
8
13
4
6
7
8
7
12
3
6
7
9
9
10
9
5
7
2
4
12
9
7
6
7
1
14
6
8
13
9
5
4
7
7
6
5
5
9
5
4
6
7
8
4
3
4
6
4
2
2
6
4
4
3
8
5
6
5
5
4
2
8
3
2
6
2
6
10
5
2
5
7
9
4
4
6
9
2
6
8
5
7
9
9
2
6
5
6
3
2
4
6
10
5
1
3
3
11
9
7
8
10
5
5
2
3
4
6
7
5
6
5
5
4
4
7
6
6
2
4
5
13
7
5
4
5
9
8
5
6
6
6
7
5
4
9
7
2
4
7
4
4
9
10
6
6
5
8
7
5
7
3
8
4
5
8
5
9
9
9
6
2
5
6
9
11
5
4
6
5
4
7
5
5
4
6
2
3
7
7
8
7
7
4
4
4
4
6
2
7
4
5
7
1
4
5
4
4
5
9
5
6
5
2
7
6
6
2
5
8
3
2
3
6
1
4
4
6
8
6
5
3
3
4
3
6
3
0
4
4
5
3
4
3
1
5
5
8
4
6
8
4
2
4
6
1
4
4
3
5
6
3
5
2
4
3
2
2
6
8
4
6
1
6
3
7
3
7
2
2
4
4
4
4
3
3
3
0
0
6
6
8
3
4
3
2
6
5
10
7
2
4
3
5
2
4
6
6
3
5
2
4
5
8
7
3
3
5
3
5
8
2
6
4
4
2
1
4
8
7
2
4
4
3
2
3
1
5
3
2
4
3
4
0
7
2
1
5
4
3
4
4
6
4
4
5
2
3
3
1
2
4
6
3
1
3
2
5
4
5
5
7
1
4
0
4
1
0
1
2
6
3
4
5
3
5
3
2
0
1
2
2
3
3
4
3
3
4
6
0
1
5
4
1
2
4
6
5
2
1
4
4
2
2
1
2
4
1
2
3
6
2
4
3
2
6
2
4
2
1
3
2
5
3
2
2
8
5
1
1
5
7
5
7
1
9
0
4
3
1
5
1
1
3
6
4
2
7
0
0
5
2
4
5
4
7
1
3
2
2
5
3
2
2
4
2
1
2
5
2
4
5
6
3
4
0
2
5
5
2
3
3
1
1
2
4
4
2
3
2
1
3
3
0
2
1
3
4
6
5
4
2
3
4
1
0
4
5
4
5
2
3
0
2
1
2
2
3
4
1
2
1
3
3
2
4
6
2
2
3
5
5
1
1
2
3
2
0
4
6
3
3
1
2
4
5
1
2
2
1
5
1
7
3
4
2
3
5
4
3
4
1
2
4
0
2
1
3
3
2
4
5
5
4
1
0
1
3
2
1
1
4
3
4
1
3
2
4
0
4
2
1
5
3
1
3
2
1
0
1
4
5
3
7
5
3
2
3
2
4
2
1
5
1
6
3
2
1
4
4
1
3
2
4
4
2
7
2
2
1
3
0
5
4
1
4
1
3
1
3
1
1
1
3
4
3
1
3
3
3
6
5
2
3
5
3
3
1
4
1
0
3
2
5
3
4
3
2
1
1
3
2
6
4
3
2
2
2
4
1
2
4
1
2
2
3
2
1
2
2
2
6
2
2
3
5
5
2
2
3
2
2
2
4
1
5
2
1
4
2
3
1
4
2
1
2
3
3
4
1
2
5
4
3
2
1
3
0
0
1
3
1
3
1
7
4
3
3
1
2
4
2
4
2
2
3
5
3
6
2
2
2
1
3
3
3
2
2
2
1
4
4
1
0
1
2
1
1
0
1
2
2
0
1
4
1
5
1
2
1
2
1
2
1
2
2
2
2
1
1
0
2
1
2
1
1
4
1
0
1
1
1
3
0
1
1
1
2
1
0
0
6
0
2
1
4
2
0
3
2
3
5
1
1
0
2
1
1
2
0
1
2
2
1
2
5
2
1
2
4
0
2
4
1
1
1
4
3
1
1
1
0
1
1
0
2
1
3
1
2
3
2
1
1
1
0
1
1
2
2
0
1
2
1
2
0
0
1
1
3
2
3
0
1
0
0
3
4
2
1
1
1
1
0
2
1
3
2
1
4
1
1
1
1
5
0
1
2
1
1
3
1
0
0
0
4
2
2
0
1
2
1
0
2
1
2
1
1
0
2
2
2
4
2
3
1
0
2
1
2
1
2
4
2
0
0
1
2
1
0
0
3
0
1
1
2
0
1
4
2
1
0
1
2
1
3
1
2
3
0
0
1
3
0
0
3
3
1
3
1
1
0
1
2
1
0
2
1
1
3
0
2
1
0
1
5
2
2
4
1
0
1
1
0
0
3
0
2
1
0
2
0
1
2
0
1
0
2
0
3
2
0
4
3
3
1
2
3
0
1
1
0
0
2
4
2
0
2
1
1
1
0
1
0
1
0
3
1
2
0
3
1
0
2
0
1
1
3
2
2
1
2
3
0
2
2
0
2
0
3
0
0
1
1
3
1
0
2
1
1
0
4
1
2
4
2
1
1
2
2
2
0
3
3
4
0
1
2
2
2
4
0
1
1
2
4
1
0
1
3
1
3
1
2
3
1
3
4
1
0
1
0
0
0
2
2
1
0
1
4
2
0
0
3
0
2
1
0
2
1
2
1
2
2
1
1
1
2
1
1
2
1
1
2
1
4
1
1
5
1
3
2
1
4
1
4
1
1
0
1
1
0
2
1
0
1
5
1
4
2
1
0
2
0
2
1
0
3
3
0
2
0
3
1
1
3
0
2
0
2
1
2
1
0
4
0
1
1
0
0
2
3
2
2
0
1
0
1
2
2
2
1
2
2
0
2
4
1
0
2
2
1
0
2
1
2
1
4
1
1
0
2
1
2
1
2
3
2
0
0
0
2
3
1
0
1
2
0
3
0
1
1
2
2
0
0
0
0
2
0
1
0
2
0
0
1
0
1
1
0
1
1
1
2
0
0
1
1
0
0
4
1
0
1
1
3
2
0
2
2
0
0
1
2
1
0
2
2
3
1
0
0
1
1
0
1
1
1
4
1
1
1
0
2
1
0
2
1
1
0
1
0
1
0
1
0
1
0
2
0
1
1
1
0
0
0
0
0
1
1
0
1
1
1
0
1
0
2
1
1
0
0
2
1
0
1
1
1
0
1
0
0
1
2
0
0
1
0
0
1
0
0
0
1
0
1
1
0
0
1
2
1
1
1
1
0
2
2
1
2
0
2
0
2
0
1
0
0
1
1
0
0
0
1
0
0
1
1
0
0
0
1
1
1
2
2
1
0
3
1
0
1
4
0
0
0
0
2
0
1
0
0
2
0
2
0
1
1
2
1
0
0
1
0
2
2
1
1
1
0
1
0
1
4
2
0
0
0
0
0
2
0
1
1
0
1
0
1
3
1
1
1
0
1
1
1
2
0
0
2
0
1
1
1
1
0
2
1
0
0
0
0
0
1
0
1
1
2
1
1
1
0
0
0
0
0
1
1
0
1
0
2
0
1
0
1
1
0
2
1
0
0
0
1
3
1
0
2
0
1
1
0
0
2
3
1
1
1
0
1
1
0
1
0
1
0
0
1
2
0
0
1
0
2
2
2
1
1
1
0
0
1
0
0
0
0
1
0
0
0
0
0
1
1
1
0
1
3
1
1
1
0
1
0
0
0
0
1
1
2
0
0
1
2
0
0
1
0
0
0
0
1
1
2
0
0
0
1
0
0
0
0
1
0
1
1
0
1
0
0
1
0
1
0
0
0
1
1
1
1
1
3
1
0
0
1
2
0
1
3
0
0
0
2
0
1
0
0
0
1
0
0
0
0
0
1
0
0
0
0
0
0
0
0
0
0
0
0
0
0
0
1
0
0
0
1
0
0
1
0
0
0
1
0
1
1
0
1
1
0
0
0
1
1
0
1
0
1
0
0
1
0
0
0
0
0
1
0
1
0
1
0
0
0
0
2
1
0
0
0
0
1
0
0
0
1
0
0
0
0
1
0
0
1
0
0
0
0
1
0
0
0
0
0
0
2
0
0
0
1
0
0
0
0
0
0
0
0
0
0
1
0
0
0
0
0
0
0
0
1
0
1
0
0
0
0
0
0
0
0
1
0
0
0
0
0
0
2
0
1
0
0
0
1
2
0
0
1
0
0
0
0
0
0
1
0
0
1
0
0
0
2
0
0
0
0
1
0
0
1
0
0
1
0
0
0
