0
0
0
0
0
0
0
0
0
0
1
0
0
0
0
1
0
0
0
0
0
0
0
0
0
0
0
0
0
0
0
0
0
0
0
0
0
0
0
0
0
0
0
0
0
0
0
0
0
0
0
0
0
0
0
0
0
0
0
0
0
0
0
0
0
0
0
0
1
0
0
0
0
0
0
0
0
0
0
0
1
0
0
0
0
0
0
1
0
0
0
0
0
0
0
0
1
0
0
0
0
0
0
4
0
1
1
0
1
1
1
2
2
2
1
1
0
0
0
1
1
4
2
3
2
2
2
3
2
3
4
2
7
4
2
4
8
7
4
8
7
12
7
11
8
8
9
25
13
13
18
17
17
23
23
18
33
38
33
24
37
47
45
35
43
56
45
56
55
77
69
59
86
92
81
92
79
111
111
99
137
108
135
153
163
166
184
170
189
193
217
204
184
211
212
209
217
240
217
236
249
266
279
233
272
271
240
242
259
262
261
231
294
258
279
264
268
261
262
266
229
274
292
277
246
239
269
262
257
258
253
300
272
238
237
277
322
269
266
273
272
292
275
308
252
277
272
277
274
288
278
250
299
281
285
265
282
302
293
290
303
270
291
274
283
324
288
287
312
293
303
328
313
298
294
346
304
287
305
315
326
313
308
372
333
302
335
313
307
339
324
344
315
335
314
308
304
354
316
322
313
318
324
330
359
355
326
329
335
342
335
287
326
354
321
303
334
326
336
333
329
287
341
294
348
330
336
335
321
286
312
316
291
302
321
332
287
305
307
336
312
308
332
336
308
332
291
342
305
336
289
296
274
315
339
287
310
285
333
309
297
324
323
308
313
302
297
298
288
321
325
314
318
318
299
308
288
293
311
315
302
307
331
321
292
343
328
292
322
318
296
341
292
326
337
324
340
297
332
295
334
301
321
325
317
311
336
317
286
287
297
268
312
289
352
331
281
309
282
313
295
308
339
329
287
327
324
324
286
313
333
316
336
317
329
314
331
321
345
380
324
330
314
333
339
306
326
308
278
337
290
304
319
319
311
317
293
327
322
313
298
320
325
345
317
306
333
307
331
316
310
329
319
339
303
343
306
326
359
323
343
331
356
337
328
330
326
325
330
338
348
339
338
354
316
300
304
348
330
308
345
339
297
324
313
338
363
354
336
303
336
340
337
333
340
327
331
331
360
301
350
325
351
353
352
337
345
364
350
321
362
315
369
329
363
371
352
331
353
343
372
340
345
346
327
348
376
362
322
346
368
314
342
354
313
375
337
351
378
331
325
333
331
340
324
346
338
371
331
366
350
332
332
306
330
321
342
331
325
328
335
347
325
313
273
337
325
357
352
336
315
299
289
332
331
324
293
334
325
274
287
316
305
303
314
307
330
317
315
318
329
288
296
318
300
292
289
306
292
303
275
322
317
280
289
309
306
286
277
241
281
295
279
265
308
275
324
291
273
254
285
275
272
261
263
297
274
285
259
237
272
266
271
290
274
267
268
265
253
270
239
263
259
267
260
260
270
261
253
269
260
252
263
279
244
258
265
285
266
241
255
259
245
243
227
232
227
233
252
265
265
242
238
234
256
269
240
229
257
244
259
259
241
275
245
245
247
257
241
263
239
228
245
232
219
256
223
270
233
241
203
232
220
218
203
260
239
218
226
222
208
244
239
222
230
217
222
224
211
237
207
222
253
229
240
213
186
239
238
219
236
246
218
224
224
218
208
224
197
208
218
228
231
211
225
246
231
205
241
205
223
227
170
208
224
191
214
220
207
217
234
208
228
199
236
221
214
219
176
200
213
242
211
211
199
231
197
200
197
195
217
207
196
225
216
183
209
219
189
201
215
183
198
180
164
201
201
217
225
194
190
176
199
218
206
203
195
195
193
197
181
195
192
181
193
190
201
198
192
188
184
196
198
196
205
209
176
203
202
184
194
179
184
213
191
173
189
183
183
185
199
188
178
205
165
208
165
185
187
186
203
160
179
180
184
188
201
193
195
197
187
212
165
163
185
185
161
207
146
177
177
179
194
192
169
188
209
179
197
183
157
181
189
201
183
171
192
182
186
181
190
203
185
188
187
183
185
180
163
223
173
201
170
168
178
184
181
196
169
175
178
176
180
183
176
189
160
173
197
173
194
184
158
182
167
177
177
192
190
190
162
177
168
169
172
168
168
190
161
170
161
178
170
173
141
149
182
148
179
189
172
183
156
180
164
162
173
184
206
180
188
147
171
190
176
192
158
198
168
165
170
161
179
162
171
161
162
156
150
175
178
164
181
165
169
159
153
176
175
168
165
155
172
172
163
169
162
163
166
184
182
159
176
146
162
160
172
169
150
166
174
171
161
152
176
157
163
168
149
170
135
185
155
193
163
164
164
164
156
177
162
178
174
176
166
161
166
166
166
160
151
166
145
170
159
161
156
159
156
159
168
193
187
136
154
176
173
156
174
139
174
146
161
173
171
164
161
181
150
161
190
166
158
183
177
142
153
148
166
167
130
158
149
150
141
148
163
148
141
176
179
161
146
178
170
170
140
173
162
162
151
149
178
161
159
160
153
156
142
154
152
176
144
158
173
161
157
156
167
163
164
163
147
160
156
172
160
144
147
152
154
157
156
154
182
152
144
173
138
150
148
162
166
178
183
152
136
142
156
150
160
149
141
164
152
182
167
128
146
148
138
160
164
144
158
139
174
142
157
148
128
137
151
156
154
146
148
155
169
143
151
166
149
173
140
170
139
160
145
153
148
147
169
155
150
159
146
153
132
147
140
118
147
153
158
140
122
124
115
133
143
136
117
126
128
136
156
148
133
116
137
150
144
137
128
129
118
141
112
129
122
138
140
130
121
127
142
115
118
120
110
127
118
118
126
125
121
109
112
105
131
105
136
141
113
114
112
111
133
114
114
121
116
112
100
115
96
103
93
107
123
107
92
103
96
113
81
97
97
121
112
100
110
101
99
92
109
97
95
91
117
87
103
91
87
111
80
88
95
112
100
92
100
97
88
95
90
82
73
84
79
84
72
67
93
94
103
85
91
69
95
85
93
86
96
71
77
67
66
80
71
78
82
73
74
72
82
55
62
84
80
78
73
70
88
90
61
75
70
76
55
75
63
81
65
69
58
60
67
73
61
59
81
69
60
65
77
88
68
61
65
57
61
67
63
69
60
71
73
73
71
61
77
60
70
56
77
56
61
64
69
68
64
71
62
63
49
58
68
74
50
59
64
47
64
66
65
61
56
65
59
60
50
48
65
54
64
58
62
55
69
60
60
65
49
51
40
55
49
53
51
54
54
66
64
50
80
51
50
49
46
60
50
45
49
47
68
65
54
61
55
52
60
63
52
62
60
55
51
58
62
80
46
60
46
52
54
45
58
47
54
57
57
46
69
53
56
33
42
57
40
47
51
48
44
56
40
56
43
61
47
49
43
52
56
53
39
51
43
51
43
49
51
55
68
66
43
62
55
46
39
60
50
57
48
57
51
54
47
50
47
57
46
46
51
51
46
50
51
48
59
50
49
69
54
50
52
48
49
51
41
43
48
50
30
45
58
48
50
42
53
48
45
41
53
48
56
47
55
49
60
58
40
38
53
59
60
47
58
60
64
53
50
46
40
49
56
55
50
66
53
62
57
53
53
53
54
64
72
52
71
68
58
52
71
67
60
74
65
78
61
69
75
59
68
74
94
66
73
80
76
73
72
74
95
86
80
67
88
73
82
94
79
92
90
98
96
87
106
102
103
102
109
115
88
120
111
103
101
126
102
111
117
132
133
171
137
144
158
131
148
155
137
170
126
166
164
171
164
172
151
176
175
186
164
193
216
206
224
230
217
221
219
239
231
216
209
270
249
279
234
263
291
263
273
294
312
293
317
328
305
326
336
310
348
317
338
357
345
367
362
383
364
352
382
383
373
365
420
405
404
403
386
450
482
454
437
432
437
455
424
476
491
456
455
459
462
505
504
517
539
536
503
509
529
513
506
524
535
576
521
542
536
524
535
565
570
595
535
572
614
559
597
597
611
583
569
596
614
615
597
572
584
614
591
602
582
562
614
579
604
604
574
610
566
636
558
574
593
544
594
549
574
612
552
593
560
555
544
534
537
558
566
509
509
509
551
509
520
525
557
490
541
513
523
488
459
499
480
518
474
442
440
459
455
466
430
437
455
434
436
423
421
382
391
423
379
394
360
408
409
360
340
329
334
334
367
327
342
313
326
329
278
285
285
281
289
274
253
273
245
245
231
252
245
233
224
210
217
252
168
201
198
190
176
199
182
202
183
181
159
154
178
143
161
176
150
131
121
126
112
123
133
131
117
115
122
108
83
103
100
110
93
92
68
83
76
76
72
76
76
78
65
78
70
59
52
63
67
50
54
51
41
60
63
54
47
42
47
51
49
38
53
34
40
34
37
44
29
28
42
30
27
23
25
27
23
32
29
34
17
22
24
22
19
33
19
20
18
18
19
26
16
21
10
24
19
17
25
17
14
16
13
16
12
18
12
8
16
18
19
9
8
7
11
8
13
8
11
13
7
16
14
18
9
10
10
12
6
4
7
8
5
9
9
6
7
13
11
11
6
9
4
8
10
8
11
7
10
4
9
8
11
6
5
6
11
6
8
6
7
6
5
9
6
3
4
4
8
9
3
5
5
8
6
4
6
5
3
4
7
6
3
7
3
11
5
4
3
4
5
6
5
5
4
4
7
7
9
5
3
4
7
4
5
7
4
8
5
6
1
2
3
3
5
6
5
6
5
7
8
3
3
6
5
8
4
2
4
1
7
4
6
2
10
6
6
6
4
5
5
14
1
5
9
3
9
1
5
4
4
4
6
3
5
6
3
8
6
3
8
4
4
6
5
5
5
5
6
2
3
5
4
6
0
4
4
2
6
6
2
2
1
6
4
2
4
3
9
1
2
6
3
5
6
8
2
3
3
3
3
2
6
5
5
5
4
6
7
4
7
7
8
3
4
5
4
3
1
4
5
2
5
2
6
3
2
2
4
3
8
5
7
3
8
0
4
9
6
2
3
1
1
6
4
1
3
2
2
3
5
3
6
2
2
3
2
4
2
4
5
5
4
6
8
3
4
4
3
4
5
4
3
5
7
7
6
3
2
5
7
4
5
8
5
3
1
4
4
4
4
3
3
10
10
5
3
6
1
4
4
2
3
2
5
3
8
4
4
7
3
5
6
1
3
5
5
2
4
5
3
9
3
2
3
3
4
2
4
2
3
6
7
4
3
1
4
2
4
4
2
3
3
3
2
4
1
5
2
5
5
1
4
2
4
1
4
3
5
3
2
4
5
3
6
3
2
7
4
3
3
5
5
7
4
3
4
4
5
4
3
7
4
5
5
1
1
5
4
1
1
5
3
6
7
4
6
3
3
4
3
4
1
6
4
5
2
5
3
1
4
4
5
1
8
3
3
4
3
2
6
1
2
0
2
3
3
4
1
2
5
5
4
5
1
5
2
2
3
3
1
3
4
4
7
2
1
1
2
5
5
2
1
1
5
2
3
3
4
5
4
3
3
4
4
3
5
2
0
5
2
5
2
4
1
2
2
6
5
2
1
5
4
4
4
3
0
1
3
1
3
2
3
3
4
2
2
3
3
2
2
4
2
2
4
0
1
3
1
6
2
3
3
2
2
5
3
3
2
0
2
2
4
0
0
4
2
3
2
4
5
4
1
4
3
2
1
1
4
1
2
1
3
4
3
1
3
2
2
2
3
2
2
4
1
5
3
3
1
2
3
3
2
1
3
3
3
0
2
4
2
4
4
3
5
4
3
1
0
1
3
2
3
2
4
1
1
2
2
5
4
2
1
2
3
5
2
5
2
2
4
1
1
1
3
0
4
5
4
0
2
2
1
2
4
1
0
0
1
4
1
0
4
6
1
1
2
2
3
1
3
2
2
1
2
3
0
2
3
5
2
2
3
3
2
4
3
3
1
1
0
0
2
2
3
2
3
3
4
2
3
3
2
3
1
0
4
1
1
1
5
1
4
4
4
3
2
4
1
2
1
3
2
2
4
3
2
3
4
3
0
3
0
1
0
2
1
2
2
2
0
0
1
2
0
1
1
5
4
2
2
4
2
2
1
1
4
3
1
4
1
2
1
3
2
3
4
3
1
4
5
0
2
2
2
1
2
3
0
1
1
3
2
1
1
3
3
1
1
2
0
1
3
4
2
0
6
1
2
1
4
1
1
4
2
0
1
4
2
1
2
3
0
0
1
1
2
2
4
2
4
5
2
3
3
3
0
1
0
1
4
1
3
2
2
4
4
0
2
2
0
1
2
2
1
3
0
3
2
0
1
2
3
1
1
2
1
3
0
1
1
2
2
2
0
3
1
3
2
0
1
2
1
2
1
4
3
1
2
0
0
1
0
2
6
3
1
0
0
2
0
3
0
1
2
2
2
1
2
0
3
1
2
1
2
0
0
1
3
3
2
1
1
1
1
2
3
1
2
0
2
2
2
2
3
4
3
3
1
1
0
1
2
2
3
2
3
5
3
2
3
1
1
3
1
1
1
1
1
2
2
3
1
3
1
3
2
0
1
1
0
2
1
0
1
1
1
1
2
5
5
4
0
2
1
0
1
2
0
1
0
1
0
2
1
0
0
3
0
1
2
1
0
2
3
2
2
0
3
3
1
2
2
0
1
3
2
3
4
2
0
2
2
1
2
1
2
2
1
0
2
1
2
1
1
1
0
3
0
0
4
1
0
1
1
1
0
3
3
1
1
0
3
0
0
1
0
0
3
0
1
2
1
2
2
0
0
1
3
0
2
0
5
0
1
2
0
1
1
1
4
2
1
0
1
0
1
1
0
0
0
4
0
0
1
4
3
1
0
0
1
1
0
0
3
0
0
1
1
1
3
2
0
0
1
1
1
2
1
3
2
3
0
1
1
1
1
1
1
0
3
2
0
0
1
2
0
3
0
3
2
4
1
0
1
2
0
1
1
0
2
1
2
2
2
1
1
1
2
1
0
1
1
1
1
0
0
0
1
0
2
4
0
0
1
0
1
1
2
0
0
1
2
1
0
1
0
0
0
3
0
1
0
2
1
1
1
0
1
2
1
1
2
4
0
1
2
0
1
1
4
0
0
2
1
1
1
1
3
1
3
2
1
1
1
0
2
1
1
1
1
0
1
0
0
0
2
0
1
3
1
1
0
1
1
0
3
2
0
2
1
0
2
1
2
1
2
0
1
2
1
0
0
0
1
2
1
0
0
1
1
1
1
3
0
0
0
0
0
1
4
1
0
2
0
2
4
0
3
2
2
1
1
0
0
0
4
1
0
0
1
1
1
2
1
1
0
0
2
0
0
1
0
1
1
3
0
0
0
1
1
1
0
1
1
1
0
0
0
2
0
0
1
1
0
1
0
0
1
0
1
1
0
1
1
1
0
2
0
0
2
2
1
0
0
0
1
4
3
1
1
1
0
2
1
1
1
1
1
1
0
2
2
0
2
3
1
1
1
0
3
1
0
0
1
1
0
2
2
1
0
2
0
0
1
0
1
0
0
1
2
0
1
0
2
1
0
1
0
0
0
1
1
0
1
0
0
1
2
2
2
1
0
0
1
0
1
1
0
1
1
0
0
1
0
0
1
1
2
0
1
0
0
1
1
1
2
2
2
0
0
0
0
1
0
0
2
3
0
1
0
0
3
2
0
3
0
1
1
0
0
3
1
0
1
0
2
1
0
0
0
2
1
0
2
0
0
0
3
3
1
0
2
1
2
2
3
0
1
0
0
0
1
2
0
0
2
0
0
0
1
3
1
3
2
2
1
1
0
1
0
0
1
1
2
1
0
3
2
1
2
1
1
1
1
3
1
1
1
0
1
1
0
1
0
2
0
0
1
1
3
0
0
0
2
1
0
0
0
2
1
1
0
0
4
1
0
0
1
1
0
1
0
0
1
1
1
1
2
2
1
0
2
0
0
0
0
0
1
1
0
1
1
0
0
0
0
1
1
2
1
0
2
2
1
4
2
1
0
2
1
4
2
0
0
0
3
0
0
0
0
1
1
4
0
2
0
0
0
2
0
0
1
1
0
1
1
0
0
0
0
1
1
2
0
3
2
1
0
0
0
0
0
0
1
0
0
2
0
1
0
0
2
0
0
0
0
0
1
1
2
1
0
1
1
0
0
3
0
0
0
0
1
2
0
1
0
0
1
0
1
0
0
0
0
0
0
1
0
2
0
0
0
3
0
0
0
1
1
0
0
0
1
0
0
1
0
0
0
0
0
2
1
1
0
1
0
0
1
1
0
0
0
0
1
0
1
0
1
1
0
0
0
1
1
0
0
0
0
1
2
1
0
1
0
0
0
0
0
1
0
0
2
1
0
1
1
0
1
1
1
1
0
0
0
0
1
1
0
1
1
0
0
0
1
1
0
3
1
0
0
0
2
0
0
0
1
2
0
2
0
1
1
1
0
1
0
0
0
1
0
0
0
1
0
1
0
2
0
1
1
1
1
3
3
1
0
1
0
0
2
1
0
2
1
0
0
3
4
0
1
2
2
1
0
2
0
0
2
1
3
1
0
2
0
0
0
1
2
0
1
0
1
3
1
0
2
3
0
0
0
2
1
2
2
0
0
0
1
0
1
0
1
0
1
1
3
1
2
1
0
0
1
1
1
0
0
0
1
3
1
1
0
1
0
1
0
1
1
0
0
2
1
2
1
0
0
0
0
0
0
0
0
1
0
2
0
2
0
0
1
1
0
0
0
1
0
0
0
0
1
0
0
0
0
1
0
0
1
0
0
0
1
0
2
1
0
1
1
2
1
0
0
0
0
1
0
2
1
1
0
1
0
1
1
2
1
0
0
1
0
1
1
2
0
0
1
1
0
0
0
1
0
0
0
0
0
0
1
0
0
0
0
0
0
0
0
0
0
0
1
1
0
0
0
0
0
0
0
5
1
0
1
0
0
1
0
0
0
0
0
0
0
0
0
0
0
0
0
0
0
1
0
0
0
0
0
0
0
0
0
0
1
0
1
0
0
0
0
0
0
0
0
0
1
0
0
0
0
0
0
0
0
0
0
0
0
1
0
0
0
1
0
1
0
0
0
0
1
0
0
1
0
0
0
0
0
0
0
0
0
0
0
0
1
0
0
1
0
0
0
1
0
1
0
0
0
1
0
1
0
0
0
1
2
2
0
0
1
1
0
0
0
0
0
1
0
0
0
0
0
0
0
1
0
1
0
1
0
1
0
0
0
0
0
0
0
0
0
0
1
1
0
0
0
0
