0
0
0
0
0
0
0
0
0
0
0
0
0
0
0
0
0
0
0
0
0
0
0
0
0
0
0
0
0
0
0
0
0
0
0
0
0
0
0
0
0
0
0
0
0
0
0
1
0
0
0
0
0
0
0
0
0
0
0
0
0
0
0
0
0
0
0
0
0
0
0
0
0
0
0
0
0
0
0
0
0
0
0
0
0
0
0
0
0
0
0
0
0
0
0
0
0
0
0
0
0
0
0
0
0
0
0
0
0
0
0
0
0
0
0
0
0
0
1
0
0
0
0
0
0
0
1
1
1
0
1
3
1
1
0
1
1
0
1
2
0
2
1
2
1
8
2
7
3
1
5
7
6
5
5
4
1
12
6
7
12
6
18
5
12
19
22
17
17
23
15
26
33
34
38
44
56
46
49
67
46
82
73
76
57
85
87
105
96
92
93
120
99
124
120
117
117
138
127
165
141
145
134
159
133
154
132
150
122
133
154
155
145
134
132
145
146
141
109
127
141
126
152
125
152
135
148
160
117
145
126
121
130
120
140
143
136
134
130
118
159
127
142
138
127
133
125
135
121
126
121
142
127
149
128
136
155
126
128
138
143
152
126
139
163
159
149
157
133
166
134
158
174
156
149
168
157
143
144
168
145
153
148
165
147
178
139
190
149
164
182
172
185
153
173
162
166
178
156
176
164
192
160
153
158
172
154
176
166
179
165
165
155
188
179
201
169
163
160
171
159
156
153
175
146
151
157
179
158
166
176
161
170
169
167
158
166
143
159
156
157
161
163
135
168
160
163
156
143
157
172
171
154
166
137
148
162
161
144
157
149
132
138
144
151
147
154
143
160
142
156
160
173
156
155
161
157
151
159
131
154
127
139
132
153
146
125
141
141
127
162
145
144
138
143
133
146
143
150
132
142
147
155
168
141
156
134
160
139
142
138
160
163
138
165
136
131
135
148
139
147
133
112
161
153
141
153
128
145
146
144
180
156
146
150
143
132
132
151
137
131
142
161
146
119
151
142
143
135
154
146
130
159
156
140
128
129
142
137
147
134
145
147
123
122
144
164
137
149
157
118
143
133
147
155
146
124
129
141
132
149
143
135
130
141
153
147
127
161
127
140
150
137
158
161
140
127
149
145
127
153
136
135
151
148
131
144
134
157
133
130
130
133
152
170
139
128
128
142
125
149
152
140
146
167
139
139
158
154
138
144
127
121
155
160
137
137
140
137
130
149
145
127
156
137
119
144
163
134
129
154
138
119
135
137
139
140
137
121
149
121
131
145
139
150
132
152
149
148
128
122
148
142
147
133
154
130
145
120
138
128
149
126
129
143
131
134
149
118
150
117
141
132
124
118
123
137
135
127
117
112
118
118
113
107
124
133
146
140
127
118
121
120
127
115
117
116
137
118
121
102
116
138
115
107
129
126
121
111
136
110
111
124
117
119
116
113
118
113
116
104
108
122
111
110
115
99
117
110
122
131
118
115
97
107
91
124
100
105
99
118
99
111
73
96
90
101
108
112
103
124
106
92
99
120
99
101
101
114
88
107
107
80
94
116
97
89
88
80
104
100
84
97
98
93
98
111
93
110
109
104
118
95
90
101
122
89
93
74
97
88
84
92
84
87
87
80
96
114
92
84
89
98
79
98
83
81
110
100
92
74
71
88
89
72
84
83
94
101
71
105
95
100
84
90
95
101
90
80
74
80
82
84
88
80
97
88
76
70
57
71
88
95
92
85
82
71
99
77
80
92
80
87
84
77
97
70
76
93
70
94
69
85
71
77
91
81
80
94
93
67
80
92
74
87
77
65
85
93
70
68
82
84
75
70
73
69
76
73
81
82
80
75
73
90
71
64
73
71
73
78
77
67
84
74
84
75
76
92
67
70
63
58
67
75
73
69
101
79
68
71
76
68
79
75
76
78
63
83
60
77
63
67
67
77
64
78
69
84
73
77
75
77
79
93
75
65
70
70
63
59
68
90
63
75
70
75
78
74
59
72
76
68
71
78
78
71
96
60
90
73
67
66
75
60
79
68
70
54
62
60
61
75
103
71
70
79
68
58
70
65
64
73
66
72
69
62
68
83
83
67
68
76
73
76
66
71
69
67
59
65
66
71
63
63
62
68
68
75
52
70
60
93
91
59
68
75
75
59
74
71
60
65
67
67
84
74
72
75
82
48
70
70
46
61
65
68
59
68
60
50
77
61
82
74
63
60
83
59
63
67
68
73
69
48
57
61
58
68
67
63
73
69
66
60
67
70
78
61
56
68
77
65
67
64
68
57
62
70
79
70
65
60
74
72
58
68
59
68
57
65
62
57
64
51
78
68
64
69
62
71
56
56
73
56
60
66
56
66
66
62
71
62
59
52
43
72
72
57
59
67
61
68
74
71
54
65
60
58
59
67
62
48
53
67
52
66
66
45
66
69
70
57
74
76
63
56
55
50
62
72
64
54
61
63
65
61
55
64
63
64
65
40
56
58
63
52
58
56
68
79
58
62
46
62
63
53
52
77
72
63
53
55
59
58
61
62
61
57
59
61
66
64
56
68
61
56
64
58
45
61
52
66
56
53
63
71
47
58
67
75
60
59
65
63
53
48
44
46
65
61
75
68
71
59
58
62
56
70
75
58
81
55
47
52
58
60
60
57
46
64
61
64
56
57
57
53
64
57
55
45
54
67
67
51
43
61
64
55
63
57
64
56
64
64
47
52
50
56
57
57
47
53
55
51
57
54
60
54
54
52
45
52
53
49
54
52
51
65
63
57
68
47
59
53
56
50
52
63
57
44
56
49
55
45
61
54
43
46
51
58
53
50
52
48
41
56
54
39
58
57
63
46
55
38
45
42
52
45
51
51
44
54
46
49
46
49
48
49
56
54
46
50
52
43
37
50
43
47
44
42
49
42
40
40
45
46
55
50
38
37
39
37
43
40
42
40
31
40
42
48
57
40
38
26
46
39
37
39
44
30
41
33
27
39
34
31
37
40
35
39
33
32
32
31
37
32
36
35
38
29
31
28
30
32
31
29
40
43
33
32
29
26
32
34
37
28
19
34
26
27
30
24
22
31
32
27
30
22
23
18
26
27
26
32
42
31
27
23
24
26
18
27
25
44
28
20
20
33
21
23
32
30
23
31
29
31
36
22
23
21
22
22
27
33
26
29
30
30
24
26
23
29
21
24
16
29
33
24
23
27
30
21
23
27
22
24
29
16
26
18
30
24
24
28
28
26
22
31
22
18
17
21
30
30
17
25
22
27
19
19
19
26
15
20
20
18
16
18
19
28
12
18
19
26
28
13
19
22
30
14
25
29
23
29
24
25
23
15
21
23
22
26
17
17
22
22
21
21
20
20
20
17
18
24
22
22
19
22
22
17
23
27
23
16
21
13
22
24
19
19
19
20
21
19
16
22
26
26
19
23
23
21
18
21
22
14
17
23
18
11
19
17
17
22
15
30
23
21
23
19
21
18
24
19
23
16
16
24
21
16
26
20
22
29
20
19
20
17
16
28
24
22
30
14
18
28
16
11
20
15
22
21
15
17
19
14
21
21
19
10
19
14
15
23
17
23
19
17
18
20
21
16
25
25
28
20
24
14
23
22
21
15
24
18
19
23
12
18
26
19
20
19
29
11
25
20
25
22
16
18
26
26
22
19
22
24
22
25
17
22
19
23
17
14
27
25
26
32
25
31
26
24
39
21
27
36
23
26
28
28
34
25
24
32
30
30
25
31
37
29
32
40
37
50
34
35
30
24
46
35
34
48
30
39
48
34
39
43
40
43
47
56
50
35
42
46
41
50
47
57
50
57
64
62
52
53
78
62
68
68
59
74
70
70
68
82
80
70
69
92
92
72
72
99
75
100
96
82
89
77
90
114
105
99
113
97
106
123
134
129
99
109
126
127
117
112
120
143
134
140
133
149
142
159
141
132
163
146
171
143
157
145
152
145
172
175
177
174
171
157
191
189
197
169
171
169
183
166
160
173
203
201
212
202
210
186
214
199
213
185
229
205
262
216
197
239
239
216
238
233
218
234
217
202
235
206
203
216
239
216
211
221
248
254
237
263
233
237
230
231
258
223
230
231
253
263
251
213
215
231
233
210
206
220
236
228
205
221
245
211
215
195
242
223
207
254
221
234
215
208
198
186
194
180
204
196
213
213
210
192
186
200
182
218
172
194
185
165
152
165
153
151
169
148
142
152
159
162
157
150
139
136
152
153
122
111
123
133
114
98
136
115
110
134
122
124
103
111
102
103
96
99
100
92
94
84
77
82
88
67
65
87
69
79
62
72
69
58
70
59
55
48
73
68
50
59
51
40
55
44
61
49
55
33
38
51
41
42
41
37
44
51
36
30
34
32
37
33
29
28
26
29
26
32
28
25
30
19
16
10
29
18
21
26
16
17
18
14
18
19
18
14
11
16
13
13
13
9
14
11
14
11
16
9
15
6
8
13
7
10
9
8
9
7
7
11
7
7
5
7
7
5
10
5
5
6
8
5
1
6
5
4
3
2
9
4
3
6
5
5
8
7
2
4
6
4
3
3
2
4
6
9
2
0
2
4
1
6
3
3
4
3
4
2
1
6
4
3
6
0
2
4
3
2
4
6
0
3
0
4
3
2
5
2
2
1
4
3
2
1
3
0
0
2
3
5
4
1
0
3
0
1
0
1
4
3
2
0
7
3
5
3
3
3
3
1
0
2
1
1
1
2
4
0
3
2
0
0
1
2
3
2
1
4
2
1
4
1
2
1
2
3
2
2
2
1
1
1
1
0
3
1
5
3
1
1
4
3
3
5
3
3
5
6
2
1
2
1
2
2
2
1
3
2
5
3
3
1
3
2
2
1
2
3
1
1
3
3
1
3
1
0
3
3
1
1
1
3
3
0
2
2
0
2
0
1
2
3
5
5
3
2
3
0
3
5
2
3
0
2
4
3
1
2
5
1
1
2
2
0
2
1
4
0
3
2
3
2
0
3
1
2
3
2
1
2
3
2
0
0
0
1
2
1
3
2
1
1
1
1
0
0
0
1
5
0
4
0
1
2
3
3
1
1
1
2
0
2
0
1
2
0
1
3
2
0
0
1
1
1
0
0
0
2
3
2
2
2
0
4
2
1
1
0
1
1
0
4
1
1
1
2
3
1
4
4
1
0
3
1
2
2
3
0
3
0
0
1
2
2
1
2
2
1
2
1
5
1
1
1
3
1
1
0
0
5
1
2
0
1
0
3
3
2
1
1
1
0
1
1
2
1
1
1
2
1
1
2
1
1
3
3
1
2
0
0
1
1
0
0
4
2
2
0
0
1
1
0
1
3
1
1
2
0
1
1
1
3
0
1
2
3
1
1
1
4
3
1
0
1
2
1
2
2
0
0
3
3
0
1
4
1
1
1
1
0
2
2
0
2
2
1
2
2
5
0
2
2
1
4
2
0
0
0
1
1
1
4
1
2
3
0
1
4
1
1
0
2
2
3
1
0
5
2
2
0
0
1
1
2
1
3
2
0
0
1
2
1
0
3
1
3
2
4
5
1
2
0
3
3
4
3
0
0
2
2
3
2
4
0
1
3
0
0
2
1
1
2
3
0
1
1
2
1
3
1
3
2
2
2
0
2
2
1
1
2
1
0
0
0
1
0
1
0
0
1
4
0
1
1
2
1
1
3
0
0
1
1
0
2
2
2
0
1
0
2
0
1
0
2
0
1
0
1
0
2
2
4
3
0
1
2
2
1
1
0
2
2
3
2
4
2
2
2
0
1
0
2
2
1
1
3
2
1
2
2
0
1
1
1
1
1
3
1
2
1
2
2
2
4
1
1
1
2
2
1
0
2
1
1
1
0
1
1
1
0
1
4
0
2
1
3
1
2
0
0
3
0
1
3
2
0
1
1
1
1
0
1
4
0
1
1
1
0
3
0
0
1
2
0
0
1
0
0
1
1
0
1
2
1
2
1
1
0
1
1
1
0
2
0
1
0
1
1
2
1
1
1
0
2
2
2
0
1
1
2
2
2
2
1
0
1
1
0
2
2
1
1
0
0
4
0
0
2
0
1
2
2
1
0
1
1
3
0
1
2
1
0
0
1
1
0
2
0
0
2
1
0
1
1
1
1
1
0
0
0
0
3
1
0
1
0
1
1
1
2
2
0
1
1
1
2
2
0
0
1
1
2
0
1
1
1
1
2
1
0
1
0
1
0
1
3
2
2
0
0
1
0
1
1
0
1
1
3
0
2
1
1
0
2
1
0
1
3
0
0
1
2
1
0
0
1
2
0
1
3
0
0
1
0
0
1
1
1
2
1
1
2
0
0
0
1
1
2
0
2
0
0
3
0
1
0
1
2
1
2
1
3
0
0
1
2
1
0
0
2
0
1
0
3
2
3
0
3
0
0
0
1
4
1
2
0
0
1
1
0
0
0
1
1
1
1
1
0
1
0
0
0
1
1
2
1
0
0
0
2
3
0
1
0
3
1
0
2
0
0
2
0
3
2
1
1
1
3
0
1
1
2
0
1
0
2
1
0
0
1
1
0
0
0
0
0
2
3
1
0
0
0
0
1
0
1
2
0
0
0
1
2
0
0
0
0
1
1
0
1
0
1
2
0
0
0
4
1
1
0
0
0
0
0
1
3
0
1
0
2
2
0
1
2
1
0
0
1
1
3
1
1
1
0
1
0
2
0
0
0
0
0
1
1
1
0
2
2
0
0
1
2
0
0
0
1
1
2
1
1
4
0
0
1
1
1
1
0
1
0
3
0
3
0
0
0
1
2
0
0
2
0
2
2
1
2
1
3
2
0
0
0
5
2
0
1
0
1
2
1
1
0
2
1
0
0
2
1
0
1
0
0
0
0
0
0
3
2
0
3
2
2
4
0
0
0
1
1
0
0
0
0
0
1
0
1
0
1
0
0
1
0
0
1
1
2
2
0
2
0
0
0
1
3
1
2
1
0
0
1
2
0
0
0
1
0
0
1
0
1
1
1
0
1
1
1
0
0
0
1
0
1
1
1
2
0
0
0
0
0
1
1
1
0
2
0
0
3
0
0
2
0
2
1
1
0
1
2
1
0
0
0
1
1
0
0
1
0
1
2
1
2
0
1
2
0
0
1
0
1
0
1
1
1
0
0
1
1
3
2
0
1
2
0
0
0
1
0
3
1
2
1
2
2
0
0
1
1
2
0
0
1
1
0
0
1
0
0
0
1
0
1
1
1
0
0
0
2
2
0
0
1
2
0
0
0
1
2
0
2
0
0
0
0
1
0
1
0
0
0
2
0
2
0
1
2
0
0
0
2
2
0
0
1
1
0
1
0
1
1
0
0
1
0
0
0
2
1
1
0
0
0
2
0
0
1
1
1
2
0
1
1
0
0
1
0
1
0
0
0
0
1
0
0
2
1
2
0
0
2
2
1
1
1
0
0
1
0
0
1
0
0
0
0
0
0
4
1
1
0
0
0
2
0
2
0
2
1
2
0
0
0
1
1
0
0
1
1
1
0
0
0
1
0
1
0
0
0
1
0
1
1
1
0
1
1
1
2
0
0
0
1
0
0
1
1
0
1
0
0
0
0
0
0
2
0
0
0
1
3
0
0
0
0
0
0
0
1
2
0
0
0
3
0
1
0
1
0
0
0
1
0
0
0
2
0
0
0
0
0
1
1
1
0
0
0
0
0
0
1
0
0
0
1
0
0
0
1
2
1
1
0
1
1
2
0
0
1
0
0
0
2
0
0
1
0
1
0
0
0
1
0
0
0
0
0
0
1
0
1
0
0
0
0
1
2
0
0
0
0
0
1
1
0
0
0
1
0
0
2
0
0
0
0
0
0
0
0
1
1
1
0
0
1
0
0
0
0
0
0
0
1
1
1
0
0
0
0
1
0
1
1
1
1
0
0
0
0
1
1
2
0
0
0
0
0
2
0
0
0
0
2
1
1
0
1
0
1
1
0
0
1
0
2
1
1
0
0
0
0
0
0
0
1
0
0
1
0
1
0
0
0
0
1
0
0
1
0
0
1
0
1
0
2
0
0
0
1
0
0
2
1
0
1
0
1
0
1
0
0
0
0
1
0
0
1
1
0
0
0
0
1
2
1
0
0
0
1
0
0
0
0
0
0
1
1
2
0
0
1
1
1
0
2
0
0
1
0
1
0
0
0
0
1
1
0
0
0
0
0
1
2
2
0
1
0
0
0
0
0
1
0
1
1
1
1
0
0
1
0
1
0
1
0
0
0
0
1
2
0
0
1
0
1
0
0
0
2
0
0
1
0
0
1
0
0
0
0
1
1
0
2
0
0
1
0
1
1
1
1
0
0
0
1
0
0
0
0
2
0
2
0
0
1
0
1
0
1
0
1
0
0
1
0
0
0
1
1
0
0
0
0
0
2
1
1
0
0
1
0
0
1
2
2
0
2
1
1
0
0
0
2
1
0
0
2
0
1
0
0
0
0
0
0
3
0
1
1
0
0
2
0
0
1
1
0
0
3
2
2
1
0
0
0
1
1
1
0
0
1
0
0
2
1
1
0
1
1
1
0
1
0
0
0
1
2
1
1
0
0
0
1
1
0
1
0
2
0
1
0
0
2
0
1
2
0
2
0
0
1
0
0
0
1
0
1
1
1
0
0
1
2
0
0
0
3
0
0
0
1
2
0
2
0
0
1
1
2
2
2
0
0
0
0
2
0
1
0
1
3
2
2
0
0
0
1
0
0
0
0
2
3
1
0
0
0
0
4
0
0
0
1
0
2
0
0
0
1
0
0
1
0
0
1
0
1
0
1
1
2
0
0
1
0
2
0
2
0
0
0
1
1
2
0
0
0
0
0
0
1
0
0
0
0
1
2
1
1
0
1
0
1
0
0
0
0
1
0
1
2
1
0
0
0
0
0
0
0
1
1
0
0
0
0
0
1
2
0
0
1
0
0
1
0
0
0
0
0
1
2
0
0
0
2
0
0
0
0
0
0
0
0
0
2
0
0
0
0
0
0
1
0
0
0
1
0
0
0
2
0
0
0
1
0
1
0
0
0
0
1
0
0
0
0
0
1
0
0
0
0
0
0
1
0
0
0
0
0
1
0
0
1
0
0
0
0
1
0
0
0
0
0
0
0
0
0
0
0
0
1
1
0
0
0
0
0
0
0
0
1
0
0
0
0
0
0
0
0
0
0
0
0
1
0
0
3
0
0
0
0
0
3
0
0
0
0
0
0
0
0
1
0
2
0
0
0
3
0
1
1
0
1
0
0
1
0
0
0
0
