0
0
0
0
0
0
0
0
0
0
0
0
0
0
0
0
0
0
0
0
0
0
0
0
0
1
0
0
0
0
0
0
0
0
0
0
0
0
0
0
0
0
0
0
0
0
0
0
0
0
0
0
0
0
0
0
0
0
0
0
0
0
0
0
0
0
0
0
0
0
0
0
0
0
0
0
0
0
0
0
0
0
0
0
0
0
0
0
0
0
0
0
0
0
0
0
0
0
0
0
0
0
0
1
0
0
0
0
0
0
0
0
0
1
0
0
0
0
1
1
0
0
0
0
0
0
0
0
1
0
0
1
1
1
0
2
2
3
2
1
3
2
3
3
2
7
2
2
6
1
7
6
2
5
9
12
8
7
7
11
17
20
18
18
11
14
17
31
17
19
27
31
30
39
40
46
56
38
52
57
65
68
59
69
79
93
102
92
94
89
109
112
131
116
150
142
119
139
146
145
168
145
135
138
152
145
126
164
124
153
170
161
158
160
143
144
148
144
137
140
122
155
134
151
133
130
139
144
170
160
127
148
166
152
129
156
153
138
121
143
160
136
153
134
145
150
134
133
148
148
147
140
128
135
141
152
150
142
139
155
173
146
158
164
150
154
156
143
145
163
178
135
177
161
159
161
191
186
167
184
142
168
162
155
165
173
186
148
210
185
171
187
149
172
162
183
180
203
164
173
177
210
176
166
151
180
197
207
173
183
197
179
168
184
165
195
193
183
188
165
171
169
171
200
196
161
191
207
194
180
168
190
162
165
181
160
200
163
158
171
180
192
193
186
160
160
186
176
170
152
184
154
169
163
167
170
168
148
166
167
176
153
166
164
137
155
168
131
158
165
168
173
169
145
179
176
165
166
150
173
179
183
167
163
157
145
188
148
157
146
168
161
149
166
160
158
149
157
158
126
148
154
147
145
149
128
124
140
165
171
144
178
151
178
156
126
159
162
150
152
162
138
151
169
173
162
156
159
175
184
166
157
150
152
153
130
139
125
160
169
141
172
142
171
125
152
148
142
156
148
168
140
151
135
160
151
142
150
150
143
144
171
174
139
125
141
155
175
164
155
146
161
131
149
162
151
158
162
150
142
163
136
136
149
130
136
162
152
146
155
171
147
146
160
173
158
157
137
176
159
137
142
149
163
176
156
167
166
149
146
156
188
153
150
148
153
161
154
181
170
166
167
151
185
163
152
145
146
173
168
141
136
163
169
162
172
142
160
158
140
153
160
141
146
148
149
143
161
156
157
142
183
157
149
158
158
140
175
140
153
141
145
152
151
153
149
148
150
153
154
158
161
143
150
140
143
153
168
135
140
125
152
169
148
162
149
138
136
158
146
153
140
115
150
151
119
129
145
140
152
132
143
143
130
129
134
142
130
136
142
126
141
129
115
138
138
139
138
131
148
142
152
124
129
125
135
135
140
128
127
133
120
141
136
127
136
132
127
113
135
113
129
116
119
132
134
136
112
125
129
105
126
108
115
105
118
116
139
114
129
109
145
113
117
115
115
132
96
122
110
128
114
119
111
103
112
106
107
102
115
116
122
108
98
104
126
112
123
104
88
99
102
102
114
97
114
117
126
97
105
110
118
117
121
102
106
87
100
104
107
101
111
111
109
85
104
98
102
114
92
109
82
111
109
111
120
115
86
96
98
113
100
113
106
101
114
89
91
92
91
127
83
100
100
99
102
99
91
101
98
89
97
91
98
92
89
89
98
87
84
106
95
104
92
89
107
91
94
86
80
70
86
88
103
95
83
80
91
95
85
77
96
99
94
94
85
108
85
80
112
109
85
67
99
107
90
97
79
94
69
79
107
93
93
61
106
99
88
90
86
86
88
83
71
68
80
82
85
73
90
98
75
94
96
98
82
92
77
85
90
82
91
83
71
88
85
74
90
74
88
84
91
83
78
80
93
92
97
95
82
71
69
79
70
83
71
71
92
78
92
92
91
88
87
80
70
82
79
81
87
90
78
65
82
75
80
67
88
73
78
74
77
83
92
66
91
89
70
80
89
72
85
79
68
76
64
91
90
85
80
66
88
72
70
95
68
72
66
67
95
87
74
93
78
70
90
67
78
80
85
70
70
68
68
74
78
76
58
96
53
76
69
68
74
80
72
73
71
74
76
81
84
68
77
79
61
77
76
78
79
79
75
83
71
68
86
69
72
79
88
58
71
71
75
84
70
84
76
75
70
62
80
83
70
60
76
71
72
68
78
69
75
78
76
76
71
53
79
75
63
66
77
59
63
69
97
64
62
71
62
78
72
74
56
87
62
77
72
82
76
67
59
76
69
75
63
81
66
64
74
61
53
71
76
78
71
65
78
73
66
67
65
75
76
64
73
68
84
62
78
73
62
72
72
83
64
75
58
70
68
64
66
69
71
76
65
60
86
76
67
82
73
48
74
78
66
75
68
90
113
71
76
64
74
78
58
63
68
57
81
47
64
82
69
81
81
61
59
60
59
63
80
72
64
52
63
62
60
54
60
67
82
70
67
71
48
72
74
64
65
70
74
67
69
67
61
64
76
60
71
78
76
74
76
55
60
83
71
63
77
60
64
68
66
57
71
70
69
79
69
68
79
71
53
68
65
79
40
64
61
70
63
82
58
58
46
72
82
66
57
75
55
76
74
65
79
59
60
77
64
69
63
67
75
64
54
71
63
67
70
69
72
60
76
83
72
65
57
77
72
65
77
60
63
68
73
60
56
57
74
68
72
65
56
51
72
55
59
62
81
62
79
51
52
53
56
68
71
41
60
73
66
57
71
64
59
63
53
46
65
61
55
58
56
44
62
49
58
45
61
53
52
53
61
61
53
47
51
42
65
59
55
49
55
62
76
62
51
57
57
43
62
48
53
39
52
61
64
55
62
52
54
33
59
53
47
47
38
47
53
37
37
51
33
51
49
46
48
51
52
48
46
39
55
39
44
48
48
47
39
39
41
48
39
42
55
44
44
46
39
44
44
48
36
40
42
32
35
30
44
41
32
46
37
33
30
41
43
28
38
44
41
32
38
40
44
37
39
37
42
28
24
23
38
36
34
38
29
31
37
31
36
30
27
34
29
30
43
22
31
36
32
37
39
30
24
35
28
35
36
35
40
29
25
47
18
30
29
43
32
31
37
36
34
26
38
30
30
28
29
26
32
37
35
26
26
28
24
27
23
27
28
37
31
32
17
23
27
32
24
28
22
29
26
23
31
27
26
26
28
21
28
23
28
33
26
21
26
27
34
27
27
14
37
27
25
25
30
31
26
23
36
25
35
27
26
21
19
23
30
19
21
23
27
30
17
29
21
24
28
31
25
27
21
20
22
28
23
22
24
20
26
27
20
21
29
25
21
22
29
17
27
18
29
18
24
28
15
18
16
22
33
19
17
29
25
20
26
25
26
22
21
38
22
29
21
26
16
23
22
24
26
24
23
28
19
13
21
26
24
28
19
24
25
27
22
23
20
28
28
21
27
21
23
24
27
23
29
13
23
18
20
30
16
27
21
23
11
23
16
17
26
18
23
22
20
16
30
20
23
23
19
24
20
20
27
19
24
23
22
29
29
25
28
20
20
24
21
23
15
18
22
23
25
30
20
26
22
16
24
37
16
32
22
25
23
27
27
27
21
18
23
17
24
20
27
26
17
19
25
27
26
28
28
20
22
35
33
23
26
26
26
32
25
21
24
37
43
44
25
38
34
33
21
25
26
26
37
33
37
30
28
24
34
26
38
43
24
34
38
35
44
39
39
28
38
40
43
47
49
33
43
46
46
52
36
43
61
57
41
47
42
52
48
60
46
61
60
63
44
68
58
69
80
54
60
81
62
78
63
74
86
65
67
75
76
89
77
90
92
86
104
107
96
104
95
104
99
97
107
89
100
99
123
105
135
137
128
143
130
128
116
134
148
152
143
175
150
155
146
153
164
161
155
167
159
155
163
158
179
182
183
171
185
168
165
193
187
163
183
192
187
202
192
202
201
222
219
219
222
241
209
226
235
217
238
221
220
221
220
236
232
241
242
258
280
253
267
233
258
237
231
254
243
231
236
266
280
231
247
269
241
226
229
268
236
224
246
275
261
253
253
269
244
270
257
287
265
251
251
231
270
233
243
242
252
236
282
230
249
270
262
241
221
179
227
232
256
220
211
240
249
206
214
247
240
207
208
224
214
204
184
197
201
188
204
195
194
200
168
179
183
175
191
179
175
156
183
160
151
164
171
147
160
147
180
160
129
126
150
143
143
139
129
121
123
125
113
124
108
114
101
92
99
92
92
101
112
93
85
89
91
77
84
61
86
81
77
74
79
80
72
48
68
75
55
65
51
57
60
66
54
54
52
49
52
40
32
43
33
44
39
40
34
30
41
30
42
38
30
30
24
31
27
21
32
30
30
36
18
42
26
28
35
21
28
18
22
18
16
15
18
11
15
17
18
12
18
11
15
15
14
15
9
12
16
10
6
6
10
11
11
9
6
8
6
12
9
6
9
9
10
6
3
13
8
11
7
7
6
8
6
6
6
6
6
10
3
5
4
4
7
8
6
2
3
2
4
10
6
2
2
7
5
2
3
6
3
2
5
5
2
2
9
2
3
3
6
5
6
3
5
4
2
7
4
4
1
4
0
4
2
2
3
2
1
5
2
0
2
3
2
4
2
3
2
2
3
2
1
2
4
1
4
2
1
2
3
6
4
4
5
1
3
2
4
2
2
0
1
4
0
3
1
5
2
2
2
1
1
3
4
1
1
6
2
3
3
4
2
2
0
1
2
3
2
1
1
4
1
0
0
3
1
5
4
3
1
3
2
4
2
0
2
1
2
0
1
3
1
1
2
3
1
1
5
1
3
1
1
1
5
1
1
2
2
1
2
3
0
0
0
6
4
0
0
1
3
3
4
0
3
2
1
1
3
1
1
3
1
0
3
0
2
1
1
3
1
1
0
1
1
2
0
0
2
3
2
1
2
1
6
0
3
2
2
2
1
1
1
0
3
0
0
1
1
0
1
0
2
3
3
1
1
3
1
0
0
0
2
2
3
1
1
1
2
1
2
1
2
2
1
1
1
1
1
3
3
2
0
1
1
1
3
2
1
0
4
1
3
0
2
4
6
1
0
3
4
1
1
0
1
3
0
1
2
2
2
1
2
2
1
1
2
2
2
2
2
1
2
2
0
1
2
1
1
1
1
2
1
0
1
3
2
1
0
0
2
2
0
1
4
2
0
1
1
1
0
0
2
0
2
1
3
1
3
1
1
2
2
2
1
0
3
2
2
2
2
2
1
0
1
0
4
2
2
2
0
2
1
2
0
2
2
2
0
1
0
2
3
2
2
0
0
3
0
2
1
0
1
0
2
0
1
1
4
1
2
2
1
0
3
3
4
3
1
1
3
2
2
0
1
2
2
1
1
0
1
3
2
0
2
2
3
1
2
2
0
4
1
0
2
3
0
2
3
4
1
3
0
2
2
4
0
2
2
3
1
0
1
1
0
3
0
2
2
2
1
1
0
1
0
2
2
3
1
4
0
1
3
0
3
4
0
3
2
0
0
0
0
1
3
0
1
1
1
3
0
0
2
1
1
0
2
1
2
0
3
0
0
1
1
0
2
1
3
1
0
0
2
1
1
3
2
0
2
1
2
2
2
1
1
0
1
1
2
0
1
3
0
3
0
2
4
1
2
0
0
0
2
1
2
0
2
2
0
2
0
0
5
0
1
3
2
2
0
0
0
2
3
1
1
2
0
1
1
0
0
0
0
0
1
1
0
1
3
3
1
0
2
2
2
1
0
2
0
1
1
0
2
2
1
0
1
1
0
3
1
0
3
0
1
1
1
1
1
1
3
0
0
2
2
1
0
1
1
2
1
2
1
2
3
1
1
1
1
1
3
2
1
2
1
2
2
1
0
2
1
0
1
0
1
1
0
2
1
1
0
0
3
1
1
0
1
1
2
1
1
1
0
0
1
2
0
0
1
0
0
0
0
1
1
4
0
0
0
1
2
3
5
3
1
0
1
0
1
1
1
2
2
1
1
1
0
4
2
1
0
2
0
0
1
0
2
1
2
1
1
1
0
2
2
2
2
1
2
3
3
0
0
2
0
0
1
1
0
2
1
0
1
1
1
1
0
2
0
2
2
1
2
0
1
1
0
1
1
0
0
0
0
1
0
0
1
0
2
1
1
0
0
0
0
1
0
0
2
0
0
1
1
0
1
0
0
1
2
3
2
0
2
2
0
1
1
0
0
1
0
0
0
0
0
2
3
2
1
1
0
2
0
0
2
3
1
0
0
0
1
1
2
0
0
2
0
0
1
4
1
1
1
0
0
1
0
0
0
0
1
1
3
1
0
2
1
1
2
1
3
0
0
1
0
0
2
1
0
1
0
0
2
0
0
0
2
1
0
1
1
3
2
1
0
2
1
0
3
2
0
0
1
1
0
0
2
0
0
0
2
1
0
1
1
0
2
1
0
1
1
1
0
1
1
2
0
1
2
0
2
0
1
1
0
2
0
0
0
0
1
1
1
0
1
0
1
1
0
0
0
3
2
2
1
1
1
1
1
0
1
1
1
0
2
1
0
3
0
2
0
2
0
2
1
0
1
1
1
0
3
1
1
0
0
0
2
3
0
1
1
3
2
0
1
0
1
2
2
1
2
0
2
0
0
0
1
1
2
1
2
1
4
1
0
0
2
1
2
0
1
0
1
2
2
1
1
2
1
1
1
1
0
1
1
0
1
0
1
2
2
2
0
1
0
1
1
0
4
1
0
1
0
2
1
1
0
1
0
0
1
1
2
1
0
2
1
1
2
0
0
1
2
1
1
0
1
0
1
0
0
0
0
1
1
2
0
1
2
1
0
0
0
1
2
1
1
1
0
0
0
1
1
0
0
1
1
2
3
3
0
0
1
0
1
0
3
0
0
2
1
0
0
2
2
1
1
1
0
0
1
2
0
1
1
1
4
1
0
0
0
0
1
0
0
1
0
1
1
0
1
0
0
1
2
1
3
0
0
0
1
0
0
1
1
0
1
0
0
1
1
1
2
0
0
0
0
0
1
2
0
3
0
0
1
1
0
0
0
1
2
0
0
1
2
0
0
0
2
0
0
0
0
0
1
1
0
1
1
0
1
0
1
1
0
0
0
1
1
1
2
0
0
0
0
0
1
0
0
0
0
0
0
1
0
0
0
1
0
2
0
0
0
1
0
0
0
0
1
0
0
2
0
1
0
2
1
0
0
0
1
0
0
0
0
0
0
0
0
0
0
0
0
0
1
2
2
1
0
0
2
0
0
0
0
1
0
1
0
0
0
2
0
1
0
1
0
0
0
1
1
0
0
1
1
1
2
0
1
0
1
0
1
1
1
0
0
0
1
2
1
0
1
0
1
1
0
2
2
0
0
3
0
1
1
0
0
0
0
0
0
0
1
1
0
0
1
2
0
1
2
0
1
1
0
0
1
0
0
1
1
1
0
1
1
0
1
0
1
1
0
1
2
0
2
0
2
0
0
0
1
1
0
1
2
0
0
0
1
1
0
0
0
0
0
0
0
0
2
2
2
2
0
1
1
0
0
0
0
1
0
0
1
1
0
0
0
0
0
0
0
0
0
0
1
1
1
0
0
0
2
1
0
0
2
0
0
0
0
0
0
3
0
0
0
0
1
2
0
0
0
1
0
1
0
1
0
0
0
1
0
1
0
0
0
1
0
0
1
0
0
0
1
1
0
1
0
0
1
0
0
1
2
1
0
0
0
2
0
1
0
0
0
1
1
1
0
0
0
0
1
0
0
0
0
0
1
0
2
0
3
0
1
0
1
1
2
0
0
0
0
0
1
1
1
0
0
2
0
0
0
0
0
0
1
1
0
0
0
1
0
1
1
0
2
1
0
1
0
1
2
0
0
0
2
0
1
1
0
0
0
1
1
0
0
0
0
0
1
1
1
2
0
1
1
2
1
1
1
0
0
0
2
0
1
0
0
0
0
1
0
0
1
0
0
0
0
0
0
0
2
0
0
0
0
0
0
0
0
0
0
0
1
0
1
0
0
1
1
0
1
1
0
0
0
2
0
0
1
0
0
1
0
2
0
0
0
0
0
0
0
0
0
0
0
0
1
0
0
0
1
1
0
0
0
1
0
1
0
0
0
0
0
0
1
0
0
1
1
2
0
0
1
1
0
0
0
0
0
1
0
0
0
0
0
0
0
0
2
0
0
1
0
0
2
1
1
1
0
0
0
0
0
0
2
0
0
0
0
1
0
0
3
0
0
0
1
0
0
1
1
1
0
1
1
0
1
0
0
0
0
1
0
0
1
1
0
0
1
1
0
0
1
1
0
1
0
0
1
0
0
0
1
0
0
1
4
1
0
0
0
1
2
2
0
0
1
1
0
1
1
1
0
1
0
0
2
0
0
1
0
2
2
1
1
0
1
0
1
0
0
1
0
1
0
0
0
0
1
1
1
1
0
3
1
0
3
0
1
1
0
1
1
0
0
0
1
1
1
1
0
1
0
0
0
0
0
0
1
0
0
0
1
0
1
0
0
1
2
1
0
2
1
0
0
0
0
0
0
1
0
1
0
2
0
0
0
2
1
0
0
0
0
0
2
1
1
2
0
1
0
1
0
0
2
0
0
1
1
1
1
1
1
0
1
2
0
2
1
0
0
0
1
1
0
1
0
1
1
0
2
1
1
0
1
1
1
2
1
1
1
0
0
0
1
0
1
0
1
0
0
3
1
1
0
0
1
1
0
0
1
1
1
1
0
1
1
1
2
0
0
1
0
0
0
0
3
1
1
1
2
1
1
0
0
1
0
0
1
2
0
1
0
0
2
0
0
1
1
0
1
0
1
0
0
1
0
0
1
0
0
0
1
0
1
0
0
0
0
0
0
0
0
1
0
1
0
0
1
0
0
1
0
0
0
0
0
0
1
0
1
0
0
0
0
0
1
0
1
1
0
0
1
0
0
0
1
1
0
0
1
0
0
1
1
0
1
0
1
0
0
1
0
0
0
0
0
1
0
1
0
2
0
0
0
1
0
0
1
0
0
0
0
1
0
0
0
0
0
0
1
0
1
0
0
0
1
0
0
1
0
0
0
0
0
0
0
2
0
1
0
0
3
0
1
0
0
0
0
0
1
0
0
2
0
0
0
0
0
2
0
0
0
1
0
1
1
0
0
0
0
0
0
2
0
2
0
0
1
0
0
1
0
1
0
0
1
0
2
1
0
1
0
0
0
0
0
0
0
3
0
0
1
0
0
0
0
1
0
