0
0
0
0
1
0
0
0
0
0
0
0
0
0
0
0
0
0
0
0
0
0
0
0
0
0
0
0
0
0
0
0
0
0
0
0
0
0
0
0
0
0
0
0
0
0
0
0
0
0
0
0
0
0
0
0
0
0
0
0
0
0
0
0
0
0
0
0
0
0
0
0
0
0
0
0
0
0
0
0
0
0
0
0
0
0
0
0
0
0
0
0
0
1
0
0
0
0
0
0
0
0
0
0
0
1
0
1
0
0
0
0
0
0
0
0
0
0
0
0
0
0
0
0
0
0
1
0
0
1
0
1
0
3
1
1
3
1
3
2
3
1
2
4
4
5
2
3
4
4
3
8
3
6
2
9
9
13
12
18
11
15
10
14
17
15
19
20
24
24
23
29
40
41
48
48
59
58
64
70
67
86
80
96
91
108
98
109
103
125
112
103
104
152
129
145
148
160
148
158
155
153
157
173
182
173
182
172
159
139
156
153
151
161
172
162
149
161
156
187
143
166
138
159
148
165
160
153
157
152
149
156
145
154
150
139
143
139
196
160
137
173
130
180
149
153
178
162
157
175
143
156
151
138
168
152
151
154
180
180
178
188
179
167
157
196
170
170
172
170
190
182
167
181
163
169
184
185
154
189
200
205
179
213
193
216
180
166
163
193
207
194
209
183
196
197
173
214
206
216
216
188
223
211
189
182
194
198
185
213
179
211
206
224
200
209
185
181
176
198
191
204
169
205
195
189
200
172
215
183
191
195
177
194
180
214
219
185
183
179
192
198
180
183
179
193
178
198
165
171
178
189
168
189
187
174
163
146
209
190
161
179
170
189
181
170
177
181
167
173
160
175
174
170
160
172
169
181
196
166
155
183
181
184
182
182
144
191
165
169
173
183
210
182
176
178
190
184
176
178
176
173
174
203
177
174
173
154
183
162
167
184
144
172
165
186
164
151
164
184
183
188
167
178
183
170
172
176
174
173
166
162
174
193
168
161
182
192
188
179
164
187
175
199
162
169
168
175
172
160
164
187
183
167
196
162
192
166
154
163
171
167
184
164
173
177
195
177
184
181
149
186
201
166
158
162
179
164
163
182
160
166
175
164
185
162
167
133
187
186
142
176
175
187
184
174
175
175
190
158
184
191
177
187
179
211
190
181
174
203
172
166
200
191
180
183
201
185
178
168
173
178
186
166
186
190
181
159
175
152
185
197
196
191
197
197
166
181
171
192
189
183
173
186
169
196
173
165
172
168
176
166
192
170
170
163
173
165
166
181
196
197
167
183
170
182
186
194
187
180
180
177
202
149
151
185
186
147
180
161
184
158
178
162
156
177
183
194
161
163
172
164
171
165
189
157
167
173
191
160
163
182
174
172
180
148
160
178
156
158
146
170
173
161
179
161
145
159
168
162
162
168
163
156
141
154
163
145
140
183
136
155
157
160
157
138
125
158
133
153
138
141
144
132
169
162
153
138
141
149
143
173
157
139
152
139
155
149
136
153
117
135
129
123
138
127
142
146
142
128
146
140
154
148
131
149
132
136
144
124
153
132
140
121
130
136
156
120
126
155
129
142
130
127
127
130
115
118
123
134
114
109
118
122
122
123
120
128
118
143
127
113
128
113
124
104
120
132
127
124
107
128
116
127
97
132
122
125
116
131
123
115
107
106
145
116
124
128
109
94
119
102
120
93
99
130
107
124
111
115
108
110
104
111
104
97
122
100
134
120
114
118
113
106
103
104
99
112
109
123
93
99
119
112
123
121
105
119
100
101
103
124
121
92
109
100
91
91
85
103
100
99
107
110
120
109
91
107
83
125
126
95
86
108
109
106
101
103
103
98
82
105
120
116
110
111
88
90
103
98
99
108
114
94
89
93
90
115
97
104
95
95
104
100
103
110
83
100
95
95
100
99
99
116
99
87
105
97
88
93
114
106
83
112
93
70
87
101
97
88
104
116
81
92
86
84
96
100
94
103
71
107
79
103
100
76
103
97
111
114
83
90
99
92
98
80
100
113
97
103
91
91
81
90
91
88
89
87
97
98
95
93
91
89
93
88
101
106
85
91
90
98
114
95
94
86
101
105
89
94
77
99
106
103
94
100
76
89
70
104
106
101
93
92
105
91
80
75
88
96
89
74
98
95
95
93
97
98
100
77
97
103
89
83
72
94
69
72
92
99
91
97
85
82
98
84
86
88
95
99
76
82
94
93
87
87
90
93
88
96
107
89
87
83
89
105
75
96
78
86
94
99
84
95
85
79
80
86
81
78
99
78
80
85
79
70
92
84
77
84
73
93
80
78
80
78
71
85
87
107
92
74
78
91
63
94
79
85
82
98
95
67
70
89
85
71
76
93
87
78
87
85
76
87
80
98
89
98
70
66
77
84
85
93
71
73
91
68
93
83
91
92
87
90
92
78
92
70
83
85
92
93
85
81
87
84
98
78
87
76
87
74
84
88
90
89
72
104
84
67
73
89
84
77
96
94
78
87
79
86
92
80
70
73
90
75
78
88
89
88
93
88
73
100
72
84
86
73
88
86
60
76
86
65
91
84
67
59
70
74
80
70
72
84
78
86
89
75
81
74
80
92
86
82
72
71
82
67
80
76
66
87
65
74
86
63
85
84
84
96
85
67
78
85
77
93
72
75
79
92
50
74
78
74
84
65
79
78
78
73
85
84
89
76
84
77
92
85
63
70
83
85
71
74
67
90
74
62
72
87
84
81
78
71
69
74
81
83
59
81
90
78
73
85
74
82
72
73
70
88
69
90
86
74
70
74
89
68
76
80
75
61
73
78
78
52
68
75
72
71
67
65
76
66
63
69
78
73
79
65
68
69
69
65
77
59
81
62
67
62
58
73
67
70
71
68
60
55
65
69
62
60
67
48
64
55
63
70
54
62
61
52
63
64
56
58
62
49
58
43
77
55
55
58
51
47
62
52
49
53
52
49
68
67
51
59
55
51
45
53
44
56
52
58
47
35
72
48
42
48
52
53
37
59
48
46
50
53
37
48
40
31
42
50
36
51
38
32
53
48
33
45
56
44
38
37
46
35
50
47
29
48
43
37
44
39
42
40
40
48
36
39
44
35
41
40
33
42
42
34
38
30
35
38
33
40
45
31
35
30
41
25
32
40
41
53
30
40
32
29
38
35
38
29
24
33
30
40
29
46
35
38
34
31
30
27
33
30
30
40
37
24
32
34
35
33
30
29
28
36
27
30
33
37
30
42
40
19
29
36
29
30
37
22
30
28
34
37
30
22
24
29
33
33
29
43
28
29
22
36
38
36
34
29
26
32
39
24
42
23
26
25
23
21
35
27
31
34
34
37
17
25
20
32
22
29
30
24
26
28
23
19
26
36
35
36
29
40
21
40
23
23
28
26
31
26
25
21
30
25
29
39
24
32
25
24
17
23
33
28
26
29
23
24
29
25
30
37
38
29
28
28
20
34
19
31
34
30
23
28
26
27
22
20
27
25
29
35
25
27
25
18
17
25
26
18
21
25
26
19
30
19
36
31
33
32
23
20
31
24
26
24
24
21
23
26
21
28
25
18
32
35
25
33
23
35
22
24
28
32
31
23
26
36
30
28
29
30
27
25
27
22
22
36
25
33
30
32
31
36
37
28
36
25
23
33
28
33
33
24
30
46
34
20
47
24
24
39
26
33
31
32
32
25
26
31
29
40
27
40
41
37
29
27
37
37
24
38
28
48
35
38
50
27
32
37
55
28
39
43
46
40
50
44
41
57
41
57
49
47
54
49
46
61
64
50
58
54
76
64
65
53
58
73
71
59
72
71
69
74
58
87
81
77
70
68
79
92
97
91
87
78
103
92
100
81
94
107
82
108
95
104
110
115
120
103
128
116
136
115
115
149
132
138
158
139
121
138
140
157
187
159
145
170
179
163
165
174
155
192
170
199
182
189
199
180
178
203
177
189
221
202
220
223
188
213
259
203
210
249
228
261
240
221
226
255
269
260
254
260
250
264
277
258
262
294
259
276
280
250
269
296
301
291
316
306
271
292
295
303
297
283
274
306
310
289
270
290
279
306
323
349
275
316
298
311
299
319
311
309
299
270
324
320
295
304
298
258
305
325
281
310
313
306
304
304
303
298
297
290
297
285
268
270
316
255
292
308
294
242
292
265
254
299
287
273
249
269
227
256
261
265
228
259
215
213
235
243
215
231
200
219
191
192
202
194
205
186
224
196
184
164
180
191
173
161
162
173
176
166
129
144
145
151
172
135
141
131
122
145
120
112
113
117
103
134
110
110
102
117
99
104
109
78
97
92
71
84
83
80
100
84
69
82
65
75
66
59
61
59
69
58
56
67
47
55
51
60
55
47
50
59
40
40
49
49
51
42
48
29
30
38
36
25
26
21
27
39
21
26
21
35
24
20
23
29
18
20
26
14
17
11
15
19
17
16
19
12
9
13
14
18
8
16
14
11
12
8
5
15
11
18
11
10
6
7
7
4
9
8
10
4
10
5
5
6
12
6
11
7
6
12
6
3
6
5
6
6
3
9
5
4
5
5
3
3
7
6
4
5
8
5
5
2
5
7
5
4
2
7
7
1
8
4
3
3
2
3
3
3
7
1
2
5
4
5
4
4
4
6
0
5
3
3
4
1
1
7
9
7
1
2
2
5
2
3
2
4
3
5
1
2
3
2
2
6
2
3
6
3
3
5
1
0
2
1
2
3
1
5
5
3
0
0
2
3
1
0
2
6
1
3
0
3
3
3
3
1
2
4
2
3
3
4
1
1
2
5
1
1
4
5
4
1
4
1
4
2
2
2
2
2
1
2
1
2
3
2
2
1
2
1
5
2
0
3
1
3
2
2
3
6
2
0
0
2
2
1
3
0
4
4
1
2
3
1
4
3
0
2
2
1
2
2
3
5
0
3
4
1
2
1
1
5
5
0
1
3
4
3
1
1
3
0
1
2
2
1
3
0
1
1
0
3
4
2
0
1
1
3
5
0
2
4
3
0
1
2
1
2
4
1
2
0
4
2
2
3
1
1
2
2
0
2
2
2
3
2
1
3
3
1
1
1
3
5
0
2
1
2
2
1
1
1
4
1
2
3
1
3
3
2
1
3
4
0
2
2
1
0
0
1
2
1
5
2
2
3
0
4
3
1
1
3
3
0
1
2
0
1
2
1
5
1
3
1
1
4
0
0
2
2
0
3
1
1
0
2
0
4
2
3
0
2
3
2
3
3
0
3
1
2
0
1
1
2
3
1
0
2
1
3
0
1
2
0
3
2
3
5
3
1
1
1
0
2
1
3
2
2
2
0
0
1
1
6
1
1
0
2
1
1
1
1
0
4
0
2
2
3
2
0
1
1
2
0
0
0
2
2
3
1
2
2
4
2
0
0
2
1
1
1
2
1
2
0
2
2
2
4
0
3
3
1
2
1
0
2
2
2
2
2
0
3
1
3
1
3
1
2
3
3
1
2
0
0
2
1
0
0
2
4
5
1
1
1
2
1
2
3
2
5
0
3
2
1
1
4
1
2
2
2
2
3
1
2
2
0
3
1
5
2
0
2
2
2
4
0
2
3
0
0
4
2
3
0
5
0
0
0
1
3
4
2
1
1
3
1
1
1
1
0
5
2
0
1
2
2
3
3
4
1
1
2
1
3
0
2
4
2
3
1
2
2
1
2
2
2
2
0
2
3
2
4
2
0
2
0
2
2
0
5
0
1
2
3
0
0
1
1
1
2
2
3
4
1
4
1
0
1
1
1
1
0
2
3
3
2
0
1
1
3
2
3
1
3
0
3
1
3
1
1
0
2
2
2
0
2
4
0
0
1
3
2
2
1
0
2
0
0
1
1
2
1
3
2
2
3
1
1
3
2
2
1
2
1
0
1
1
1
0
2
0
3
1
1
1
2
2
1
1
1
2
3
2
1
2
0
2
0
0
2
1
1
1
2
5
0
2
0
0
2
1
0
2
0
2
1
0
0
2
0
0
1
2
1
0
0
1
2
0
1
1
2
0
0
0
4
0
0
1
5
2
2
2
1
1
1
2
1
2
2
2
1
2
0
0
1
0
1
3
0
0
0
0
3
0
5
1
1
1
4
0
1
0
1
1
4
2
2
1
1
1
0
3
1
1
0
0
1
1
2
0
1
2
1
0
1
0
2
0
3
1
1
0
1
0
2
0
0
0
1
1
1
0
0
1
2
0
1
1
1
2
0
0
1
1
0
1
2
0
0
0
0
2
0
0
0
2
0
1
2
0
2
0
2
1
3
0
0
0
0
0
0
1
0
1
1
1
0
1
1
2
0
2
0
1
0
1
2
0
0
0
1
0
0
1
1
0
1
2
0
0
0
0
1
2
1
1
4
0
0
1
0
0
0
0
2
0
0
0
3
2
1
0
3
1
1
1
0
0
0
1
0
0
0
1
1
2
1
2
1
2
0
3
2
1
0
2
1
1
0
1
0
2
0
2
1
0
1
2
1
2
1
2
0
0
0
1
1
0
1
0
0
2
1
1
2
1
4
1
1
1
1
0
1
1
0
1
1
0
1
0
1
0
3
1
3
1
1
2
1
1
2
2
1
0
2
1
0
1
0
1
1
0
1
2
0
0
1
1
0
0
1
1
1
3
1
1
1
0
0
1
0
0
2
0
1
1
2
1
0
0
1
2
2
2
3
1
3
1
3
2
1
1
1
1
1
0
1
1
1
0
1
1
1
2
0
1
2
0
2
3
0
0
0
1
0
0
2
1
1
0
2
2
0
1
0
1
0
1
2
0
3
0
0
1
3
2
0
2
3
2
0
1
0
1
3
2
1
3
2
0
2
1
0
1
0
0
2
0
1
1
2
0
1
0
1
0
0
3
0
0
4
0
0
0
0
0
0
0
3
0
1
0
3
1
0
0
1
0
1
0
0
0
2
2
1
2
1
2
0
0
1
0
1
1
0
1
0
0
1
0
0
0
0
1
1
1
1
0
2
0
1
1
1
0
0
0
1
0
0
0
1
1
2
0
1
0
0
0
1
0
1
2
1
0
1
1
0
2
1
0
0
1
0
2
0
0
1
0
0
3
1
2
0
1
0
1
0
1
2
1
2
1
0
0
0
1
0
1
0
0
3
0
1
0
1
0
1
0
1
2
2
0
2
1
0
0
0
1
0
1
0
0
1
0
0
1
0
2
0
1
0
1
0
1
1
2
0
0
1
0
2
1
0
0
0
0
1
0
2
1
2
0
0
0
1
0
1
1
0
1
0
1
0
0
0
2
1
1
2
0
0
0
0
0
1
1
1
0
1
0
1
0
0
0
1
1
1
0
0
1
0
0
3
0
1
1
0
2
1
0
3
2
0
0
1
1
1
4
0
0
1
1
0
0
1
0
2
0
0
1
0
1
0
0
0
1
1
1
0
0
1
0
1
0
0
4
0
0
1
0
0
3
0
2
0
0
0
0
1
0
0
0
1
0
1
1
2
1
1
2
0
1
0
2
1
1
0
0
1
0
0
2
0
3
0
0
0
1
2
1
1
0
0
2
0
0
0
0
0
0
0
2
1
0
0
2
1
0
1
0
0
0
1
1
2
0
0
1
0
1
0
2
0
0
0
1
0
2
0
0
1
1
0
1
0
0
0
0
0
0
1
0
3
1
0
0
1
0
0
0
1
0
0
0
1
0
0
0
2
0
0
1
0
1
0
0
0
0
0
0
1
0
0
0
1
1
0
0
0
1
0
0
0
0
1
0
0
1
1
0
3
1
0
0
1
2
0
0
1
2
1
0
0
0
1
1
0
0
2
1
0
1
2
1
0
1
0
3
0
2
0
1
0
0
0
0
2
0
0
1
1
0
0
0
2
0
1
0
0
2
0
0
0
0
0
1
0
0
1
0
0
2
0
0
0
0
1
3
1
0
0
0
0
0
0
0
0
0
2
0
2
1
0
1
3
1
0
0
2
1
0
0
0
0
2
0
1
2
0
0
1
1
0
0
0
0
1
0
2
0
0
1
0
2
0
0
1
0
0
0
0
1
0
1
3
0
0
0
0
1
0
1
0
0
0
0
0
0
1
0
0
1
0
0
0
0
2
2
0
1
0
0
0
0
1
0
0
0
1
0
1
0
0
2
1
0
2
0
0
0
0
1
0
0
1
1
1
1
0
1
0
0
0
0
0
1
0
0
0
0
1
0
1
0
0
0
0
0
0
0
0
1
0
3
1
0
1
0
2
1
0
0
1
0
0
0
0
1
0
0
1
1
0
0
0
2
0
0
0
0
0
1
0
0
1
1
0
1
0
0
1
0
1
0
2
0
1
0
1
1
2
0
0
0
1
2
0
1
0
0
1
0
2
0
0
1
1
0
2
0
0
0
0
0
0
1
2
2
0
0
1
0
0
0
2
0
2
2
1
0
1
0
0
2
1
0
0
1
0
0
2
0
0
0
1
0
0
0
0
0
1
4
0
0
1
0
0
0
2
1
0
1
2
2
1
0
2
2
1
1
1
0
1
1
0
2
1
0
1
1
1
0
0
0
3
1
1
0
2
0
0
1
0
2
0
3
0
1
0
0
3
2
0
0
0
1
1
1
1
2
1
1
0
0
1
1
2
0
2
0
1
0
1
1
1
1
2
2
0
0
0
0
0
0
1
0
1
0
1
0
0
0
2
0
3
0
0
0
1
1
1
0
0
0
1
0
4
1
0
2
0
0
2
0
0
1
3
1
0
0
0
0
0
1
0
0
0
0
1
0
0
0
1
2
1
1
0
1
1
0
0
0
0
0
0
2
2
0
1
1
2
2
0
1
0
0
1
0
2
1
1
0
0
1
0
0
0
0
0
1
0
1
0
0
0
0
0
0
0
2
0
1
0
0
0
0
1
0
3
0
0
0
0
0
1
0
0
0
0
0
1
1
1
0
0
0
0
0
0
0
0
0
1
1
0
0
0
0
0
0
0
0
0
1
0
0
0
0
2
0
0
0
1
0
1
0
0
0
0
0
0
1
1
0
1
0
1
1
0
0
0
1
1
0
1
1
0
0
0
1
0
0
0
0
0
0
0
0
0
0
1
0
0
0
0
0
0
0
2
1
0
2
0
0
0
1
0
0
0
1
0
0
0
0
0
0
0
0
0
0
0
1
1
0
0
0
1
0
0
0
1
0
0
0
0
0
1
0
0
1
0
0
0
0
0
0
0
0
2
1
0
0
0
1
1
0
0
1
0
0
0
1
0
0
0
0
0
0
0
0
0
0
0
0
0
0
0
0
0
1
1
0
0
