0
0
0
0
0
0
0
0
0
0
0
0
0
0
0
0
0
0
0
0
0
0
0
0
0
0
0
0
0
0
0
0
0
0
0
0
0
0
0
0
0
0
0
0
0
0
0
0
0
0
0
0
0
0
0
0
0
0
0
0
0
0
0
0
0
0
0
0
0
0
0
0
0
0
0
0
0
0
0
0
0
0
0
0
0
0
0
0
0
0
0
0
0
0
0
0
0
0
0
0
0
0
0
0
0
0
0
0
0
0
1
0
0
0
0
0
0
0
0
0
0
1
0
1
1
0
1
1
1
0
2
1
5
2
2
1
4
2
3
3
4
4
2
6
8
8
7
3
5
5
7
6
5
10
11
10
13
16
13
16
12
25
12
18
23
23
27
31
35
33
36
31
52
52
60
58
61
59
75
91
79
76
92
117
89
125
116
113
110
119
112
147
145
149
175
147
144
144
151
162
176
195
175
175
194
165
148
176
150
156
188
156
167
177
187
181
169
190
199
195
160
159
160
187
161
175
174
155
182
165
163
176
158
186
161
171
182
180
167
182
173
179
187
171
153
188
194
182
183
195
189
193
167
163
167
187
177
177
172
177
193
197
191
200
200
218
203
202
190
189
183
188
194
202
186
236
227
196
207
187
194
196
237
185
199
190
191
202
227
224
213
220
232
216
214
218
241
226
221
214
207
200
210
231
246
218
224
237
222
212
252
246
227
229
243
223
250
220
235
259
215
224
220
228
215
220
243
261
216
207
226
222
206
229
216
211
213
221
217
243
201
202
215
206
200
211
192
194
208
207
203
210
201
225
216
217
209
216
203
223
199
215
184
213
216
189
202
211
207
207
209
191
216
195
178
209
203
198
232
213
186
225
207
209
215
213
217
212
202
192
217
197
191
226
198
187
200
204
204
194
188
201
177
202
194
186
203
206
214
213
205
196
189
203
240
178
202
197
211
224
206
208
202
191
216
184
209
202
195
210
183
190
207
208
194
222
235
195
187
203
204
212
175
208
190
211
202
192
191
176
210
202
193
215
197
203
244
196
185
216
211
179
185
197
178
190
206
196
178
173
181
183
197
199
209
212
196
213
195
203
210
211
204
199
213
172
198
174
206
194
205
201
202
185
195
173
192
195
192
233
203
199
202
211
217
210
182
221
205
220
223
230
217
222
185
157
197
213
219
187
187
186
218
189
175
183
204
206
206
196
205
202
201
202
187
238
221
208
206
176
208
218
198
223
188
220
212
241
186
200
190
226
210
221
222
202
206
196
215
231
193
215
206
210
196
217
192
191
206
220
228
213
227
190
210
198
214
197
199
198
185
190
180
189
170
192
175
217
213
199
192
199
192
172
203
163
200
192
232
207
189
169
174
196
195
173
206
192
183
201
163
200
179
195
177
160
186
184
194
180
202
172
204
187
197
175
180
169
145
172
173
156
182
181
194
151
175
185
168
209
183
173
168
188
188
176
161
166
171
168
187
177
171
158
182
179
163
152
150
165
150
180
149
171
158
160
156
136
137
152
165
163
157
170
165
181
169
180
156
169
145
169
143
161
136
153
168
141
140
166
155
166
170
170
146
147
156
155
160
139
150
146
150
149
123
159
126
150
152
153
153
141
172
133
150
144
133
141
138
149
139
132
151
131
152
129
153
144
140
129
143
128
127
136
147
138
131
143
139
127
127
133
122
130
151
158
128
144
142
134
155
150
126
144
117
127
123
134
136
121
117
128
138
122
134
122
133
106
144
131
129
127
138
114
118
129
119
114
110
137
119
115
132
145
108
109
114
135
120
133
127
130
107
110
149
128
124
140
124
129
143
115
136
152
118
139
101
115
127
125
125
119
103
136
128
129
99
114
109
108
127
118
128
123
124
127
121
118
123
132
97
96
97
114
142
120
126
97
119
113
126
105
121
130
107
108
114
139
128
137
112
116
116
128
113
124
112
130
116
116
120
94
100
117
119
131
106
103
93
111
135
126
113
110
134
113
99
120
125
122
104
122
116
108
113
124
112
103
101
107
120
115
107
119
123
109
104
114
88
112
115
125
125
113
98
118
108
117
130
115
124
113
112
116
110
88
99
116
102
105
101
117
89
116
111
111
117
123
115
102
126
93
94
101
104
112
108
113
105
104
98
104
128
96
117
123
110
94
112
109
110
108
102
110
113
96
103
122
113
101
101
113
117
123
113
129
121
116
100
115
105
112
90
101
101
107
109
104
107
101
104
114
93
123
105
98
100
102
112
108
118
100
118
106
103
101
102
114
100
103
94
124
123
102
101
88
96
100
111
88
107
117
118
104
107
102
108
104
103
132
92
103
79
89
101
91
115
85
109
116
92
100
94
89
107
87
108
103
93
106
105
112
104
99
107
98
114
113
107
109
106
95
99
93
99
109
107
132
116
107
102
93
110
86
98
113
103
101
103
88
102
118
96
66
104
112
93
108
91
82
111
110
98
104
110
98
109
105
93
113
103
96
92
95
118
99
112
100
100
85
88
108
109
110
94
72
103
92
85
78
94
104
100
89
105
100
104
118
99
84
118
104
114
88
104
107
96
112
102
121
87
93
97
86
99
107
102
94
110
101
89
102
101
83
96
76
81
116
89
98
98
83
99
101
106
93
77
93
121
110
86
102
97
94
106
87
93
107
91
90
106
90
93
90
108
97
84
104
97
85
110
99
86
96
84
106
101
91
91
103
76
93
101
103
83
79
86
107
94
85
107
85
108
82
84
89
92
87
105
77
98
90
100
101
96
92
69
82
79
100
87
71
77
100
78
95
84
81
89
77
76
88
73
87
71
94
92
65
89
87
66
86
79
82
87
74
92
100
86
88
95
86
78
76
78
86
64
75
85
91
74
86
79
67
75
73
80
71
56
71
71
85
75
66
72
63
75
64
74
71
78
77
73
53
57
61
64
60
70
74
69
72
61
55
50
57
73
80
73
71
56
81
73
62
61
72
60
62
64
68
71
49
61
64
57
56
63
49
58
57
53
69
63
59
43
62
49
55
47
44
51
46
44
54
60
62
44
62
61
49
58
50
51
51
54
56
54
57
48
50
57
36
49
35
61
57
47
40
48
58
34
60
38
42
47
43
41
44
58
40
41
44
34
30
52
49
36
39
41
32
49
51
38
42
50
55
47
50
36
51
45
45
44
35
35
41
51
38
41
40
35
41
53
51
46
34
43
52
28
44
41
37
45
45
27
45
48
39
43
48
38
36
42
50
30
45
28
33
37
39
40
30
45
45
34
40
39
43
49
40
28
37
41
37
31
34
35
26
30
37
26
32
35
36
36
40
41
29
51
32
41
39
27
26
34
40
39
31
44
40
37
34
30
42
33
30
31
35
33
38
31
30
34
35
25
31
23
23
34
29
23
34
32
33
34
39
31
40
24
40
30
34
27
38
32
34
40
40
43
44
25
34
28
37
30
27
42
28
32
36
29
27
33
26
25
30
26
30
36
32
33
27
32
37
35
28
31
28
25
30
33
29
20
39
32
34
26
32
28
24
24
25
26
34
36
35
20
26
30
40
27
27
36
27
34
34
30
36
25
36
24
22
33
32
28
29
28
31
33
44
30
45
32
37
31
33
27
27
41
45
31
38
31
36
33
26
27
33
28
24
26
45
39
38
45
33
30
38
27
29
23
30
33
30
33
23
39
33
31
40
38
29
37
34
28
36
36
36
30
41
37
38
35
31
34
54
48
42
36
36
43
40
48
54
47
41
46
38
49
52
46
42
40
55
48
59
59
50
40
69
43
56
55
52
61
65
57
65
54
70
54
52
83
72
67
72
77
90
79
91
86
91
88
67
75
78
89
98
83
103
96
85
109
101
110
115
117
103
116
110
119
120
105
137
126
144
150
161
123
159
142
144
170
154
163
169
164
180
165
175
169
176
199
177
175
178
210
196
188
196
194
190
214
242
223
234
224
233
219
234
245
255
234
269
250
278
283
250
263
267
315
265
273
261
291
313
245
303
299
299
318
296
321
366
301
310
323
347
324
314
327
293
317
345
386
350
333
310
366
357
372
311
372
375
385
337
410
380
357
396
383
373
363
349
380
391
371
338
376
358
357
363
352
337
369
355
340
346
339
354
366
373
351
358
343
357
369
375
334
327
322
330
333
306
334
308
303
331
297
303
278
318
306
311
324
329
286
282
296
283
290
282
292
260
296
258
256
260
252
251
269
242
241
278
250
200
212
222
215
214
211
229
222
222
203
176
203
191
180
195
206
195
155
167
177
188
170
178
139
161
148
139
161
134
114
108
121
130
112
109
106
123
112
93
107
98
102
103
99
98
80
86
82
76
90
87
60
67
73
72
75
69
69
70
60
67
63
52
46
67
53
53
52
48
44
40
49
42
41
45
50
40
42
46
22
35
32
29
34
27
24
35
28
23
29
18
26
29
18
20
26
16
21
16
13
13
17
19
17
19
11
16
12
15
20
10
12
11
12
13
15
9
9
13
12
21
10
10
10
10
7
8
12
7
5
8
9
8
4
8
9
11
4
7
7
6
7
6
8
4
5
6
8
6
5
3
5
4
6
4
9
7
7
4
3
2
4
3
2
4
8
4
0
3
3
3
1
5
11
4
2
3
3
4
2
4
3
3
1
3
2
3
4
5
2
4
1
7
5
1
4
1
0
2
2
2
3
3
3
4
2
3
3
2
2
2
4
6
2
3
11
8
1
4
2
2
0
2
4
4
3
7
2
1
6
4
2
7
3
0
3
3
3
6
2
3
2
1
0
2
3
2
2
1
3
1
1
3
2
3
10
1
3
2
3
4
4
4
0
1
5
3
0
2
6
3
5
0
4
2
1
4
2
6
3
2
2
3
3
1
3
3
1
1
2
4
3
4
2
3
4
2
1
1
1
3
3
4
1
4
1
4
2
5
1
5
2
2
8
1
0
3
3
1
3
4
3
0
4
3
1
3
1
2
1
2
3
2
0
2
4
3
1
1
3
0
1
0
3
5
1
5
4
1
4
7
1
2
1
2
2
0
1
5
1
1
5
3
5
1
3
5
2
3
2
5
1
7
2
0
0
0
1
2
2
6
1
0
1
1
2
2
1
4
2
1
2
3
2
1
5
2
8
3
4
3
3
1
3
3
4
3
3
3
0
3
2
2
2
1
2
2
3
1
2
0
0
1
3
2
2
4
1
3
4
3
1
3
5
1
1
1
3
1
0
2
1
5
2
1
3
6
3
2
3
0
2
0
2
1
3
1
1
2
0
3
0
4
3
2
0
1
4
3
2
1
2
1
0
1
4
3
3
4
3
0
4
1
1
2
1
5
2
3
0
2
0
2
1
1
5
0
1
0
1
3
0
1
2
3
2
0
3
2
1
1
0
2
5
1
2
1
5
1
2
2
2
1
2
1
1
2
2
0
4
2
2
1
2
0
1
3
1
0
2
3
1
2
2
4
2
1
2
2
1
2
2
1
0
0
3
0
2
0
2
5
2
1
4
3
1
3
4
0
2
2
1
2
4
1
1
2
2
3
0
0
1
3
3
1
3
1
3
3
1
1
1
4
1
0
2
1
1
1
1
3
1
5
1
4
1
1
2
2
0
0
0
2
1
1
3
2
3
0
1
2
0
3
5
3
1
1
2
0
3
0
3
2
1
2
6
0
2
2
1
1
0
0
1
1
2
0
2
0
1
5
2
2
1
1
1
2
0
3
3
1
0
1
1
2
2
4
6
1
1
1
4
3
2
0
1
4
1
1
0
0
3
2
2
2
0
1
3
3
2
0
2
1
2
2
4
1
2
2
2
4
1
1
0
2
2
1
0
0
1
1
2
2
0
1
4
1
3
2
0
1
2
2
1
0
0
2
1
2
1
0
1
2
0
1
0
1
0
2
2
1
3
2
4
2
2
1
2
1
2
4
1
1
2
1
4
0
1
0
0
0
1
2
0
1
0
0
2
3
1
2
2
1
1
2
1
1
1
2
1
1
1
3
0
0
2
0
3
3
3
0
1
0
1
1
0
1
0
0
0
1
1
0
1
2
1
1
4
2
0
3
0
3
2
3
1
1
1
1
1
1
1
3
1
2
0
2
0
1
1
1
1
0
1
1
2
1
2
0
2
1
1
3
1
3
1
3
1
1
1
0
2
0
0
1
0
1
2
0
1
1
1
0
2
2
1
1
0
0
1
0
3
2
1
0
1
0
0
1
3
0
0
2
2
2
0
1
0
0
1
1
1
0
1
2
2
2
1
4
0
1
1
1
1
1
1
0
0
1
1
1
3
0
2
0
1
0
2
0
0
0
1
1
0
1
1
0
1
3
1
1
0
1
2
1
0
0
1
0
1
2
1
3
2
1
1
2
0
1
4
0
4
0
0
0
0
1
2
1
2
0
1
3
1
2
1
0
1
0
3
1
2
1
1
0
0
0
0
0
1
2
2
0
1
2
2
2
2
0
0
3
1
1
2
2
2
0
2
1
1
0
2
4
0
2
1
1
4
1
0
1
1
0
1
0
1
1
4
1
2
1
2
0
1
0
2
0
1
0
1
1
1
1
0
0
1
0
0
0
1
0
4
1
1
1
0
0
1
1
0
1
0
3
1
1
3
2
1
1
1
1
0
1
0
0
2
2
1
1
2
3
1
0
0
0
0
1
1
0
0
2
1
1
2
1
3
0
2
0
1
1
1
0
3
1
2
1
0
0
2
1
1
2
0
3
3
1
0
3
1
1
1
3
2
1
2
0
1
1
1
2
0
2
0
1
1
2
0
0
0
1
1
1
0
0
0
1
0
0
0
3
1
2
2
1
2
3
1
3
2
2
1
0
3
1
2
0
0
0
1
1
0
3
4
1
0
0
2
0
1
0
1
3
0
0
1
1
1
1
2
1
1
1
0
1
0
1
0
0
1
1
0
0
1
2
2
5
0
2
0
1
0
0
1
2
0
1
2
0
0
1
2
0
1
2
1
0
0
1
1
1
1
0
1
1
0
1
2
1
0
0
0
0
0
2
0
1
0
1
0
0
1
0
0
0
1
0
1
0
1
1
0
4
1
0
1
2
1
1
1
1
0
1
1
0
1
3
0
1
1
0
3
0
0
2
0
1
1
0
2
0
1
0
0
0
0
0
1
2
0
0
3
2
0
0
0
1
0
1
0
1
0
2
0
0
1
0
0
1
1
0
1
1
0
0
0
0
0
2
0
0
1
5
1
0
2
1
1
0
1
0
1
3
1
3
1
1
0
1
2
0
0
0
0
1
0
1
0
0
0
3
1
0
0
0
1
0
1
1
0
0
0
0
1
0
0
0
0
0
0
0
0
1
0
1
0
2
0
2
0
2
0
1
2
0
0
0
1
1
0
0
0
1
0
2
1
1
0
0
0
2
2
0
0
1
0
0
1
0
0
1
2
0
1
0
1
1
2
0
0
2
0
0
0
2
0
1
1
0
1
0
2
2
0
1
1
0
0
0
0
1
0
0
2
0
0
1
0
0
0
1
0
1
0
0
1
1
0
1
0
1
0
0
0
0
1
1
4
2
1
0
3
0
0
0
1
0
0
0
0
2
1
1
0
0
1
0
0
1
0
1
0
0
0
1
1
0
1
1
3
1
1
0
1
0
0
1
0
0
0
0
0
0
1
0
0
1
1
0
0
3
0
2
0
2
1
0
1
0
0
1
1
0
0
0
1
1
0
0
1
1
2
0
0
1
1
0
0
0
0
0
0
1
2
1
0
0
1
0
1
0
0
1
0
1
2
0
0
0
0
0
1
1
1
0
0
0
1
0
0
0
1
0
2
1
0
1
1
2
0
0
0
0
0
1
1
0
2
0
0
0
0
0
1
1
2
0
1
1
1
0
0
0
0
2
0
0
1
1
0
0
0
1
1
3
0
1
0
0
2
3
0
1
2
0
0
2
2
0
0
0
0
1
0
2
0
1
1
0
1
0
1
0
1
0
0
1
1
2
0
1
0
0
1
0
2
0
2
2
0
0
0
1
0
0
1
0
3
2
1
1
1
1
0
0
1
0
0
0
0
1
0
0
1
1
0
1
0
1
1
0
0
0
0
1
0
0
0
0
0
1
0
0
0
0
0
0
1
3
1
0
1
0
1
0
0
0
2
0
0
0
1
0
0
1
0
0
1
0
0
0
1
0
1
1
1
0
0
0
1
0
1
0
0
0
0
0
1
0
0
0
0
0
1
1
1
0
0
0
0
0
0
1
0
1
0
1
1
1
0
0
0
0
0
2
0
0
0
0
0
1
0
0
0
0
0
0
0
0
1
0
0
0
0
0
0
0
0
0
0
0
1
0
0
1
0
0
0
4
0
2
0
1
1
2
0
1
2
0
2
0
1
2
1
3
0
1
0
3
0
0
0
0
1
0
1
0
1
0
0
0
0
2
1
0
0
1
1
1
1
2
1
0
0
0
0
1
5
0
0
1
0
1
1
1
0
1
2
0
2
1
2
0
0
3
1
1
1
0
1
1
0
1
1
1
2
0
2
1
2
1
2
0
0
0
0
1
2
0
1
1
0
3
0
0
0
0
2
0
3
1
0
3
2
1
0
1
1
0
2
2
0
0
1
2
0
0
1
0
0
1
1
1
0
0
1
1
2
0
0
0
0
2
3
0
1
0
0
1
1
2
0
1
0
0
1
1
3
1
1
0
0
1
0
0
0
2
1
1
1
0
0
1
1
3
1
0
1
0
1
0
1
1
0
1
2
1
1
1
0
0
0
1
0
0
0
1
0
1
0
2
0
0
0
0
0
0
0
0
1
0
2
0
0
0
0
0
0
0
0
1
1
0
0
0
0
0
0
1
1
0
1
0
0
0
0
0
0
2
1
0
0
0
0
0
0
0
1
0
0
0
1
0
0
1
0
1
0
0
1
0
0
2
0
0
1
0
0
0
0
0
0
0
1
0
1
0
0
1
0
0
0
1
0
0
1
0
0
0
1
0
0
0
1
0
1
0
2
0
0
0
0
0
0
1
0
0
1
0
1
0
1
0
0
0
1
0
1
1
0
0
0
0
0
0
0
0
0
0
0
0
2
1
0
2
1
0
0
1
0
2
0
0
0
0
0
0
1
0
1
0
0
0
0
0
0
2
1
2
0
2
1
0
0
0
0
0
0
0
0
0
1
0
0
1
0
1
0
0
0
1
0
0
1
1
0
0
0
1
0
1
0
0
0
0
0
0
0
0
0
0
0
0
0
1
0
0
1
0
0
0
0
0
0
0
0
1
1
0
0
0
0
0
0
0
2
0
0
0
0
0
