0
0
0
0
0
0
0
0
0
0
0
0
0
0
0
0
0
0
0
0
0
0
0
0
0
0
0
0
0
0
0
0
0
0
0
0
0
0
0
0
0
0
0
0
0
0
0
0
0
0
0
0
0
0
0
0
0
0
0
0
0
0
0
0
0
0
0
0
0
0
0
0
0
0
0
0
0
0
0
0
0
0
0
0
0
0
0
0
0
0
0
0
0
0
0
0
0
0
0
0
0
0
0
0
0
0
0
0
0
0
0
0
0
0
0
0
0
0
0
0
0
0
0
0
0
0
0
0
0
0
0
0
0
0
0
0
0
0
0
0
0
0
0
0
0
0
0
0
0
0
0
0
0
0
0
0
0
0
0
0
0
0
0
1
1
0
0
0
0
0
0
0
0
1
1
0
0
1
0
0
0
0
0
0
1
1
0
0
1
0
2
1
0
0
0
0
0
0
2
2
4
2
5
4
5
1
6
8
17
16
11
19
26
29
42
35
43
50
59
66
62
65
89
73
72
96
84
90
79
88
91
90
87
105
102
104
99
114
90
107
104
115
104
100
108
96
95
100
109
101
103
105
99
101
120
124
132
115
89
118
115
100
124
110
131
93
123
111
131
120
119
122
110
110
126
130
141
151
142
119
137
133
148
146
125
127
144
137
134
141
141
133
146
143
135
127
137
145
148
131
149
148
137
160
155
137
123
131
145
149
147
118
157
155
140
129
143
147
153
141
140
133
123
144
144
137
137
133
133
136
142
124
133
119
125
121
122
108
133
129
109
104
120
126
101
107
116
109
116
107
119
126
150
94
114
122
102
108
109
114
123
83
111
115
91
109
118
107
82
102
103
126
82
105
108
116
109
117
116
122
99
96
100
111
93
97
96
93
100
99
105
98
113
99
91
112
108
99
108
103
95
99
91
102
99
100
81
96
101
114
116
109
88
104
89
101
90
97
96
101
86
94
96
96
119
103
99
101
96
112
92
105
94
104
73
102
88
98
88
89
97
85
103
71
90
99
82
98
93
88
103
78
97
87
93
87
82
91
82
89
98
76
92
76
72
88
73
81
84
87
64
71
69
79
79
69
69
91
74
78
79
65
82
81
81
65
69
107
71
78
74
88
64
78
68
66
87
68
69
69
75
70
68
64
73
71
63
74
55
62
65
62
72
62
64
65
57
67
67
59
74
65
66
62
62
65
78
68
66
53
65
69
70
74
73
72
63
65
58
79
49
75
54
71
68
49
51
54
61
62
48
49
54
57
67
58
58
62
60
62
46
68
64
60
61
59
42
64
57
58
54
65
43
51
49
49
54
71
55
56
54
61
49
58
55
66
56
55
49
49
58
51
53
57
47
45
43
50
45
68
65
60
48
47
54
57
51
70
46
61
50
43
55
55
53
45
42
54
60
59
50
45
46
54
43
51
42
50
59
44
51
59
36
47
47
55
51
45
45
52
52
49
39
50
46
42
42
43
38
47
42
45
46
50
43
56
45
47
43
42
40
53
47
38
40
40
52
50
39
51
59
48
49
37
44
47
41
28
54
31
48
39
34
48
45
35
36
46
42
38
43
44
37
38
34
44
32
39
40
35
37
43
29
33
41
47
39
41
44
36
42
44
53
44
41
45
30
29
30
39
28
52
32
31
23
31
29
27
28
31
29
36
33
30
30
33
34
37
38
37
29
34
25
23
24
28
31
29
26
22
35
27
28
28
27
27
31
38
33
25
28
27
33
30
28
29
19
24
39
33
24
27
33
31
34
34
33
23
27
27
24
15
29
25
34
32
21
31
30
23
24
33
18
23
25
23
30
22
26
31
25
15
15
29
24
28
23
22
22
31
17
20
16
17
17
29
24
25
23
27
27
26
22
27
16
13
21
20
24
25
25
22
19
21
18
28
21
19
25
26
24
27
25
15
28
23
17
20
18
19
23
23
18
20
19
24
25
11
20
31
20
24
24
12
29
22
18
17
15
21
18
28
20
15
25
24
21
17
20
24
18
17
20
25
17
16
21
16
27
18
23
21
20
14
18
22
20
18
16
13
14
16
15
19
21
22
15
24
16
13
18
11
13
19
14
21
16
22
26
15
17
19
17
17
11
18
22
10
21
17
25
23
20
17
16
19
19
23
17
11
20
21
18
20
15
15
16
16
13
25
17
14
15
13
18
11
12
17
20
21
23
15
18
17
17
14
11
17
14
22
24
17
16
20
12
13
16
13
20
14
21
11
9
13
21
12
9
22
15
12
17
13
12
18
12
22
21
17
20
13
21
14
14
8
17
10
19
21
15
15
22
15
17
16
10
14
16
23
15
11
11
6
6
10
9
13
10
11
13
16
15
15
10
13
8
15
8
16
11
12
11
5
17
12
7
13
20
19
9
13
10
17
10
13
12
16
14
16
12
7
12
13
8
17
15
14
12
8
16
10
11
7
8
9
9
11
7
18
11
7
7
9
17
13
6
11
7
11
8
9
10
15
8
12
11
10
8
11
10
14
8
10
8
5
7
9
8
7
8
6
6
7
11
12
16
7
3
12
11
8
9
9
5
10
15
13
11
11
12
8
11
11
10
8
5
7
12
7
11
11
11
6
8
14
5
9
8
5
8
12
18
6
9
5
8
11
5
7
13
10
7
9
8
7
8
6
9
8
11
10
10
7
10
6
8
6
5
3
9
10
11
5
5
13
11
4
15
11
8
8
2
8
9
7
8
10
5
13
10
8
12
8
8
6
6
3
6
4
11
8
10
4
4
6
7
8
9
5
7
13
13
5
10
3
5
9
9
9
9
5
7
10
7
11
12
9
5
5
5
4
8
10
7
10
3
7
8
10
6
6
8
6
12
6
11
6
11
9
8
8
2
6
2
8
8
9
5
10
9
3
9
5
4
8
4
5
8
5
8
9
7
5
3
11
9
5
6
6
7
5
8
5
8
7
4
7
7
6
5
4
8
6
7
9
5
11
4
9
4
7
12
6
6
11
5
4
11
9
5
7
8
8
5
8
7
8
2
14
8
6
7
8
5
3
8
11
8
4
8
9
2
11
3
7
8
8
2
4
4
7
4
8
6
7
9
6
7
4
6
4
5
6
6
5
6
5
7
11
2
6
4
8
8
9
2
3
6
1
6
13
5
4
7
9
7
6
6
12
4
2
4
1
5
9
5
2
3
6
9
13
2
4
2
4
5
7
10
7
7
9
6
4
7
5
9
2
3
4
9
3
6
8
10
9
8
10
4
3
4
7
5
5
3
6
3
6
3
8
6
5
9
4
1
5
5
6
4
7
2
4
8
4
5
7
6
6
4
5
5
7
6
8
6
5
6
3
7
4
1
4
3
4
8
6
8
5
3
5
6
8
6
3
4
9
3
4
9
5
9
6
6
8
6
9
4
6
3
5
7
6
3
3
5
2
5
4
6
8
7
4
8
2
4
4
3
7
5
3
7
5
4
3
10
6
4
4
7
2
4
6
4
5
3
4
7
2
3
6
4
6
6
3
3
3
4
4
4
1
4
9
6
3
6
3
5
5
6
5
5
7
7
1
5
6
3
6
6
4
4
5
4
4
8
3
3
4
5
6
7
5
7
3
5
8
8
7
3
3
9
9
6
3
6
10
5
6
4
4
1
6
4
12
7
1
0
5
7
4
4
4
2
3
5
9
4
5
11
5
4
9
5
7
4
9
8
4
6
8
7
7
11
8
3
4
5
6
4
7
6
3
8
6
3
5
4
9
5
3
8
7
6
5
7
7
6
5
3
10
8
2
4
5
8
9
6
7
6
9
13
3
5
5
6
5
9
9
2
4
5
4
3
7
7
5
1
5
9
4
7
3
6
5
9
2
6
5
2
8
2
4
6
5
5
8
4
7
7
6
4
3
3
2
3
2
6
3
4
3
5
3
4
6
6
4
4
7
4
7
3
2
4
3
3
6
5
2
1
3
2
2
4
3
6
5
5
2
5
4
3
5
3
5
5
7
5
2
4
3
2
5
5
4
3
3
5
3
7
6
1
2
6
7
2
2
2
1
3
3
3
2
3
3
1
1
0
1
2
3
1
4
3
4
3
5
3
6
0
2
3
6
4
2
3
3
5
3
2
8
1
3
3
3
4
3
1
0
6
2
4
1
3
3
3
1
4
4
3
1
4
1
4
2
0
4
2
3
2
2
3
4
4
4
5
2
2
3
2
3
3
1
5
2
5
3
5
4
2
6
0
1
2
2
4
3
2
6
3
4
4
1
1
5
3
4
4
3
0
5
2
5
3
2
3
3
1
2
4
1
2
1
3
2
2
3
2
3
1
2
3
1
1
4
0
0
0
4
2
2
0
4
2
0
4
1
2
1
1
2
6
5
3
4
0
0
2
1
2
0
1
5
1
5
2
7
7
2
6
3
3
3
3
8
3
2
3
1
1
2
3
3
4
2
2
2
5
5
1
2
4
2
2
0
3
2
1
0
6
0
2
1
5
2
1
4
1
3
1
4
2
1
2
1
4
1
1
3
6
0
4
2
3
4
2
3
3
4
2
4
3
0
2
4
5
2
2
2
3
3
3
1
5
2
0
3
1
3
2
5
2
4
1
1
1
4
2
2
3
2
1
4
2
2
4
5
1
1
4
0
2
1
1
6
4
2
5
2
1
1
4
4
1
4
4
1
3
2
3
3
1
4
3
3
2
2
2
7
1
2
0
2
1
1
3
2
0
6
1
3
2
4
0
5
3
1
3
4
3
0
5
3
6
0
5
1
3
4
2
1
1
3
2
4
2
2
4
1
2
2
2
3
2
2
1
1
0
1
0
2
1
3
0
2
3
2
4
1
0
5
0
0
0
0
2
3
0
1
2
3
3
0
2
2
2
4
6
4
3
5
1
4
1
4
2
2
3
1
2
2
4
0
1
4
3
5
1
0
2
1
0
3
0
2
6
2
0
1
4
1
1
3
0
2
2
1
3
2
1
3
1
1
0
5
5
4
2
4
1
3
3
3
0
4
2
3
1
3
5
2
0
2
1
1
2
2
2
3
1
0
3
2
2
1
2
1
2
0
0
1
1
3
3
5
4
3
1
4
2
2
2
6
2
3
4
1
1
5
1
2
5
2
4
3
3
0
4
0
2
0
2
1
3
3
2
1
1
0
1
2
3
7
2
2
2
3
1
1
3
6
2
1
1
1
0
1
5
2
1
1
1
2
1
2
6
2
3
4
3
2
0
0
3
2
2
1
1
1
2
0
2
4
2
2
0
1
6
0
0
2
4
1
2
3
4
3
3
0
3
5
3
5
1
4
1
0
1
1
2
5
5
2
0
1
5
1
1
4
1
0
4
2
2
2
0
5
1
4
4
3
1
1
1
3
1
3
0
1
5
0
1
2
2
5
1
0
2
1
0
2
4
1
0
2
2
1
0
0
3
1
0
3
3
1
1
3
4
1
1
1
2
2
4
2
5
1
2
2
0
1
0
2
3
1
1
2
2
3
1
4
0
1
2
2
5
3
1
3
4
2
1
0
2
4
1
3
1
3
2
5
1
4
2
1
1
2
3
2
2
2
4
2
3
4
1
2
3
3
0
6
0
2
2
3
1
3
0
2
3
2
1
3
2
0
2
0
4
1
2
1
1
2
0
0
2
1
2
2
4
3
0
1
3
2
1
4
2
3
2
6
2
1
5
2
4
0
0
0
1
1
0
4
4
1
1
3
4
3
1
0
2
3
2
0
3
1
3
4
3
4
3
3
1
2
0
2
2
0
2
2
2
2
1
1
3
2
1
3
2
3
1
2
0
2
2
1
1
1
2
2
2
0
3
2
1
3
1
2
3
4
3
3
1
4
0
4
2
1
2
4
0
2
2
6
1
0
1
1
5
2
4
1
1
0
1
0
1
3
1
0
2
4
0
1
1
1
1
3
3
2
3
2
1
0
2
1
0
2
1
3
1
1
1
2
6
1
3
2
3
0
0
0
0
2
0
0
0
1
1
0
0
4
3
2
2
1
3
2
2
2
0
3
1
2
3
1
2
2
0
0
2
0
0
2
1
1
0
1
0
3
1
4
0
3
1
4
1
2
0
4
0
2
0
0
1
4
0
0
1
0
2
1
0
2
6
1
1
2
0
0
1
2
1
0
0
1
1
0
2
1
3
2
2
3
1
2
2
3
1
1
1
1
1
2
4
1
0
1
0
2
1
5
3
1
0
2
0
0
1
0
3
1
0
1
0
0
1
0
1
1
5
0
2
1
2
1
3
2
2
1
1
0
2
0
2
1
1
1
3
1
1
3
1
0
3
1
2
0
1
2
0
1
0
2
1
0
0
0
0
2
1
1
0
2
0
2
1
0
1
3
2
0
1
1
1
2
1
1
4
2
0
2
3
2
1
1
2
1
2
3
1
3
4
1
0
4
3
2
1
0
1
0
1
0
1
2
1
1
3
1
1
3
1
1
2
1
1
1
3
0
2
4
1
1
0
0
1
1
0
3
1
1
2
0
1
0
4
2
1
1
2
1
0
1
1
1
0
1
2
3
0
1
3
1
3
1
0
4
3
3
1
0
1
2
2
2
0
0
1
1
2
1
0
2
2
3
0
2
2
1
3
0
2
1
1
2
0
1
2
0
0
1
1
1
2
1
2
1
3
0
0
0
0
4
3
2
2
1
0
3
2
1
2
1
0
3
0
1
0
2
1
2
2
3
0
1
0
3
0
2
1
0
3
4
3
0
2
1
0
0
1
3
1
1
0
0
1
1
4
1
1
0
0
2
0
1
3
3
0
1
1
0
3
1
1
5
0
0
2
0
5
2
3
2
2
1
1
1
0
1
0
1
0
1
1
1
1
5
2
3
4
0
1
4
1
2
1
0
1
4
3
4
4
1
3
3
3
2
0
3
0
1
1
3
0
2
1
1
0
1
1
0
1
1
2
3
0
1
0
2
0
3
3
0
1
2
1
0
1
0
2
1
0
0
0
1
0
1
0
1
1
1
4
0
1
1
0
2
4
0
3
1
1
0
0
0
0
3
0
1
0
1
0
0
2
1
0
2
3
1
3
0
1
0
1
2
1
1
1
1
0
0
0
2
1
2
0
0
1
0
0
1
0
1
2
1
1
2
1
0
4
1
1
2
0
0
1
1
0
0
0
0
2
1
1
0
1
0
2
2
0
1
0
1
0
0
1
0
1
1
0
0
1
2
3
1
0
0
2
2
0
1
0
0
2
0
1
2
2
3
0
2
1
2
0
0
2
6
2
2
3
1
1
2
1
1
0
0
1
2
3
1
1
0
2
1
2
2
1
0
1
0
0
2
3
2
2
0
2
1
1
2
1
0
1
0
2
2
0
2
1
0
0
0
3
2
1
2
1
0
0
0
0
2
0
2
1
0
2
0
0
0
1
0
0
0
0
1
0
0
1
1
1
1
1
1
1
1
0
3
3
1
1
2
2
1
3
2
1
1
0
1
1
1
1
1
2
0
1
3
0
0
0
2
1
2
0
0
1
0
1
2
1
0
1
1
0
0
0
2
0
0
0
2
0
0
1
2
0
2
1
0
3
0
0
0
1
1
0
0
1
1
0
2
2
0
0
1
0
1
4
0
2
0
1
0
0
0
1
0
1
0
0
3
2
0
0
1
0
1
0
0
1
1
0
0
0
2
3
0
1
0
0
0
0
0
1
2
1
0
1
1
1
1
0
0
1
0
0
1
1
0
2
2
2
1
0
3
1
0
1
1
1
0
0
0
2
0
1
0
1
0
0
0
0
1
0
0
0
1
1
0
0
0
1
0
0
1
2
2
2
0
0
0
0
0
0
2
0
2
1
2
0
0
0
2
0
0
2
0
0
0
0
0
0
1
0
0
1
0
0
1
1
0
0
1
1
1
1
0
1
0
0
2
0
1
2
0
0
1
1
1
0
0
0
1
0
0
1
2
0
1
0
0
0
1
0
0
0
0
1
0
1
0
1
0
0
0
2
2
1
1
2
2
4
0
1
0
0
0
0
0
0
0
0
2
0
0
0
1
0
1
0
3
1
1
2
1
0
0
0
1
0
1
0
0
0
1
1
1
0
0
1
0
1
0
1
3
1
1
2
0
3
1
0
0
2
1
3
0
0
0
2
1
0
0
1
0
3
1
0
0
1
1
2
1
0
0
1
0
0
0
0
1
0
0
0
0
1
0
1
1
2
2
0
1
0
2
1
0
0
0
1
1
1
2
0
1
1
0
0
0
0
2
1
0
0
1
0
2
1
0
3
0
2
0
2
0
2
0
0
1
2
1
1
0
2
1
0
7
1
3
1
1
1
0
0
3
0
0
0
3
2
3
3
4
1
0
0
0
0
2
2
1
2
2
0
1
0
2
0
0
1
1
0
1
3
1
3
1
1
1
1
1
2
2
0
2
0
0
2
3
1
1
3
1
0
0
3
2
0
1
2
0
0
0
0
1
0
0
1
1
3
0
0
0
0
0
3
2
0
1
1
2
2
0
1
3
3
0
3
1
0
0
2
1
1
0
1
0
1
0
2
2
2
1
0
1
2
2
0
2
0
1
0
1
1
2
2
3
1
1
1
0
0
4
2
1
4
1
0
0
2
1
0
1
3
2
1
3
3
1
0
0
2
1
1
2
2
3
1
2
2
1
3
2
4
0
2
3
4
2
1
1
2
1
0
0
0
2
3
0
4
1
1
1
1
2
2
3
0
3
0
2
1
0
0
1
0
1
3
2
0
2
2
0
0
0
2
1
0
0
1
1
1
1
1
0
1
3
1
0
1
3
1
0
1
0
2
2
1
0
0
1
0
6
0
0
1
1
3
2
0
2
2
0
3
0
0
1
0
1
1
2
0
1
0
0
0
0
2
0
0
0
0
0
0
1
1
0
0
2
0
1
0
0
0
1
1
3
0
0
0
1
1
0
1
2
2
2
1
0
2
0
0
0
3
0
0
1
0
1
0
1
0
0
0
1
0
0
0
0
0
1
0
0
0
0
0
1
1
0
1
2
2
1
1
2
0
1
1
1
0
0
1
0
1
0
2
0
1
0
2
1
0
0
0
0
0
0
0
2
0
0
0
0
0
0
0
0
0
0
0
2
0
0
0
0
0
0
0
0
0
0
1
1
1
0
0
1
1
0
0
0
0
0
0
0
1
0
1
0
1
0
0
0
0
1
0
0
1
1
1
1
1
0
0
1
1
0
0
1
1
0
1
0
0
0
0
0
0
0
0
1
2
0
0
0
1
0
0
0
0
0
0
1
1
1
3
0
1
0
0
1
1
0
0
0
