1
0
0
0
0
0
0
0
0
0
0
0
0
0
0
0
0
0
0
0
0
0
0
0
0
0
0
0
0
0
0
0
0
0
0
0
0
0
0
0
0
0
0
0
0
0
0
0
0
0
0
0
0
0
0
0
0
0
0
0
0
0
0
0
0
0
0
0
0
0
0
0
0
0
0
0
0
0
0
0
0
0
0
0
0
0
0
0
0
0
0
0
0
0
0
0
0
0
0
0
0
0
0
0
0
0
0
0
0
0
0
0
0
0
0
0
0
0
0
0
0
0
0
0
0
0
0
0
0
0
0
0
0
2
1
1
1
0
0
0
0
0
0
0
2
0
0
0
0
1
1
2
1
0
1
0
1
0
0
0
1
1
1
1
4
2
7
3
3
8
9
3
8
5
4
9
10
12
8
17
15
19
14
22
20
20
35
28
38
27
34
34
46
35
37
55
59
52
66
57
53
59
59
78
51
48
63
54
52
64
64
68
60
63
66
59
71
59
58
68
63
76
65
64
56
60
71
50
60
75
51
67
68
67
65
60
68
60
61
66
45
50
61
41
69
43
63
53
52
57
66
54
70
49
56
54
67
64
65
66
53
44
58
68
78
50
53
55
56
44
66
64
52
57
65
67
55
75
63
60
64
74
66
68
68
55
59
59
79
79
77
73
71
83
65
70
58
77
75
69
60
80
73
69
46
61
72
72
74
93
61
70
66
84
74
68
65
86
77
62
84
50
70
78
84
75
60
76
81
65
68
63
48
69
67
51
75
75
75
80
60
61
63
67
65
62
65
85
72
75
46
67
72
91
55
67
50
67
56
63
60
60
49
55
57
63
56
54
43
60
55
49
47
49
48
51
69
66
51
57
61
50
62
55
41
49
48
52
51
51
45
43
57
60
52
66
65
40
53
54
44
45
55
57
53
37
47
38
43
39
44
54
37
53
49
53
51
38
48
60
54
34
49
50
51
41
51
47
48
58
56
58
35
42
51
49
68
47
43
43
35
59
45
54
49
38
49
35
38
44
56
43
47
40
49
36
42
45
48
37
50
46
46
45
37
37
37
55
29
43
36
44
41
32
52
32
50
41
47
58
33
39
33
42
32
34
40
47
46
38
45
41
50
41
36
40
45
46
41
31
39
44
49
38
38
31
31
47
39
31
39
32
37
39
31
26
27
34
32
29
42
36
34
39
34
31
40
36
28
36
27
26
31
42
28
37
34
47
34
35
29
35
41
28
29
29
30
33
22
37
37
28
34
27
32
28
39
33
28
25
26
36
33
29
30
35
29
28
38
34
32
29
38
32
24
27
29
23
37
24
32
27
33
31
30
18
28
34
26
39
32
24
36
25
22
25
31
33
29
31
31
34
29
38
35
34
36
21
28
22
18
22
24
22
27
26
27
18
22
29
19
28
31
21
27
13
29
25
25
20
29
23
20
20
25
21
20
26
23
30
18
33
17
33
15
18
26
34
24
30
25
29
31
22
29
12
26
20
18
16
34
23
17
23
19
22
21
19
17
28
22
18
19
24
25
25
19
23
19
23
29
21
21
24
19
26
23
21
21
25
15
19
33
18
29
32
12
20
19
10
20
17
16
23
21
15
15
17
32
16
18
18
14
21
15
16
22
21
23
26
10
25
19
24
20
20
14
20
14
20
16
22
19
22
11
14
11
19
14
29
15
9
13
13
17
20
20
9
21
18
16
14
19
13
18
20
16
16
12
17
11
14
22
16
15
17
10
10
15
19
16
11
13
13
18
14
19
14
9
7
12
22
12
12
15
13
10
19
18
21
11
20
16
24
15
15
11
7
13
11
13
9
14
13
16
8
7
8
18
17
11
17
15
9
10
14
15
13
15
14
18
9
16
12
13
5
10
11
11
22
7
14
14
15
13
12
18
13
10
15
12
7
14
12
7
17
10
10
9
15
10
12
9
11
8
14
9
8
12
14
12
8
16
6
12
13
6
12
11
13
14
11
10
10
9
11
9
8
7
7
4
12
7
10
10
10
17
12
12
11
11
11
7
12
9
14
9
13
8
11
17
15
10
10
7
9
13
6
6
7
8
8
8
13
6
9
10
11
10
12
10
10
9
12
11
6
11
12
5
12
4
4
10
13
11
11
5
13
11
13
8
8
11
9
3
9
13
9
4
9
9
9
10
10
11
8
13
11
7
5
9
12
7
7
6
10
10
10
2
7
11
8
6
7
8
8
8
7
9
8
10
19
7
8
3
8
7
10
7
7
11
6
8
10
10
9
10
6
9
5
13
7
11
10
4
9
9
13
6
10
8
14
11
4
6
6
9
9
8
14
7
6
11
8
6
8
8
6
6
4
6
8
4
3
6
5
11
6
8
8
7
8
6
8
7
10
7
13
4
7
5
4
4
13
3
6
8
5
5
7
6
5
3
5
4
3
11
5
3
7
7
4
4
4
5
5
5
6
9
5
3
3
5
6
5
10
3
9
7
5
7
4
8
6
6
6
5
4
4
6
7
4
6
11
6
10
5
6
2
4
8
7
2
3
4
7
4
5
8
4
2
4
3
1
6
7
2
4
6
4
9
6
7
4
6
3
5
9
6
5
5
6
6
7
8
4
9
2
3
1
5
1
5
1
8
5
3
4
6
6
5
3
5
6
9
3
5
5
5
2
4
2
6
2
2
4
6
2
1
4
4
3
6
3
3
5
4
5
4
5
7
4
5
3
3
3
5
2
2
3
6
2
4
5
5
5
4
5
2
1
4
3
2
3
3
3
4
8
6
3
5
8
6
6
2
4
7
2
5
4
4
3
1
5
2
9
7
4
4
10
1
1
5
1
6
3
4
6
2
4
6
1
2
4
5
3
2
9
10
3
4
2
5
4
4
4
3
4
5
4
8
8
1
3
6
3
1
5
1
5
7
3
11
1
1
4
2
2
3
5
2
1
2
3
4
3
1
2
4
2
4
3
5
2
6
3
4
4
3
2
3
2
2
0
4
2
3
6
2
2
3
5
2
5
4
1
3
3
4
4
5
1
5
8
9
2
5
6
2
3
5
4
3
0
2
2
3
3
4
6
6
6
5
3
4
4
6
5
4
3
3
5
2
2
3
5
4
2
5
3
4
0
2
3
4
1
2
4
4
3
3
2
3
2
0
5
3
3
3
3
2
3
2
2
2
3
2
2
2
3
1
4
0
1
4
4
0
2
4
4
5
5
5
6
5
3
3
5
3
4
3
2
4
1
3
2
3
1
4
2
0
3
3
4
1
3
6
3
2
2
6
1
2
6
4
1
6
2
3
1
5
2
5
3
4
2
5
3
2
2
2
5
4
2
2
1
3
5
1
0
1
5
2
4
2
5
4
4
2
1
2
2
3
1
1
1
5
3
3
2
4
8
2
6
1
3
3
2
2
4
2
5
3
4
6
4
2
1
2
4
0
4
2
3
0
3
3
3
3
4
3
2
1
0
2
2
4
1
5
5
4
2
1
1
3
3
3
4
0
5
3
3
2
2
0
2
1
2
1
4
2
3
4
0
7
4
0
1
0
3
2
3
1
5
3
3
3
3
3
3
1
3
1
2
1
1
4
2
1
2
1
2
3
2
2
3
1
8
3
3
4
1
2
1
9
6
2
7
4
2
3
4
3
6
0
3
4
4
2
1
2
2
3
4
4
4
7
5
2
1
3
1
2
5
6
6
4
1
5
7
3
3
3
2
3
3
2
6
4
2
2
2
4
3
5
4
3
6
3
4
1
2
6
0
1
2
5
4
4
3
3
4
4
2
5
1
3
1
4
3
2
1
5
2
0
1
2
4
3
6
3
2
3
3
3
3
0
3
5
4
2
1
2
4
3
5
2
1
2
0
4
1
4
1
3
1
6
3
2
3
1
2
4
4
2
3
3
3
2
1
6
2
7
2
2
0
1
3
1
2
4
2
0
2
2
4
1
1
2
2
2
4
0
1
1
2
2
0
2
2
1
3
2
2
2
1
2
2
4
1
1
1
2
0
3
3
1
3
0
2
2
1
2
4
5
1
0
3
1
1
2
3
1
2
3
4
4
0
3
2
4
5
1
1
0
1
1
2
2
0
0
5
0
1
3
3
3
2
1
4
1
3
1
3
0
0
1
3
0
2
0
1
1
4
1
2
1
2
2
2
0
0
2
1
0
1
3
1
3
1
0
1
3
0
2
1
4
4
0
1
0
2
0
3
1
2
4
2
4
3
0
1
3
3
1
0
1
1
1
1
1
0
1
3
1
0
2
0
3
5
1
0
3
1
1
0
0
2
1
2
0
1
1
0
3
2
3
1
1
0
2
3
1
0
0
2
0
3
2
0
1
1
3
0
1
3
1
2
1
3
0
1
1
3
1
2
0
1
2
1
1
1
1
1
0
1
3
2
1
3
1
1
6
4
4
1
1
1
2
2
1
1
3
1
2
0
0
4
1
0
0
1
2
1
0
1
0
1
2
2
3
0
3
2
0
0
0
3
1
1
2
0
4
1
1
1
1
1
2
0
1
1
2
1
1
3
2
1
1
4
0
2
1
2
0
1
3
2
0
3
0
0
3
1
1
1
1
3
1
1
3
1
0
1
2
2
2
0
1
1
1
4
2
0
2
0
0
0
5
2
0
2
1
0
3
0
2
1
0
0
1
0
1
1
1
2
0
1
0
1
1
2
0
0
2
1
0
1
2
2
1
2
0
2
1
2
1
1
3
2
1
0
4
0
0
2
0
3
0
1
1
0
0
0
1
3
1
1
1
0
3
2
0
3
1
2
1
0
2
3
0
0
2
1
3
0
0
1
3
2
1
3
3
0
2
3
2
2
2
0
1
0
1
3
1
0
0
2
3
3
2
1
2
0
1
1
0
0
0
0
1
2
2
1
1
3
1
1
1
2
1
2
2
0
1
0
0
2
2
2
1
2
1
0
0
2
2
0
0
1
1
0
0
2
1
1
1
0
1
1
1
1
0
1
0
0
1
1
1
1
0
0
1
1
2
0
0
1
1
0
0
1
3
0
0
1
0
0
2
1
4
1
0
1
1
0
0
4
0
0
3
1
0
0
1
0
2
1
1
1
0
1
0
0
2
1
0
1
0
0
2
0
3
1
0
1
1
1
1
2
2
3
1
0
1
1
0
1
1
0
2
0
0
1
1
2
0
3
0
1
0
2
1
0
3
2
0
1
1
2
2
2
1
3
2
0
0
1
0
3
1
1
3
0
1
0
0
1
3
1
3
2
2
1
0
0
1
2
1
1
3
0
1
0
1
2
2
3
1
2
1
2
2
1
0
1
2
0
0
2
1
2
0
1
2
2
2
2
0
1
0
2
2
0
0
0
0
1
1
0
1
4
0
1
0
1
0
1
0
2
4
0
2
2
0
1
2
4
1
1
0
6
0
4
2
3
1
0
0
0
1
1
2
1
1
1
0
0
1
0
0
1
0
0
1
2
1
2
0
1
0
2
3
0
1
2
2
1
2
0
1
2
2
2
5
1
4
3
1
1
1
1
1
0
4
1
2
1
0
1
0
0
3
1
1
1
1
1
0
1
1
1
1
0
2
1
0
1
0
0
2
0
1
2
0
0
1
4
0
0
1
1
1
0
1
3
2
0
0
1
3
0
1
1
1
3
4
0
4
1
1
1
0
0
1
2
1
0
1
1
3
0
0
5
2
2
0
1
0
1
0
1
1
1
2
1
2
3
0
1
3
1
2
2
0
1
0
0
2
0
1
0
1
1
0
0
1
0
0
1
4
1
3
0
1
0
2
0
0
2
3
0
1
1
2
0
3
0
2
1
1
1
2
0
1
1
1
3
2
2
0
1
0
1
0
0
2
0
2
2
3
1
0
2
1
1
0
1
0
1
0
0
2
3
2
1
0
1
0
0
0
0
1
0
1
1
0
1
0
1
0
2
1
0
1
2
4
0
1
0
1
0
3
1
2
1
0
1
0
1
0
0
1
2
1
0
2
1
0
2
0
3
0
0
2
2
0
0
3
4
0
2
2
1
0
1
1
1
1
0
0
3
1
0
0
6
0
1
1
2
0
0
0
0
1
1
0
0
2
0
1
1
1
1
0
0
0
1
3
0
1
0
2
2
0
0
0
0
1
1
2
1
2
1
0
2
5
0
0
1
1
2
1
2
2
1
1
3
1
0
1
1
0
0
1
3
0
2
0
1
0
0
0
0
2
0
1
2
1
0
1
0
0
1
0
0
0
0
0
0
0
0
4
1
1
2
1
1
1
1
1
1
0
1
0
0
1
0
1
1
0
1
0
2
0
1
0
1
2
0
1
1
3
1
0
0
3
0
0
1
0
0
1
1
0
0
1
1
0
0
0
1
1
1
0
0
0
1
0
1
0
0
0
0
1
0
2
4
1
1
3
1
1
1
1
0
0
0
2
1
0
0
1
2
0
2
0
1
0
1
0
0
1
4
1
1
1
0
0
1
1
0
1
0
0
1
1
0
1
1
0
0
0
0
2
2
1
0
1
3
0
0
1
0
1
1
0
0
0
0
0
1
0
1
1
0
0
1
0
1
0
0
1
0
0
0
0
0
1
0
0
1
0
1
0
0
0
1
0
0
0
1
0
0
3
0
0
1
1
1
0
0
0
1
0
0
0
0
0
2
0
1
0
1
0
1
0
1
1
0
0
0
0
1
1
1
1
1
1
0
0
1
2
0
1
0
0
0
2
2
2
1
0
2
1
0
2
2
0
0
0
0
0
2
2
0
0
0
1
0
0
1
0
2
1
0
1
0
1
0
1
1
0
3
2
0
0
0
2
1
0
0
1
1
0
1
1
0
1
0
2
1
0
1
1
1
1
1
1
2
1
1
0
1
0
0
0
1
0
0
2
1
1
0
1
1
0
1
2
0
0
2
1
0
0
0
2
1
0
1
0
0
0
0
1
0
1
0
0
0
0
0
1
0
1
1
3
1
1
0
1
0
1
1
0
2
0
2
2
0
0
1
2
0
2
2
0
0
0
1
0
3
0
1
1
1
0
3
0
0
0
0
1
0
1
0
1
1
0
1
0
0
2
1
0
0
0
0
0
0
0
0
0
1
0
1
0
0
0
1
1
0
1
0
0
0
0
0
1
3
0
0
1
1
5
1
0
0
0
0
1
1
0
1
2
0
0
2
0
0
2
0
1
1
0
0
0
1
1
0
0
0
0
1
0
0
1
0
1
2
0
1
0
0
1
1
2
0
0
0
1
1
0
1
0
0
0
1
0
0
2
0
0
2
0
0
0
0
0
0
0
1
1
0
1
1
1
1
0
0
0
0
1
2
2
1
1
0
2
0
0
1
0
1
0
1
1
0
0
1
0
1
1
0
0
0
0
0
0
0
0
0
0
0
0
2
1
1
0
0
0
0
1
1
0
0
0
0
0
1
0
0
0
0
0
1
0
0
0
0
0
0
0
0
0
0
1
1
1
0
0
1
0
0
1
0
1
0
1
1
0
1
0
0
0
1
1
0
0
0
0
0
1
0
0
1
0
1
0
1
0
1
0
1
1
1
1
0
0
0
0
0
0
0
0
0
0
1
0
0
0
2
0
0
1
1
1
0
0
0
0
1
0
0
0
1
0
0
0
1
0
0
0
1
1
0
1
0
1
0
1
0
0
1
0
0
0
0
1
0
0
0
0
0
1
1
1
0
0
0
0
0
0
0
0
0
1
0
0
0
0
0
2
1
0
0
0
0
0
0
1
0
0
0
0
1
0
0
0
2
0
0
0
0
0
0
0
0
0
0
1
0
1
1
0
0
0
0
0
0
1
1
0
1
0
0
0
0
0
0
0
0
0
2
1
0
0
0
0
1
0
1
0
0
0
0
0
0
0
1
0
1
2
0
1
1
1
0
0
0
0
0
1
0
0
0
0
1
2
1
0
0
0
2
0
0
0
1
0
0
0
1
2
0
1
0
0
1
1
1
1
1
0
0
1
0
0
0
0
0
0
0
0
0
0
2
0
0
1
0
2
0
0
0
0
0
1
0
0
2
0
0
0
1
1
0
0
1
0
0
0
1
0
0
0
2
0
0
0
0
1
0
1
0
0
0
2
0
1
0
1
0
3
3
0
2
0
0
0
0
0
0
1
1
0
0
0
0
1
0
1
0
0
0
0
0
0
1
0
0
2
2
0
0
0
0
1
0
1
1
1
0
1
0
1
1
1
0
1
1
0
0
0
0
0
0
3
0
0
1
0
0
1
1
1
1
1
1
0
0
2
0
1
2
0
0
3
0
0
0
0
0
1
1
0
0
0
0
0
1
0
0
0
1
1
0
0
0
0
0
0
1
1
2
0
0
0
0
0
2
0
0
1
0
1
0
0
1
0
0
0
1
0
0
2
0
0
1
1
1
2
2
1
2
0
1
0
0
0
2
0
0
1
1
0
1
0
0
0
1
2
2
0
0
0
1
0
1
0
0
0
0
0
1
1
1
1
2
0
0
1
1
0
2
4
0
0
2
0
0
1
2
1
2
0
0
0
0
0
2
0
0
1
0
0
0
1
2
0
0
1
0
0
0
0
0
1
1
1
1
0
0
0
1
0
2
0
0
2
0
1
0
2
1
2
3
1
0
2
1
1
1
0
1
2
0
0
0
0
0
0
1
0
0
0
0
0
1
0
0
3
0
0
0
2
1
4
1
1
0
2
1
1
1
0
0
1
0
0
1
1
0
1
0
2
1
1
0
1
0
0
2
2
0
2
0
0
0
0
0
1
0
0
0
1
1
0
0
3
1
0
0
0
1
0
0
1
4
1
2
1
0
1
0
1
0
0
0
1
0
0
0
1
1
1
0
0
0
1
0
0
0
1
2
0
0
0
1
0
1
0
2
3
0
0
1
1
1
1
0
1
2
0
1
1
1
1
1
1
0
0
0
0
1
0
0
0
1
0
1
1
0
0
0
2
1
0
0
1
0
0
0
0
0
0
0
0
1
0
0
0
0
0
1
0
0
0
0
1
1
1
1
1
1
0
0
0
0
0
0
0
0
0
1
0
0
0
0
0
1
0
0
0
0
0
0
0
0
0
1
0
0
1
0
0
2
0
0
0
1
0
0
0
0
0
0
0
1
0
0
0
0
1
0
1
2
0
0
0
0
1
0
1
0
0
0
0
0
0
0
0
0
0
0
0
1
0
0
0
0
2
1
0
0
0
0
1
0
0
0
0
1
0
0
0
0
0
0
0
0
0
0
0
0
0
0
0
0
0
0
0
0
0
0
1
1
0
1
1
0
0
1
1
0
0
0
