0
0
0
0
0
0
0
0
0
0
0
0
0
0
0
0
0
0
0
0
0
0
0
0
0
0
0
0
0
0
0
0
0
0
0
0
0
0
0
0
0
0
0
0
0
0
0
0
0
0
0
0
0
0
0
0
0
0
0
0
0
0
0
0
0
0
0
0
0
0
0
0
0
0
0
0
0
0
0
0
0
0
0
0
0
0
1
0
0
0
0
0
0
0
0
0
0
0
0
0
0
0
0
0
0
0
0
0
0
0
0
0
0
0
0
0
0
0
0
0
0
0
0
0
0
0
0
0
0
0
1
0
1
1
0
1
0
0
0
0
0
0
0
1
0
0
0
0
0
0
0
0
0
0
0
0
2
0
1
2
3
1
1
1
1
0
1
5
5
3
3
2
3
5
4
6
3
8
15
11
10
7
21
19
17
30
22
21
36
30
38
51
55
56
54
43
59
41
59
47
61
55
61
72
44
66
55
63
55
70
69
54
73
59
68
83
57
68
51
73
61
79
58
62
64
64
62
61
55
61
63
55
52
64
56
65
58
69
71
47
56
62
47
64
64
57
66
70
58
66
55
43
62
66
57
53
68
69
54
39
64
53
42
49
52
70
43
47
61
61
53
61
75
49
63
56
68
60
76
52
70
59
65
61
60
65
56
60
64
67
64
61
65
69
63
79
82
72
55
66
55
69
63
79
75
72
69
66
84
66
58
70
58
64
75
63
87
64
69
66
84
71
75
72
71
60
71
69
70
60
70
79
58
83
71
73
46
74
53
58
76
54
56
63
74
72
60
68
58
53
64
78
70
62
70
65
66
74
64
70
51
52
48
67
60
46
58
56
56
53
56
62
48
47
44
52
50
54
46
52
69
49
52
59
48
56
54
50
51
55
56
52
55
46
54
50
53
39
46
44
53
46
52
54
46
49
53
38
37
66
52
51
41
36
52
50
62
37
41
51
52
65
43
52
38
47
51
48
41
45
43
43
49
47
50
54
49
45
47
45
59
48
47
57
34
48
49
47
49
49
49
51
49
42
39
58
39
52
38
38
52
43
46
53
42
40
35
41
34
41
38
32
40
32
54
40
36
51
33
38
32
47
43
41
32
44
39
34
42
31
30
40
44
46
32
46
40
33
34
29
45
30
42
36
41
37
30
37
36
28
36
34
35
32
27
39
33
29
24
35
45
39
37
42
36
34
42
29
31
36
41
34
39
31
27
24
34
33
32
35
33
27
29
33
35
36
33
38
18
35
35
27
28
35
34
26
29
34
29
44
34
27
35
30
25
34
35
30
25
27
33
21
24
25
23
42
27
32
28
40
28
29
20
27
26
29
18
27
25
25
33
33
33
22
28
19
24
24
17
30
22
27
25
26
24
26
18
21
27
24
30
27
23
27
24
27
24
24
26
31
19
23
18
25
29
24
18
22
16
33
17
21
32
19
23
19
23
22
26
18
19
25
30
28
27
24
18
28
22
19
20
13
24
24
26
20
24
25
23
23
24
14
26
19
24
16
20
19
29
26
33
19
22
27
29
29
24
26
21
20
19
24
22
30
27
28
27
12
20
27
14
20
24
20
30
19
26
19
16
15
25
25
27
17
22
25
31
18
16
24
22
23
11
19
18
17
20
17
30
21
24
21
19
25
24
16
27
12
13
17
11
20
20
16
14
20
26
20
24
22
8
13
11
13
13
17
16
12
12
20
20
17
12
16
19
14
18
13
13
15
13
13
19
16
16
13
17
9
16
13
11
14
15
12
11
27
12
15
12
17
13
19
14
14
17
18
16
11
16
7
15
11
22
11
13
17
14
11
19
17
15
12
17
9
9
15
22
8
15
14
11
13
11
8
8
12
13
16
13
13
14
17
12
22
6
10
10
14
11
15
15
9
11
15
11
13
16
9
8
16
12
13
10
9
17
3
10
14
13
21
12
14
20
11
15
9
6
12
9
12
5
8
14
8
14
9
10
8
9
5
9
13
13
8
6
9
12
16
6
9
13
4
9
11
13
10
17
8
9
15
13
7
11
12
11
10
6
8
7
9
15
11
10
8
13
11
10
11
10
6
8
12
14
10
8
15
9
11
10
11
5
11
10
13
6
7
10
19
6
7
16
12
12
12
10
6
11
11
7
10
9
9
7
10
8
6
10
6
14
6
7
12
12
9
13
10
11
8
11
7
11
8
12
12
9
14
8
7
13
11
6
12
4
10
11
9
4
10
9
10
8
3
3
11
5
5
10
6
13
9
11
9
8
7
3
6
10
7
6
8
10
10
7
6
8
9
5
11
5
5
3
4
8
7
9
6
6
13
10
6
8
11
7
9
2
4
10
4
5
7
4
7
7
7
7
6
7
9
10
8
3
5
9
4
9
6
4
3
2
10
5
6
9
8
2
4
2
5
8
9
5
3
6
7
7
9
6
3
4
8
5
6
5
8
2
8
8
6
6
6
4
3
7
7
6
3
1
8
2
3
4
8
8
5
2
5
5
4
4
3
9
7
2
2
3
8
5
1
6
6
6
6
4
4
9
4
7
3
5
5
5
12
6
5
4
4
5
3
4
10
1
5
2
6
6
4
6
7
5
6
4
4
5
7
3
3
4
2
4
6
2
4
6
4
5
7
4
4
7
6
2
8
5
7
3
3
2
4
2
5
4
4
4
2
2
4
2
6
5
3
4
4
3
2
3
1
2
7
6
2
5
3
9
7
3
2
4
4
3
5
4
3
4
8
5
6
3
6
3
4
2
0
3
3
4
5
4
4
6
3
5
3
5
6
2
4
4
4
5
6
5
6
5
6
3
3
3
5
3
2
5
2
5
3
3
3
2
7
4
5
1
1
3
0
6
3
4
4
7
0
5
3
4
6
0
0
4
2
5
6
6
6
4
0
2
5
4
3
6
2
1
6
2
0
3
3
6
3
5
3
4
4
4
8
2
2
4
7
9
2
3
3
3
3
3
3
2
1
2
2
6
6
5
2
5
5
0
4
2
3
7
12
6
3
2
1
4
4
7
6
3
5
7
3
4
2
5
4
3
2
2
3
3
2
2
7
2
2
3
2
1
4
5
8
2
2
3
2
1
2
0
4
1
4
3
6
2
2
0
5
3
4
1
5
1
2
3
5
5
1
3
3
4
3
2
3
4
2
4
6
5
3
2
2
3
2
3
2
2
3
2
1
5
4
2
3
3
3
3
4
1
6
3
3
9
1
2
3
3
5
2
4
3
4
1
4
1
3
4
3
8
2
2
2
5
6
3
1
4
5
3
2
1
3
1
5
8
2
5
0
4
7
3
5
1
4
2
1
2
1
3
0
3
2
6
2
1
0
1
2
5
4
4
0
2
1
5
2
4
3
3
6
3
2
0
6
3
3
2
2
2
6
3
2
3
3
4
4
5
1
3
4
3
3
5
6
3
2
1
2
0
2
1
1
2
4
5
3
2
3
3
3
2
2
3
1
3
3
1
6
3
4
0
4
2
3
2
1
1
4
4
4
4
5
4
3
0
2
4
5
1
5
2
1
3
2
0
3
2
4
2
2
1
1
7
2
3
3
2
3
5
2
2
4
4
5
3
1
5
4
3
5
2
4
4
3
0
4
0
5
5
3
6
4
1
2
2
2
4
5
4
2
4
2
4
2
5
3
5
3
1
2
2
1
2
3
5
2
6
6
3
0
2
2
1
0
6
4
5
6
7
3
3
0
4
1
3
2
5
2
1
4
2
3
4
2
1
3
2
2
3
4
5
2
3
5
2
2
3
3
3
3
2
5
2
0
3
2
3
1
3
4
1
2
7
0
6
2
2
3
3
4
4
2
7
3
1
2
2
5
1
2
3
2
3
9
3
3
3
4
3
1
2
4
0
3
1
2
1
5
3
2
4
2
4
4
1
4
4
3
3
3
2
1
2
2
2
1
1
1
1
4
2
0
1
1
2
2
1
2
4
4
1
2
1
2
0
2
8
1
3
0
4
2
0
1
3
2
2
1
2
0
2
1
5
3
2
0
0
2
1
1
3
3
0
2
5
1
1
1
1
3
5
0
2
2
2
1
1
1
3
3
1
2
3
4
1
1
1
0
1
3
2
0
0
2
2
3
3
2
2
4
5
0
3
3
0
1
1
0
3
1
3
1
0
2
5
2
1
4
2
3
2
1
1
1
4
2
3
0
2
2
3
3
2
0
0
0
2
1
1
3
1
0
0
1
1
2
1
1
0
0
2
2
1
2
1
2
1
2
2
0
2
1
0
3
1
0
0
0
2
2
2
3
1
1
1
0
1
0
1
1
1
2
3
0
2
2
1
1
5
0
1
3
2
2
3
2
2
2
1
0
0
1
0
0
0
4
2
1
3
3
3
2
1
2
0
1
1
0
4
0
2
2
1
4
1
1
0
3
1
1
1
4
1
0
1
1
1
0
3
0
2
0
0
4
2
1
1
1
0
0
2
0
0
2
1
1
5
0
0
0
1
1
4
0
3
0
4
2
2
1
1
1
0
3
1
2
1
3
1
1
1
2
1
5
3
1
2
2
1
2
1
1
1
3
1
1
2
0
2
1
1
1
3
1
0
0
2
2
3
3
2
0
2
2
2
1
0
5
4
0
1
0
2
1
1
2
3
0
3
0
2
1
1
2
1
1
2
1
1
5
1
2
1
2
1
0
2
4
1
1
0
1
2
2
1
2
1
0
0
1
1
1
1
0
0
4
0
0
0
1
0
1
0
2
1
1
2
1
3
0
1
3
1
1
0
0
0
0
0
0
1
1
1
2
1
1
2
1
1
1
1
1
1
3
3
1
1
2
1
1
3
0
0
0
3
1
3
3
0
3
0
0
4
3
0
2
1
0
2
3
2
2
0
2
2
2
1
1
0
1
0
0
1
4
2
2
0
0
2
1
2
1
1
2
0
2
3
3
0
1
0
1
0
3
2
2
1
0
0
0
1
1
1
0
1
2
1
4
3
1
1
0
1
0
1
3
2
1
0
2
2
0
1
2
2
0
0
1
1
0
2
1
2
1
0
0
3
0
0
1
0
0
3
1
2
1
3
2
2
2
2
1
4
2
1
0
1
2
1
3
3
0
3
2
0
1
0
2
2
0
3
0
0
1
3
2
0
1
2
3
1
0
1
3
1
0
1
0
1
0
2
1
0
0
2
1
3
0
1
0
3
0
2
0
2
1
3
2
1
3
1
1
1
2
3
1
2
3
0
0
3
1
1
1
1
1
0
1
2
1
0
2
0
1
1
0
0
0
1
1
1
1
1
0
1
3
0
3
0
0
2
1
5
0
1
0
1
1
0
1
0
0
1
0
0
0
1
2
0
0
3
2
0
3
1
0
2
0
1
1
1
1
4
0
1
4
0
0
1
3
0
1
2
0
3
1
0
2
1
2
2
1
1
0
1
1
2
1
1
0
5
0
2
2
1
1
2
0
2
2
0
1
1
2
1
2
2
1
1
1
2
1
3
3
1
3
1
0
2
0
0
3
1
1
0
2
1
1
0
1
0
2
0
0
3
2
0
2
0
0
2
1
4
2
3
1
0
4
2
1
0
0
1
2
1
0
1
2
2
1
1
1
0
4
2
1
0
0
0
3
0
0
2
0
3
1
1
0
2
0
0
1
3
1
0
0
0
2
1
2
0
1
2
1
0
5
3
2
3
0
1
0
2
0
0
3
1
1
1
0
1
0
2
0
1
2
1
0
2
0
1
1
0
1
1
1
0
1
0
1
1
0
0
0
0
0
1
1
0
2
1
1
1
0
1
3
2
1
1
0
1
1
0
0
1
0
0
0
2
3
1
1
1
0
2
1
0
2
0
1
0
2
2
0
0
1
0
1
0
2
2
1
1
2
2
0
1
0
2
2
1
0
2
3
1
1
2
0
4
1
1
1
0
4
1
1
2
0
0
1
3
0
2
0
1
2
2
1
1
1
2
0
0
0
1
0
2
0
2
2
0
1
0
1
1
0
1
1
0
1
2
4
0
1
0
1
1
0
1
3
1
0
0
1
2
0
3
3
0
0
0
2
0
0
4
0
1
1
1
0
0
1
0
1
1
1
2
1
0
0
0
1
2
1
2
0
0
2
0
1
2
3
1
0
0
0
1
1
1
0
0
2
0
0
0
1
0
0
0
1
0
2
2
0
0
1
0
0
1
0
0
1
1
1
0
1
0
0
1
0
2
0
1
0
0
0
0
0
2
0
0
1
0
1
3
1
1
1
0
0
0
2
0
0
0
1
0
0
3
0
0
0
1
0
0
1
0
0
0
0
0
3
1
0
0
1
0
1
1
0
1
1
1
2
1
1
0
1
2
0
0
1
1
1
1
0
1
0
2
0
0
0
0
1
0
1
0
1
2
0
0
0
0
1
1
2
0
3
3
0
0
0
1
0
0
2
1
0
0
0
0
2
0
1
1
2
3
0
3
1
1
0
0
0
0
2
3
2
0
2
0
0
1
0
1
0
0
1
2
0
2
1
1
0
0
2
0
0
1
0
0
2
0
0
2
0
0
0
0
2
1
2
0
2
1
0
1
1
1
1
0
0
0
0
0
1
2
0
3
0
0
0
1
2
0
0
0
1
0
1
0
0
2
2
0
0
1
1
1
1
2
0
0
1
0
1
0
0
0
2
0
0
3
1
0
0
2
1
2
1
0
1
1
0
1
2
0
1
1
1
2
0
1
2
2
0
1
0
0
1
1
2
0
0
0
1
1
1
1
2
0
4
1
0
2
0
0
1
1
0
0
1
3
1
0
1
0
0
1
0
0
0
1
1
0
0
1
2
0
0
0
1
0
0
1
1
0
0
0
0
0
1
3
0
0
0
1
1
0
1
0
2
1
0
0
0
0
2
0
1
1
1
0
1
1
1
0
1
0
0
0
0
0
0
0
2
1
1
1
3
0
0
0
1
0
0
0
3
0
0
2
1
0
1
0
0
0
0
3
2
0
0
1
1
0
1
1
1
2
0
1
3
0
0
3
1
2
0
1
0
0
0
1
1
1
3
4
2
0
0
1
1
0
0
0
1
1
0
1
1
0
1
0
0
0
0
1
1
2
0
1
1
0
0
2
1
0
1
0
0
1
0
1
0
1
0
0
0
1
0
1
0
0
1
1
0
0
0
0
0
4
0
0
0
2
0
0
1
3
1
0
0
0
0
0
0
0
0
0
0
0
0
2
0
0
1
1
2
0
2
2
0
0
0
0
1
0
0
0
1
1
1
0
1
0
1
0
1
1
1
1
0
0
0
0
0
0
0
2
0
0
0
0
0
0
1
0
1
1
1
0
0
1
0
2
1
0
0
0
0
1
1
3
0
2
1
0
1
0
1
0
1
0
1
0
0
1
1
1
0
1
0
0
0
0
0
0
0
0
1
0
1
1
2
2
0
0
1
0
0
3
0
0
0
1
0
1
0
1
1
1
0
0
2
1
1
0
0
0
1
1
2
0
1
1
0
0
0
1
1
0
3
1
1
0
3
1
0
1
0
0
0
0
2
1
1
0
1
1
1
0
2
1
0
0
2
2
2
0
0
0
1
0
0
1
1
0
0
1
1
0
2
1
0
2
0
0
1
1
1
2
0
0
0
1
0
0
0
0
0
1
0
0
1
0
0
1
1
0
0
1
0
0
0
0
2
0
0
0
2
1
0
0
1
0
0
1
0
1
1
0
1
0
0
0
0
0
2
1
1
0
0
0
0
0
0
0
0
1
0
1
1
0
0
0
0
0
0
1
0
0
0
0
0
0
1
1
0
0
0
0
1
0
0
2
0
0
0
0
0
1
0
0
0
0
0
1
1
0
0
0
1
0
1
0
0
0
0
1
0
0
1
0
1
1
0
0
0
0
0
1
0
0
0
0
0
1
0
0
0
1
1
0
0
0
1
0
1
1
0
0
1
0
0
0
2
0
0
1
0
0
0
2
0
1
0
1
2
0
0
0
0
0
0
0
2
1
0
0
1
0
0
0
0
0
0
0
0
0
0
1
1
0
0
0
1
0
1
1
1
0
2
1
0
0
1
0
0
1
0
0
0
0
0
0
1
0
2
1
0
1
0
0
1
1
0
1
1
0
0
1
2
0
0
0
0
0
1
0
0
0
0
0
0
0
1
0
2
0
1
0
1
2
0
0
0
0
1
1
1
0
0
0
1
2
1
2
1
1
4
0
3
1
0
0
0
1
0
0
0
0
0
2
0
0
2
0
1
0
0
1
1
0
0
1
0
0
0
1
0
0
0
0
0
0
0
0
0
0
0
0
1
0
0
0
0
0
0
0
0
0
1
1
1
2
0
0
0
0
0
1
2
0
0
1
0
1
0
1
1
1
1
2
0
2
0
0
1
0
1
0
1
0
1
0
3
0
0
1
1
0
0
0
0
1
1
1
0
1
2
0
0
1
2
1
2
1
2
1
2
0
2
1
0
0
1
1
2
3
0
0
0
0
0
1
0
0
2
0
0
0
0
1
1
0
2
1
0
2
1
1
2
1
1
0
0
1
1
0
2
0
1
1
0
2
0
2
0
1
1
3
0
0
0
1
2
0
1
1
2
0
1
1
1
0
1
2
0
1
1
2
2
2
2
0
1
0
1
0
0
0
0
0
0
0
0
2
2
0
0
0
1
1
0
0
1
0
0
0
0
1
0
1
2
0
1
0
2
1
0
2
2
1
0
0
3
0
0
0
1
3
0
0
3
0
0
1
1
0
0
1
2
0
1
2
1
0
0
0
0
0
1
2
0
0
0
0
1
0
0
0
1
0
1
1
0
0
1
0
0
0
2
0
0
1
0
0
0
1
1
0
3
1
0
0
1
0
0
0
0
3
1
0
1
0
4
0
0
0
0
0
1
1
2
1
0
0
0
0
1
0
0
0
0
0
0
1
0
0
0
1
0
0
0
1
1
0
0
0
1
0
0
2
0
0
1
1
0
0
1
0
1
1
0
0
0
0
0
0
0
0
0
0
0
0
0
0
1
3
1
1
0
0
0
0
1
0
0
2
0
0
0
0
0
1
0
0
0
0
1
0
2
0
2
0
0
0
0
0
0
0
0
0
1
0
0
0
0
0
0
0
0
0
1
2
0
0
0
0
0
1
0
0
0
0
0
0
1
0
0
0
1
1
0
1
0
1
0
2
0
0
0
0
2
0
0
0
1
1
0
0
0
1
0
0
0
1
0
1
1
0
2
1
1
0
0
0
1
0
1
1
0
0
0
0
1
0
0
0
0
1
1
1
0
0
0
0
0
0
0
0
0
0
0
